2023-10-20,01,14.363,14.304,14.417,14.370,14.326,14.442,14.422,14.360,14.450,14.434,14.370,14.440,13.478,13.389,13.541,14.392,93.325,0.000,0.000,377.895,384.312,-2.556,0.000,0.000,374.687,0.000,6661.433,0.000,-999.000,-999.000,98.637,0.200,0.200,4.445,7.470,86.100,3.399,6.880,86.486,0.360,13.331,13.301,13.358,12.974,12.949,13.002,12.801,12.771,12.837,-999.000,-999.000,-999.000,15.074,14.207,13.256,13.216,13.285,-999.000,-999.000,-999.000,-999.000,-999.000,-999.000,13.480,13.435,13.521,0.807,0.318,0.544,1.740,0.688,0.689,0.688,0.748,0.684,0.685,0.688,0.746,0.550,,,,,,,,
2023-10-20,02,14.033,13.764,14.321,14.036,13.789,14.332,14.048,13.740,14.340,14.048,13.750,14.360,13.095,12.849,13.416,13.990,93.512,0.000,0.000,366.220,382.062,-12.700,0.000,0.000,362.662,0.000,6941.700,0.000,-999.000,-999.000,98.546,0.200,0.200,5.643,9.140,85.077,4.192,7.380,85.357,0.360,13.320,13.297,13.339,12.986,12.963,13.013,12.843,12.817,12.875,-999.000,-999.000,-999.000,15.071,14.203,13.235,13.159,13.282,-999.000,-999.000,-999.000,-999.000,-999.000,-999.000,13.484,13.426,13.540,0.794,0.244,0.533,1.477,0.688,0.689,0.688,0.748,0.684,0.685,0.688,0.746,0.550,,,,,,,,
2023-10-20,03,13.486,13.137,13.757,13.490,13.149,13.753,13.480,13.110,13.740,13.459,13.110,13.710,12.628,12.400,12.847,13.387,94.218,0.000,0.000,368.130,379.628,-7.819,0.000,0.000,364.832,0.000,6924.717,0.000,-999.000,-999.000,98.446,0.200,0.200,5.677,8.850,72.460,4.290,7.910,72.881,0.359,13.311,13.288,13.333,13.020,12.984,13.049,12.873,12.839,12.904,-999.000,-999.000,-999.000,15.084,14.219,13.076,13.006,13.169,-999.000,-999.000,-999.000,-999.000,-999.000,-999.000,13.498,13.448,13.561,0.682,0.180,0.395,-0.012,0.688,0.689,0.688,0.748,0.684,0.685,0.688,0.746,0.550,,,,,,,,
2023-10-20,04,12.662,12.231,13.163,12.652,12.246,13.136,12.598,12.150,13.100,12.591,12.140,13.100,11.968,11.593,12.390,12.503,95.132,0.000,0.000,374.210,376.368,1.657,0.000,0.000,370.435,0.000,6731.933,0.000,-999.000,-999.000,98.347,0.200,0.200,6.350,10.330,72.777,4.845,8.290,73.744,0.357,13.299,13.271,13.336,13.031,13.006,13.057,12.912,12.887,12.945,-999.000,-999.000,-999.000,15.069,14.216,12.906,12.770,13.009,-999.000,-999.000,-999.000,-999.000,-999.000,-999.000,13.506,13.445,13.555,0.313,0.070,0.036,-1.522,0.688,0.689,0.688,0.748,0.684,0.685,0.688,0.746,0.550,,,,,,,,
2023-10-20,05,11.948,11.749,12.250,11.941,11.726,12.233,11.895,11.730,12.130,11.886,11.720,12.140,11.356,11.173,11.557,11.825,95.668,0.000,0.000,370.938,373.273,1.453,0.000,0.000,367.007,0.000,7088.633,0.000,-999.000,-999.000,98.251,0.200,0.200,6.416,10.110,73.657,4.933,9.200,74.877,0.356,13.253,13.200,13.298,13.039,13.010,13.073,12.921,12.894,12.955,-999.000,-999.000,-999.000,15.068,14.203,12.631,12.462,12.780,-999.000,-999.000,-999.000,-999.000,-999.000,-999.000,13.500,13.442,13.589,-0.225,-0.116,-0.440,-3.710,0.688,0.689,0.688,0.748,0.684,0.685,0.688,0.746,0.550,,,,,,,,
2023-10-20,06,11.517,11.245,11.750,11.526,11.277,11.739,11.502,11.300,11.700,11.495,11.270,11.710,10.966,10.739,11.196,11.444,95.302,0.000,0.000,368.730,371.108,1.191,0.000,0.000,364.418,0.000,7262.550,0.000,-999.000,-999.000,98.146,0.200,0.200,6.833,10.750,67.656,5.266,8.810,69.155,0.355,13.213,13.174,13.251,13.053,13.014,13.100,12.955,12.932,12.984,-999.000,-999.000,-999.000,15.071,14.215,12.336,12.184,12.472,-999.000,-999.000,-999.000,-999.000,-999.000,-999.000,13.504,13.444,13.550,-0.974,-0.410,-1.099,-5.625,0.688,0.689,0.688,0.748,0.684,0.685,0.688,0.746,0.549,,,,,,,,
2023-10-20,07,11.081,10.831,11.302,11.069,10.817,11.303,11.061,10.820,11.300,11.049,10.800,11.280,10.535,10.302,10.753,10.986,95.762,1.401,0.000,366.372,368.933,2.741,2.539,0.000,362.065,0.000,7296.383,0.320,-999.000,-999.000,98.126,0.200,0.200,6.537,11.350,71.843,5.126,9.280,73.492,0.354,13.142,13.094,13.192,13.064,13.034,13.087,12.984,12.961,13.015,-999.000,-999.000,-999.000,15.060,14.211,12.078,11.912,12.207,-999.000,-999.000,-999.000,-999.000,-999.000,-999.000,13.513,13.441,13.594,-1.835,-0.798,-1.852,-7.127,0.688,0.689,0.688,0.747,0.684,0.685,0.688,0.746,0.550,,,,,,,,
2023-10-20,08,10.593,10.346,10.848,10.600,10.375,10.834,10.569,10.350,10.800,10.563,10.340,10.780,10.109,9.918,10.319,10.504,96.082,12.703,0.028,363.923,367.030,10.877,13.893,0.000,360.742,0.000,7032.817,0.840,-999.000,-999.000,98.098,0.200,0.200,6.314,10.720,70.978,4.892,8.590,70.942,0.353,13.070,13.013,13.121,13.067,13.036,13.096,13.006,12.980,13.030,-999.000,-999.000,-999.000,15.056,14.210,11.810,11.706,11.916,-999.000,-999.000,-999.000,-999.000,-999.000,-999.000,13.523,13.476,13.583,-2.720,-1.257,-2.614,-8.106,0.688,0.689,0.688,0.747,0.684,0.685,0.688,0.746,0.550,,,,,,,,
2023-10-20,09,10.209,10.040,10.380,10.215,10.039,10.385,10.224,10.090,10.390,10.206,10.070,10.390,9.829,9.678,9.958,10.164,95.222,30.268,3.345,361.958,365.725,23.183,31.344,0.000,357.872,0.000,7881.550,0.870,-999.000,-999.000,98.071,0.200,0.200,6.827,11.840,72.248,5.332,9.680,71.888,0.353,12.968,12.915,13.033,13.053,13.022,13.078,12.995,12.965,13.032,-999.000,-999.000,-999.000,15.058,14.207,11.616,11.519,11.720,-999.000,-999.000,-999.000,-999.000,-999.000,-999.000,13.509,13.445,13.571,-3.564,-1.784,-3.297,-8.644,0.688,0.689,0.688,0.747,0.684,0.684,0.688,0.746,0.550,,,,,,,,
2023-10-20,10,9.827,9.648,10.060,9.828,9.680,10.063,9.830,9.680,10.120,9.818,9.690,10.100,9.411,9.256,9.684,9.766,95.407,45.721,6.698,360.662,364.008,35.676,46.909,0.000,358.088,0.000,7670.500,3.160,-999.000,-999.000,98.038,0.200,0.200,7.029,11.700,76.500,5.508,9.000,76.818,0.352,12.904,12.857,12.949,13.044,13.024,13.071,13.035,12.996,13.068,-999.000,-999.000,-999.000,15.057,14.217,11.407,11.305,11.532,-999.000,-999.000,-999.000,-999.000,-999.000,-999.000,13.526,13.384,13.624,-4.324,-2.337,-3.833,-9.017,0.688,0.689,0.688,0.747,0.684,0.685,0.688,0.746,0.551,,,,,,,,
2023-10-20,11,9.870,9.651,10.067,9.876,9.644,10.099,9.895,9.670,10.130,9.883,9.650,10.130,9.620,9.269,9.820,9.833,95.460,86.524,17.536,360.990,365.790,64.188,87.414,0.000,358.087,0.000,7928.017,1.280,-999.000,-999.000,97.995,0.200,0.200,6.829,10.690,81.240,5.308,9.900,82.118,0.351,12.818,12.764,12.885,13.044,13.006,13.084,13.050,13.027,13.081,-999.000,-999.000,-999.000,15.046,14.211,11.368,11.299,11.456,-999.000,-999.000,-999.000,-999.000,-999.000,-999.000,13.547,13.500,13.621,-5.126,-2.836,-4.313,-8.097,0.688,0.689,0.688,0.747,0.684,0.685,0.688,0.746,0.552,,,,,,,,
2023-10-20,12,10.193,10.024,10.324,10.194,10.030,10.306,10.242,10.070,10.400,10.236,10.070,10.380,10.089,9.714,10.407,10.187,95.008,136.830,29.810,362.472,368.677,100.815,137.808,0.000,359.497,0.000,7831.683,0.360,-999.000,-999.000,97.893,0.200,0.200,7.582,12.850,89.617,6.064,11.420,90.249,0.350,12.727,12.689,12.787,13.001,12.968,13.025,13.042,13.018,13.069,-999.000,-999.000,-999.000,15.049,14.205,11.608,11.463,11.826,-999.000,-999.000,-999.000,-999.000,-999.000,-999.000,13.531,13.455,13.605,-5.309,-3.280,-4.347,-4.934,0.688,0.689,0.688,0.747,0.684,0.684,0.688,0.746,0.552,,,,,,,,
2023-10-20,13,10.224,10.125,10.340,10.225,10.124,10.362,10.240,10.150,10.400,10.232,10.140,10.380,10.027,9.868,10.304,10.182,94.763,80.761,15.859,362.367,367.322,59.947,81.390,0.000,358.900,0.000,7785.750,0.080,-999.000,-999.000,97.817,0.200,0.200,7.122,11.890,90.705,5.799,10.280,90.155,0.350,12.698,12.676,12.719,12.984,12.952,13.018,13.047,13.024,13.064,-999.000,-999.000,-999.000,15.038,14.192,11.831,11.763,11.878,-999.000,-999.000,-999.000,-999.000,-999.000,-999.000,13.549,13.475,13.640,-4.788,-3.571,-3.855,-2.421,0.688,0.689,0.688,0.747,0.683,0.684,0.688,0.745,0.551,,,,,,,,
2023-10-20,14,10.140,10.057,10.242,10.139,10.072,10.215,10.138,10.070,10.250,10.126,10.040,10.220,9.746,9.622,9.939,10.065,96.087,44.296,5.962,363.072,365.762,35.644,44.914,0.000,360.393,0.000,7598.117,3.270,-999.000,-999.000,97.800,0.200,0.200,6.653,11.280,94.689,5.157,9.700,94.807,0.350,12.679,12.653,12.716,12.960,12.923,12.995,13.048,13.015,13.075,-999.000,-999.000,-999.000,15.046,14.214,11.647,11.519,11.773,-999.000,-999.000,-999.000,-999.000,-999.000,-999.000,13.532,13.465,13.594,-4.280,-3.673,-3.383,-4.382,0.688,0.689,0.688,0.747,0.683,0.684,0.688,0.745,0.552,,,,,,,,
2023-10-20,15,10.426,10.216,10.635,10.431,10.218,10.634,10.451,10.260,10.640,10.444,10.220,10.640,10.110,9.816,10.344,10.400,96.375,25.265,2.094,364.063,367.337,19.916,25.165,0.000,365.068,0.000,7811.617,2.310,-999.000,-999.000,97.868,0.200,0.200,3.839,9.140,125.793,2.848,6.390,126.204,0.349,12.644,12.620,12.680,12.939,12.916,12.956,13.049,13.028,13.069,-999.000,-999.000,-999.000,15.042,14.213,11.502,11.476,11.529,-999.000,-999.000,-999.000,-999.000,-999.000,-999.000,13.539,13.462,13.581,-4.550,-3.737,-3.542,-5.704,0.688,0.689,0.688,0.747,0.684,0.684,0.688,0.745,0.552,,,,,,,,
2023-10-20,16,10.755,10.625,10.918,10.750,10.627,10.941,10.753,10.620,10.970,10.753,10.590,10.960,10.309,10.183,10.452,10.725,96.427,7.209,0.000,366.425,368.610,7.402,7.746,0.000,366.650,0.000,7909.417,0.450,-999.000,-999.000,97.883,0.200,0.200,2.932,5.330,127.971,2.309,4.720,127.484,0.349,12.629,12.609,12.646,12.928,12.905,12.948,13.055,13.034,13.071,-999.000,-999.000,-999.000,15.019,14.192,11.512,11.477,11.549,-999.000,-999.000,-999.000,-999.000,-999.000,-999.000,13.566,13.521,13.604,-4.744,-3.829,-3.829,-5.317,0.688,0.689,0.688,0.747,0.683,0.684,0.688,0.745,0.552,,,,,,,,
2023-10-20,17,11.285,10.944,11.687,11.283,10.944,11.726,11.317,11.000,11.760,11.315,10.980,11.750,10.779,10.428,11.091,11.257,97.268,0.491,0.000,370.302,370.865,3.259,0.923,0.000,368.817,0.000,7787.317,1.280,-999.000,-999.000,97.912,0.200,0.200,3.568,6.880,133.536,2.570,5.770,135.753,0.348,12.609,12.574,12.632,12.912,12.879,12.945,13.054,13.017,13.087,-999.000,-999.000,-999.000,15.028,14.214,11.507,11.467,11.555,-999.000,-999.000,-999.000,-999.000,-999.000,-999.000,13.568,13.518,13.614,-4.669,-3.818,-3.821,-4.941,0.688,0.689,0.688,0.747,0.683,0.684,0.688,0.745,0.552,,,,,,,,
2023-10-20,18,12.263,11.598,13.377,12.243,11.557,13.356,12.303,11.660,13.400,12.293,11.660,13.410,11.638,11.100,12.391,12.239,98.128,0.016,0.000,372.165,375.162,0.718,0.000,0.000,375.425,0.000,7534.300,0.400,-999.000,-999.000,97.965,0.200,0.200,3.532,5.400,144.698,2.514,4.760,143.392,0.348,12.594,12.567,12.624,12.896,12.859,12.935,13.060,13.041,13.094,-999.000,-999.000,-999.000,15.022,14.202,11.597,11.545,11.684,-999.000,-999.000,-999.000,-999.000,-999.000,-999.000,13.579,13.534,13.618,-4.544,-3.719,-3.748,-3.952,0.687,0.689,0.688,0.747,0.683,0.684,0.688,0.745,0.552,,,,,,,,
2023-10-20,19,13.514,13.357,13.725,13.523,13.306,13.734,13.482,13.390,13.610,13.523,13.390,13.680,12.509,12.351,12.721,13.569,96.115,0.000,0.000,362.747,379.810,-13.154,0.000,0.000,370.650,0.000,7597.783,0.060,-999.000,-999.000,98.013,0.200,0.200,4.683,7.440,173.157,3.357,6.690,171.364,0.348,12.575,12.533,12.610,12.879,12.852,12.910,13.045,13.010,13.069,-999.000,-999.000,-999.000,15.008,14.194,11.835,11.687,11.974,-999.000,-999.000,-999.000,-999.000,-999.000,-999.000,13.571,13.527,13.613,-4.182,-3.572,-3.551,-2.087,0.687,0.689,0.687,0.747,0.683,0.684,0.688,0.745,0.552,,,,,,,,
2023-10-20,20,13.459,13.308,13.606,13.446,13.315,13.591,13.415,13.340,13.510,13.491,13.380,13.630,12.266,11.899,12.556,13.495,94.825,0.000,0.000,347.148,378.300,-27.272,0.000,0.000,343.338,0.000,7685.700,0.030,-999.000,-999.000,98.077,0.200,0.200,5.444,8.150,172.737,3.839,6.370,170.162,0.348,12.600,12.570,12.626,12.867,12.846,12.892,13.045,13.027,13.064,-999.000,-999.000,-999.000,15.003,14.200,12.018,11.974,12.050,-999.000,-999.000,-999.000,-999.000,-999.000,-999.000,13.587,13.534,13.633,-3.534,-3.371,-3.160,-0.747,0.687,0.689,0.688,0.747,0.683,0.684,0.688,0.745,0.552,,,,,,,,
2023-10-20,21,13.262,12.955,13.434,13.271,12.990,13.433,13.288,13.060,13.420,13.314,13.060,13.450,11.930,11.504,12.190,13.308,93.868,0.000,0.000,340.142,376.700,-32.658,0.000,0.000,336.927,0.000,7525.817,0.000,-999.000,-999.000,98.166,0.200,0.200,5.707,8.440,174.727,4.107,6.890,172.632,0.348,12.617,12.584,12.650,12.851,12.819,12.872,13.041,13.015,13.071,-999.000,-999.000,-999.000,15.006,14.200,12.008,11.946,12.044,-999.000,-999.000,-999.000,-999.000,-999.000,-999.000,13.579,13.527,13.623,-2.924,-3.126,-2.806,-1.296,0.688,0.689,0.688,0.747,0.683,0.684,0.688,0.745,0.551,,,,,,,,
2023-10-20,22,12.882,12.675,13.183,12.881,12.657,13.175,12.941,12.760,13.190,12.944,12.750,13.200,11.447,11.073,11.913,12.926,93.867,0.000,0.000,323.687,373.877,-46.018,0.000,0.000,320.730,0.000,7719.367,0.000,-999.000,-999.000,98.231,0.200,0.200,5.547,8.280,175.351,3.890,6.670,172.916,0.348,12.638,12.618,12.658,12.850,12.821,12.887,13.037,13.010,13.069,-999.000,-999.000,-999.000,14.994,14.191,11.856,11.749,11.969,-999.000,-999.000,-999.000,-999.000,-999.000,-999.000,13.585,13.529,13.638,-2.681,-2.883,-2.713,-2.544,0.687,0.689,0.688,0.747,0.683,0.684,0.688,0.745,0.551,,,,,,,,
2023-10-20,23,12.348,12.045,12.619,12.348,12.027,12.601,12.419,12.100,12.690,12.417,12.070,12.700,10.932,10.514,11.242,12.407,94.662,0.000,0.000,311.697,369.892,-54.187,0.000,0.000,309.368,0.000,7662.333,0.000,-999.000,-999.000,98.281,0.200,0.200,4.702,6.710,175.336,3.120,5.830,173.482,0.347,12.634,12.599,12.652,12.845,12.823,12.878,13.034,13.010,13.060,-999.000,-999.000,-999.000,15.000,14.197,11.589,11.421,11.763,-999.000,-999.000,-999.000,-999.000,-999.000,-999.000,13.573,13.510,13.621,-2.828,-2.681,-2.944,-4.638,0.687,0.689,0.688,0.747,0.683,0.684,0.688,0.745,0.551,,,,,,,,
2023-10-20,24,12.084,11.468,12.456,12.078,11.431,12.461,12.147,11.540,12.490,12.151,11.550,12.510,10.394,9.559,10.957,12.141,94.580,0.000,0.000,312.408,367.778,-50.406,0.000,0.000,310.460,0.000,7849.883,0.000,-999.000,-999.000,98.324,0.200,0.200,4.092,6.600,176.882,2.642,5.330,174.593,0.347,12.621,12.591,12.649,12.858,12.822,12.882,13.037,13.014,13.060,-999.000,-999.000,-999.000,14.998,14.201,11.308,11.191,11.431,-999.000,-999.000,-999.000,-999.000,-999.000,-999.000,13.593,13.539,13.646,-3.348,-2.547,-3.477,-6.483,0.688,0.689,0.688,0.747,0.683,0.684,0.688,0.745,0.551,,,,,,,,
