2023-07-04,01,13.137,12.918,13.405,13.155,12.944,13.403,13.179,12.980,13.440,13.171,12.960,13.450,12.384,12.203,12.634,13.089,89.498,0.000,0.000,380.797,377.477,7.655,0.064,0.000,358.835,0.000,7971.433,0.840,-999.000,-999.000,100.987,0.200,0.200,4.359,9.080,223.548,3.274,6.860,223.533,0.892,16.825,16.764,16.898,17.489,17.449,17.531,17.685,17.648,17.709,-999.000,-999.000,-999.000,14.264,12.124,15.418,15.225,15.621,-999.000,-999.000,-999.000,-999.000,-999.000,-999.000,19.542,19.517,19.565,-4.117,-4.023,-6.463,-32.892,0.224,0.322,0.303,0.544,0.234,0.335,0.398,0.622,0.422,,,,,,,,
2023-07-04,02,13.055,12.717,13.226,13.062,12.699,13.251,13.124,12.800,13.290,13.121,12.760,13.290,12.106,11.327,12.386,13.044,91.202,0.000,0.000,360.903,375.960,-11.516,0.000,0.000,351.688,0.000,7918.500,1.110,-999.000,-999.000,101.001,0.200,0.200,4.443,11.800,232.801,3.378,10.110,231.784,0.892,16.686,16.603,16.795,17.397,17.340,17.452,17.659,17.627,17.682,-999.000,-999.000,-999.000,14.263,12.124,14.990,14.763,15.218,-999.000,-999.000,-999.000,-999.000,-999.000,-999.000,19.530,19.511,19.552,-4.277,-4.428,-7.124,-33.856,0.230,0.337,0.323,0.564,0.238,0.340,0.409,0.636,0.459,,,,,,,,
2023-07-04,03,12.583,12.173,12.896,12.597,12.175,12.922,12.663,12.260,12.920,12.651,12.240,12.960,11.171,10.701,11.605,12.602,90.880,0.000,0.000,324.128,369.868,-41.172,0.000,0.000,312.223,0.000,7999.000,0.000,-999.000,-999.000,100.989,0.200,0.200,3.435,5.480,213.423,2.238,4.700,210.100,0.892,16.574,16.528,16.634,17.328,17.287,17.363,17.624,17.602,17.651,-999.000,-999.000,-999.000,14.262,12.118,14.377,14.032,14.743,-999.000,-999.000,-999.000,-999.000,-999.000,-999.000,19.540,19.516,19.563,-4.228,-4.349,-7.034,-36.275,0.227,0.329,0.313,0.561,0.235,0.336,0.405,0.633,0.462,,,,,,,,
2023-07-04,04,12.216,11.929,12.468,12.221,11.937,12.483,12.311,12.070,12.510,12.291,12.000,12.530,10.974,10.672,11.319,12.225,91.800,5.490,0.000,330.632,369.432,-28.774,5.783,0.465,325.262,0.000,7997.317,0.000,-999.000,-999.000,100.999,0.200,0.200,2.803,4.220,216.696,1.752,3.190,213.910,0.892,16.459,16.393,16.534,17.253,17.209,17.299,17.592,17.564,17.621,-999.000,-999.000,-999.000,14.274,12.120,13.891,13.788,14.029,-999.000,-999.000,-999.000,-999.000,-999.000,-999.000,19.532,19.510,19.551,-4.209,-4.558,-7.407,-35.930,0.225,0.320,0.310,0.559,0.233,0.333,0.399,0.630,0.459,,,,,,,,
2023-07-04,05,12.833,12.359,13.523,12.842,12.374,13.542,12.903,12.410,13.550,12.887,12.410,13.570,12.029,11.223,13.089,12.826,93.242,46.628,4.829,325.852,375.125,-7.311,45.367,3.870,321.202,0.000,7997.317,0.000,-999.000,-999.000,101.022,0.200,0.200,2.671,4.290,209.901,1.706,3.360,208.480,0.892,16.344,16.271,16.417,17.169,17.102,17.223,17.557,17.506,17.581,-999.000,-999.000,-999.000,14.272,12.122,13.890,13.794,14.124,-999.000,-999.000,-999.000,-999.000,-999.000,-999.000,19.518,19.481,19.546,-4.245,-4.746,-7.668,-29.554,0.224,0.314,0.309,0.557,0.232,0.331,0.396,0.629,0.457,,,,,,,,
2023-07-04,06,14.230,13.560,14.877,14.236,13.582,14.869,14.291,13.560,14.900,14.300,13.590,14.880,14.037,13.115,15.926,14.238,89.063,134.037,25.033,323.505,385.958,46.551,109.472,60.887,318.563,1.556,7984.467,0.000,-999.000,-999.000,101.057,0.200,0.200,3.707,6.450,216.113,2.747,5.470,215.391,0.892,16.308,16.285,16.343,17.092,17.028,17.138,17.504,17.471,17.528,-999.000,-999.000,-999.000,14.269,12.129,14.562,14.127,14.999,-999.000,-999.000,-999.000,-999.000,-999.000,-999.000,19.502,19.474,19.533,-4.077,-4.682,-7.353,-16.746,0.223,0.311,0.309,0.556,0.232,0.330,0.394,0.628,0.455,,,,,,,,
2023-07-04,07,15.530,14.969,16.637,15.526,14.975,16.649,15.597,14.970,16.650,15.585,14.960,16.650,16.699,15.742,19.584,15.519,83.785,318.404,72.562,334.657,399.498,181.001,194.394,245.383,328.628,6.778,7970.267,0.000,-999.000,-999.000,101.117,0.200,0.200,5.151,8.640,223.350,3.988,7.710,223.879,0.892,16.416,16.322,16.542,17.023,16.988,17.061,17.467,17.435,17.497,-999.000,-999.000,-999.000,14.274,12.128,15.994,15.032,16.801,-999.000,-999.000,-999.000,-999.000,-999.000,-999.000,19.494,19.458,19.531,-3.516,-4.119,-6.110,3.386,0.222,0.310,0.307,0.557,0.231,0.328,0.392,0.627,0.455,,,,,,,,
2023-07-04,08,16.175,15.897,16.747,16.179,15.912,16.695,16.222,15.910,16.580,16.212,15.880,16.580,16.703,15.155,19.561,16.151,76.665,200.424,41.992,373.072,399.070,132.434,185.539,17.239,369.263,0.417,7985.750,0.000,-999.000,-999.000,101.137,0.200,0.200,6.191,9.560,228.394,4.723,8.180,227.921,0.892,16.679,16.531,16.843,16.976,16.948,16.998,17.425,17.396,17.462,-999.000,-999.000,-999.000,14.277,12.133,17.329,16.867,17.467,-999.000,-999.000,-999.000,-999.000,-999.000,-999.000,19.485,19.443,19.533,-2.567,-3.123,-3.861,12.390,0.221,0.308,0.303,0.558,0.231,0.327,0.390,0.626,0.456,,,,,,,,
2023-07-04,09,16.466,15.961,16.923,16.462,15.972,16.930,16.489,16.000,17.000,16.481,15.980,16.980,16.601,15.385,18.003,16.409,70.563,214.002,45.039,373.323,399.252,143.035,210.674,0.137,370.312,0.000,7993.750,0.000,-999.000,-999.000,101.170,0.200,0.200,5.956,9.610,230.983,4.470,8.430,230.885,0.892,16.871,16.833,16.935,16.954,16.918,16.984,17.385,17.361,17.431,-999.000,-999.000,-999.000,14.303,12.142,17.009,16.886,17.367,-999.000,-999.000,-999.000,-999.000,-999.000,-999.000,19.473,19.446,19.505,-1.668,-2.208,-2.163,-1.757,0.221,0.307,0.300,0.558,0.231,0.327,0.389,0.625,0.454,,,,,,,,
2023-07-04,10,17.752,16.755,18.659,17.748,16.756,18.678,17.815,16.830,18.800,17.793,16.810,18.800,20.189,17.511,22.637,17.713,63.987,628.695,139.397,356.390,418.603,427.085,430.908,216.472,351.728,5.250,7979.450,0.000,-999.000,-999.000,101.228,0.200,0.200,7.333,11.400,230.570,5.611,9.260,230.726,0.892,17.011,16.917,17.190,16.953,16.931,16.978,17.355,17.320,17.408,-999.000,-999.000,-999.000,14.280,12.140,18.501,17.371,19.808,-999.000,-999.000,-999.000,-999.000,-999.000,-999.000,19.478,19.421,19.514,-1.292,-1.701,-1.340,22.261,0.220,0.306,0.298,0.558,0.232,0.326,0.388,0.624,0.453,,,,,,,,
2023-07-04,11,18.782,17.959,19.283,18.774,17.960,19.275,18.831,17.980,19.350,18.795,17.980,19.330,22.156,19.603,23.901,18.719,56.691,720.865,159.166,356.442,428.538,489.603,444.319,287.984,350.647,5.722,7971.300,0.000,-999.000,-999.000,101.253,0.200,0.200,6.986,11.100,236.635,5.506,9.060,237.325,0.892,17.401,17.193,17.664,16.959,16.933,16.989,17.322,17.287,17.365,-999.000,-999.000,-999.000,14.283,12.150,20.754,19.868,21.461,-999.000,-999.000,-999.000,-999.000,-999.000,-999.000,19.466,19.412,19.507,-0.277,-0.720,1.586,42.300,0.220,0.306,0.296,0.557,0.232,0.325,0.386,0.622,0.454,,,,,,,,
2023-07-04,12,19.189,18.335,19.931,19.185,18.342,19.906,19.205,18.350,19.970,19.176,18.330,19.940,21.363,19.029,24.008,19.107,53.687,549.686,124.108,376.698,425.328,376.948,423.724,113.757,372.762,1.694,7999.000,0.000,-999.000,-999.000,101.257,0.200,0.200,6.878,11.500,235.661,5.310,9.470,235.960,0.892,17.883,17.664,18.078,17.000,16.961,17.041,17.297,17.276,17.319,-999.000,-999.000,-999.000,14.286,12.147,21.383,21.006,21.686,-999.000,-999.000,-999.000,-999.000,-999.000,-999.000,19.464,19.441,19.487,1.147,0.503,5.267,34.351,0.220,0.305,0.293,0.555,0.233,0.325,0.385,0.620,0.455,,,,,,,,
2023-07-04,13,19.251,18.717,19.962,19.243,18.721,19.938,19.312,18.750,20.090,19.289,18.720,20.050,20.962,18.818,24.275,19.215,53.896,464.816,103.428,372.035,423.018,310.405,336.503,134.415,367.008,1.833,7999.000,0.000,-999.000,-999.000,101.264,0.200,0.200,6.273,10.320,244.775,4.759,8.550,245.270,0.891,18.159,18.065,18.249,17.070,17.022,17.128,17.264,17.242,17.294,-999.000,-999.000,-999.000,14.291,12.158,20.781,20.363,21.386,-999.000,-999.000,-999.000,-999.000,-999.000,-999.000,19.423,19.392,19.465,1.909,1.306,6.729,16.696,0.221,0.305,0.292,0.554,0.234,0.325,0.384,0.619,0.455,,,,,,,,
2023-07-04,14,20.303,19.645,21.111,20.286,19.640,21.116,20.347,19.700,21.190,20.318,19.650,21.160,21.958,18.452,24.000,20.242,50.061,610.563,132.423,363.797,435.480,406.457,367.212,263.610,356.228,4.750,7871.583,0.000,-999.000,-999.000,101.251,0.200,0.200,6.135,10.580,252.123,4.794,8.440,252.362,0.891,18.330,18.239,18.412,17.166,17.105,17.216,17.256,17.226,17.284,-999.000,-999.000,-999.000,14.301,12.150,21.857,21.325,22.499,-999.000,-999.000,-999.000,-999.000,-999.000,-999.000,19.409,19.373,19.444,1.984,1.637,6.955,29.235,0.221,0.305,0.290,0.553,0.234,0.325,0.383,0.618,0.454,,,,,,,,
2023-07-04,15,19.896,19.397,20.728,19.883,19.415,20.715,19.940,19.480,20.810,19.919,19.470,20.810,20.200,19.140,22.618,19.867,50.403,272.057,55.569,380.705,420.642,176.551,250.428,18.758,376.433,0.528,7999.000,0.000,-999.000,-999.000,101.230,0.200,0.200,5.071,9.960,253.768,3.941,7.670,253.269,0.890,18.520,18.395,18.598,17.254,17.209,17.302,17.250,17.226,17.276,-999.000,-999.000,-999.000,14.298,12.156,21.658,20.706,22.427,-999.000,-999.000,-999.000,-999.000,-999.000,-999.000,19.391,19.356,19.422,2.336,2.348,8.216,16.146,0.221,0.304,0.289,0.552,0.235,0.325,0.382,0.617,0.454,,,,,,,,
2023-07-04,16,19.094,18.695,19.744,19.098,18.697,19.721,19.144,18.750,19.770,19.130,18.750,19.780,18.892,17.962,20.540,19.081,55.092,121.548,21.566,386.705,411.110,75.577,118.677,1.516,382.793,0.000,7999.000,0.000,-999.000,-999.000,101.209,0.200,0.200,3.353,7.400,253.511,2.483,6.150,254.120,0.890,18.542,18.492,18.605,17.350,17.292,17.401,17.266,17.230,17.298,-999.000,-999.000,-999.000,14.295,12.156,20.110,19.666,20.706,-999.000,-999.000,-999.000,-999.000,-999.000,-999.000,19.389,19.349,19.414,2.070,2.037,7.275,-3.995,0.221,0.304,0.288,0.550,0.235,0.325,0.382,0.616,0.452,,,,,,,,
2023-07-04,17,19.428,19.254,19.600,19.422,19.237,19.578,19.472,19.290,19.720,19.459,19.300,19.680,20.377,19.523,21.048,19.405,55.765,221.080,46.149,368.730,421.685,121.976,201.583,24.854,365.438,0.000,7999.000,0.000,-999.000,-999.000,101.153,0.200,0.200,1.947,4.390,240.009,1.607,3.740,239.981,0.890,18.487,18.445,18.539,17.434,17.384,17.472,17.280,17.254,17.312,-999.000,-999.000,-999.000,14.298,12.159,20.379,19.847,20.603,-999.000,-999.000,-999.000,-999.000,-999.000,-999.000,19.361,19.329,19.397,1.452,1.439,5.491,6.908,0.221,0.304,0.287,0.549,0.235,0.326,0.381,0.615,0.450,,,,,,,,
2023-07-04,18,19.354,19.175,19.542,19.371,19.152,19.613,19.185,18.770,19.380,19.194,18.860,19.380,19.620,18.606,20.772,19.169,61.312,93.299,12.738,376.023,414.317,42.341,90.057,0.070,373.330,0.000,7994.467,0.000,-999.000,-999.000,101.095,0.200,0.200,0.624,1.500,131.375,0.497,1.130,122.636,0.889,18.579,18.539,18.618,17.502,17.455,17.543,17.305,17.292,17.325,-999.000,-999.000,-999.000,14.298,12.151,20.440,20.280,20.531,-999.000,-999.000,-999.000,-999.000,-999.000,-999.000,19.347,19.316,19.378,1.607,1.620,5.246,4.849,0.221,0.303,0.286,0.549,0.235,0.325,0.381,0.615,0.450,,,,,,,,
2023-07-04,19,18.471,17.066,19.338,18.474,17.013,19.398,18.057,17.010,18.750,18.065,17.000,18.800,17.313,16.031,18.849,18.031,71.815,27.918,0.000,380.690,401.662,8.956,26.523,0.171,378.217,0.000,7998.283,0.000,-999.000,-999.000,101.040,0.200,0.200,1.814,3.550,105.153,0.974,2.020,98.331,0.889,18.598,18.540,18.650,17.556,17.519,17.586,17.321,17.294,17.362,-999.000,-999.000,-999.000,14.298,12.165,19.861,19.365,20.261,-999.000,-999.000,-999.000,-999.000,-999.000,-999.000,19.321,19.279,19.364,1.943,1.944,4.611,-3.970,0.220,0.303,0.286,0.548,0.235,0.325,0.381,0.614,0.449,,,,,,,,
2023-07-04,20,16.269,15.915,17.070,16.218,15.881,17.039,16.224,15.800,17.070,16.216,15.810,17.080,15.342,15.066,15.991,16.199,80.055,3.346,0.000,392.967,391.210,9.679,4.130,0.000,388.468,0.000,7996.350,0.270,-999.000,-999.000,100.983,0.200,0.200,3.582,7.350,131.446,2.210,5.520,132.846,0.888,18.454,18.338,18.572,17.609,17.569,17.642,17.347,17.314,17.383,-999.000,-999.000,-999.000,14.307,12.171,18.688,18.043,19.355,-999.000,-999.000,-999.000,-999.000,-999.000,-999.000,19.302,19.260,19.357,1.783,1.841,3.158,-15.655,0.220,0.303,0.285,0.547,0.235,0.325,0.381,0.615,0.447,,,,,,,,
2023-07-04,21,15.574,15.286,16.155,15.556,15.274,16.157,15.478,15.170,16.230,15.467,15.170,16.240,14.959,14.802,15.292,15.416,88.623,0.000,0.000,395.920,389.893,9.064,0.007,0.000,387.670,0.000,7120.317,0.280,-999.000,-999.000,100.904,0.200,0.200,3.263,6.480,124.099,2.280,4.790,122.484,0.888,18.173,18.027,18.338,17.637,17.616,17.670,17.372,17.346,17.388,-999.000,-999.000,-999.000,14.311,12.169,17.679,17.405,18.027,-999.000,-999.000,-999.000,-999.000,-999.000,-999.000,19.279,19.240,19.325,1.178,1.222,1.131,-21.835,0.220,0.303,0.285,0.546,0.235,0.325,0.381,0.615,0.444,,,,,,,,
2023-07-04,22,15.228,15.135,15.293,15.236,15.126,15.292,15.255,15.180,15.290,15.252,15.180,15.310,14.762,14.571,14.848,15.195,89.960,0.000,0.000,397.568,389.285,12.176,0.141,0.000,377.902,0.000,7999.000,0.090,-999.000,-999.000,100.789,0.200,0.200,2.647,4.900,96.054,1.800,3.270,93.756,0.887,17.908,17.797,18.037,17.651,17.633,17.671,17.382,17.367,17.414,-999.000,-999.000,-999.000,14.300,12.183,17.208,16.999,17.398,-999.000,-999.000,-999.000,-999.000,-999.000,-999.000,19.263,19.239,19.288,0.534,0.538,-0.544,-20.490,0.219,0.303,0.284,0.546,0.234,0.325,0.381,0.615,0.442,,,,,,,,
2023-07-04,23,14.950,14.837,15.138,14.960,14.853,15.137,14.923,14.760,15.210,14.912,14.760,15.160,14.305,14.165,14.541,14.867,90.653,0.000,0.000,389.055,386.697,7.348,0.000,0.000,366.172,0.000,7999.000,0.000,-999.000,-999.000,100.660,0.200,0.200,2.425,4.360,63.730,1.626,3.300,59.344,0.887,17.690,17.597,17.800,17.639,17.610,17.658,17.407,17.387,17.432,-999.000,-999.000,-999.000,14.301,12.171,16.797,16.621,16.999,-999.000,-999.000,-999.000,-999.000,-999.000,-999.000,19.242,19.220,19.260,0.071,-0.015,-1.571,-21.018,0.219,0.303,0.284,0.546,0.234,0.324,0.380,0.615,0.440,,,,,,,,
2023-07-04,24,15.344,14.874,15.700,15.355,14.932,15.722,15.534,15.000,15.900,15.513,15.010,15.890,14.782,14.337,15.202,15.473,86.367,0.000,0.000,380.765,388.327,-3.038,0.056,0.000,374.490,0.000,7966.100,1.740,-999.000,-999.000,100.506,0.200,0.200,5.023,10.190,114.340,3.669,8.180,115.056,0.886,17.500,17.404,17.600,17.604,17.569,17.629,17.427,17.405,17.441,-999.000,-999.000,-999.000,14.304,12.171,16.408,16.239,16.615,-999.000,-999.000,-999.000,-999.000,-999.000,-999.000,19.225,19.193,19.248,-0.306,-0.629,-2.401,-21.491,0.219,0.303,0.284,0.545,0.234,0.325,0.380,0.615,0.439,,,,,,,,
