2023-01-10,01,5.396,4.964,5.750,5.402,4.960,5.776,5.368,4.919,5.797,5.374,4.918,5.813,4.030,3.604,4.501,5.307,83.363,0.000,0.000,277.755,333.087,-51.318,0.000,0.000,264.970,0.000,7596.933,0.000,-999.000,-999.000,101.188,0.200,0.200,4.396,7.400,236.398,3.166,6.120,235.386,0.279,6.386,6.303,6.433,7.139,7.093,7.162,7.587,7.562,7.624,-999.000,-999.000,-999.000,9.064,10.322,4.184,3.985,4.393,-999.000,-999.000,-999.000,-999.000,-999.000,-999.000,8.247,8.229,8.262,-5.037,-4.708,-6.342,-14.462,0.650,0.649,0.670,0.711,0.689,0.694,0.681,0.732,0.515,,,,,,,,
2023-01-10,02,5.720,5.423,5.932,5.722,5.400,5.934,5.729,5.386,5.963,5.729,5.370,5.963,4.874,4.480,5.212,5.633,84.995,0.000,0.000,306.598,338.067,-27.312,0.000,0.000,296.578,0.000,7548.900,0.000,-999.000,-999.000,101.265,0.200,0.200,4.768,7.440,229.687,3.648,6.280,228.345,0.279,6.263,6.200,6.299,7.086,7.070,7.097,7.554,7.545,7.565,-999.000,-999.000,-999.000,9.068,10.327,4.046,3.955,4.108,-999.000,-999.000,-999.000,-999.000,-999.000,-999.000,8.236,8.212,8.251,-5.424,-5.002,-6.843,-14.762,0.649,0.649,0.670,0.711,0.689,0.694,0.681,0.732,0.516,,,,,,,,
2023-01-10,03,5.740,5.435,5.907,5.745,5.425,5.907,5.756,5.416,5.937,5.744,5.408,5.930,5.140,4.579,5.427,5.656,89.195,0.000,0.000,325.340,340.713,-11.182,0.000,0.000,316.278,0.000,7585.383,0.030,-999.000,-999.000,101.331,0.200,0.200,4.228,7.270,222.367,3.261,6.340,220.616,0.279,6.144,6.113,6.177,7.023,6.973,7.073,7.526,7.497,7.552,-999.000,-999.000,-999.000,9.097,10.349,4.190,4.079,4.337,-999.000,-999.000,-999.000,-999.000,-999.000,-999.000,8.218,8.194,8.248,-5.634,-5.273,-6.988,-12.144,0.649,0.649,0.670,0.711,0.689,0.693,0.681,0.732,0.516,,,,,,,,
2023-01-10,04,5.946,5.829,6.087,5.944,5.828,6.109,5.955,5.782,6.138,5.948,5.768,6.140,5.399,5.050,5.688,5.876,89.227,0.000,0.000,323.962,341.627,-13.436,0.000,0.000,315.395,0.000,7552.983,0.000,-999.000,-999.000,101.386,0.200,0.200,5.127,8.250,218.565,4.041,6.960,217.587,0.279,6.116,6.110,6.120,6.958,6.947,6.977,7.491,7.471,7.504,-999.000,-999.000,-999.000,9.056,10.333,4.453,4.344,4.582,-999.000,-999.000,-999.000,-999.000,-999.000,-999.000,8.210,8.200,8.223,-5.526,-5.359,-6.758,-8.985,0.649,0.649,0.670,0.710,0.689,0.694,0.681,0.732,0.516,,,,,,,,
2023-01-10,05,6.080,5.910,6.192,6.089,5.893,6.221,6.140,5.954,6.279,6.132,5.929,6.279,5.538,5.141,5.760,6.055,88.558,0.000,0.000,320.133,341.808,-18.032,0.000,0.000,311.667,0.000,7390.650,0.040,-999.000,-999.000,101.457,0.200,0.200,5.455,8.520,219.728,4.233,7.550,219.112,0.280,6.117,6.113,6.117,6.920,6.907,6.947,7.469,7.464,7.497,-999.000,-999.000,-999.000,9.041,10.306,4.605,4.575,4.657,-999.000,-999.000,-999.000,-999.000,-999.000,-999.000,8.211,8.206,8.219,-5.249,-5.273,-6.365,-7.271,0.649,0.649,0.670,0.711,0.689,0.694,0.681,0.732,0.516,,,,,,,,
2023-01-10,06,6.198,5.955,6.385,6.205,5.922,6.391,6.226,5.956,6.420,6.225,5.947,6.435,5.505,5.033,5.852,6.136,87.308,0.000,0.000,316.197,341.533,-21.135,0.000,0.000,306.820,0.000,7291.867,0.000,-999.000,-999.000,101.516,0.200,0.200,5.143,7.970,226.437,3.962,7.860,226.074,0.280,6.113,6.097,6.117,6.889,6.845,6.914,7.464,7.461,7.467,-999.000,-999.000,-999.000,9.062,10.326,4.698,4.657,4.736,-999.000,-999.000,-999.000,-999.000,-999.000,-999.000,8.220,8.203,8.229,-4.987,-5.133,-6.051,-6.567,0.649,0.649,0.670,0.710,0.689,0.694,0.681,0.732,0.516,,,,,,,,
2023-01-10,07,6.078,5.919,6.241,6.078,5.916,6.254,6.132,5.980,6.294,6.123,5.966,6.281,5.596,5.389,5.714,6.042,87.570,0.000,0.000,331.293,342.562,-6.853,0.000,0.000,323.335,0.000,7121.183,0.000,-999.000,-999.000,101.595,0.200,0.200,5.307,9.800,214.701,4.184,7.660,213.711,0.281,6.093,6.063,6.117,6.834,6.818,6.852,7.463,7.454,7.464,-999.000,-999.000,-999.000,9.081,10.332,4.769,4.657,4.857,-999.000,-999.000,-999.000,-999.000,-999.000,-999.000,8.218,8.189,8.229,-4.797,-5.001,-5.850,-6.395,0.649,0.649,0.670,0.711,0.689,0.693,0.681,0.732,0.516,,,,,,,,
2023-01-10,08,5.540,5.217,5.906,5.532,5.174,5.909,5.576,5.215,5.961,5.562,5.201,5.957,4.951,4.188,5.374,5.512,88.950,1.667,0.000,314.507,339.533,-18.819,1.775,0.367,305.472,0.000,7194.600,0.000,-999.000,-999.000,101.670,0.200,0.200,4.258,7.630,207.556,3.253,6.470,206.280,0.281,6.107,6.066,6.120,6.801,6.757,6.835,7.419,7.385,7.464,-999.000,-999.000,-999.000,9.070,10.326,4.793,4.697,4.889,-999.000,-999.000,-999.000,-999.000,-999.000,-999.000,8.185,8.170,8.222,-4.638,-4.877,-5.616,-6.071,0.650,0.649,0.670,0.711,0.689,0.694,0.681,0.731,0.516,,,,,,,,
2023-01-10,09,5.666,5.539,5.841,5.673,5.542,5.830,5.710,5.568,5.856,5.704,5.577,5.866,5.518,5.325,5.724,5.643,87.185,35.605,4.736,333.283,342.995,21.513,35.565,1.405,326.283,0.000,7325.100,0.000,-999.000,-999.000,101.729,0.200,0.200,5.043,8.790,207.259,4.000,7.160,206.423,0.281,6.113,6.087,6.117,6.760,6.757,6.773,7.387,7.382,7.399,-999.000,-999.000,-999.000,9.065,10.313,4.840,4.704,5.050,-999.000,-999.000,-999.000,-999.000,-999.000,-999.000,8.171,8.167,8.180,-4.600,-4.770,-5.515,-6.197,0.657,0.658,0.669,0.713,0.689,0.694,0.681,0.730,0.516,,,,,,,,
2023-01-10,10,5.682,5.443,5.834,5.689,5.443,5.834,5.721,5.478,5.896,5.710,5.464,5.870,5.542,5.347,5.707,5.661,86.648,71.583,12.784,310.547,342.630,26.716,70.829,0.171,302.068,0.000,7473.983,0.000,-999.000,-999.000,101.722,0.200,0.200,5.798,8.970,199.639,4.589,8.130,198.073,0.283,6.083,6.056,6.122,6.733,6.709,6.766,7.368,7.335,7.389,-999.000,-999.000,-999.000,9.095,10.341,5.215,5.040,5.344,-999.000,-999.000,-999.000,-999.000,-999.000,-999.000,8.148,8.129,8.176,-4.447,-4.650,-5.112,-2.676,0.662,0.652,0.669,0.713,0.689,0.694,0.681,0.729,0.516,,,,,,,,
2023-01-10,11,5.498,5.361,5.669,5.513,5.410,5.676,5.545,5.441,5.721,5.532,5.421,5.721,5.500,5.347,5.664,5.475,86.353,100.484,20.154,304.235,342.267,42.298,99.356,0.641,295.318,0.000,7433.550,0.000,-999.000,-999.000,101.699,0.200,0.200,6.637,9.680,197.587,5.168,8.920,196.636,0.283,6.137,6.102,6.162,6.720,6.683,6.753,7.355,7.329,7.375,-999.000,-999.000,-999.000,9.094,10.337,5.445,5.344,5.580,-999.000,-999.000,-999.000,-999.000,-999.000,-999.000,8.162,8.139,8.180,-4.081,-4.365,-4.357,-1.271,0.662,0.651,0.669,0.713,0.689,0.694,0.681,0.730,0.516,,,,,,,,
2023-01-10,12,5.959,5.670,6.313,5.975,5.676,6.352,6.000,5.711,6.319,5.995,5.715,6.338,5.843,5.622,6.116,5.936,84.908,76.807,13.892,315.080,343.932,34.063,76.406,0.000,306.728,0.000,7710.217,0.000,-999.000,-999.000,101.639,0.200,0.200,6.142,9.510,190.953,4.798,7.620,189.917,0.283,6.178,6.135,6.214,6.674,6.660,6.697,7.306,7.279,7.342,-999.000,-999.000,-999.000,9.098,10.343,5.663,5.580,5.740,-999.000,-999.000,-999.000,-999.000,-999.000,-999.000,8.135,8.119,8.159,-3.777,-4.029,-3.630,-0.109,0.662,0.652,0.669,0.713,0.689,0.694,0.681,0.730,0.516,,,,,,,,
2023-01-10,13,6.543,6.348,6.686,6.535,6.378,6.652,6.548,6.369,6.653,6.537,6.374,6.670,6.299,6.168,6.394,6.494,83.847,60.271,9.422,322.803,346.135,27.517,59.997,0.000,314.705,0.000,7667.683,0.000,-999.000,-999.000,101.569,0.200,0.200,5.785,8.630,176.690,4.548,7.220,175.717,0.283,6.240,6.207,6.285,6.688,6.669,6.709,7.274,7.262,7.288,-999.000,-999.000,-999.000,9.085,10.320,5.844,5.740,5.933,-999.000,-999.000,-999.000,-999.000,-999.000,-999.000,8.132,8.122,8.145,-3.482,-3.692,-3.014,0.442,0.662,0.654,0.669,0.713,0.689,0.694,0.681,0.730,0.516,,,,,,,,
2023-01-10,14,6.816,6.567,7.095,6.813,6.560,7.098,6.848,6.635,7.112,6.844,6.616,7.119,6.513,6.309,6.787,6.800,82.513,44.725,5.705,328.708,346.658,21.070,44.649,0.000,320.918,0.000,7815.550,0.000,-999.000,-999.000,101.473,0.200,0.200,6.586,9.680,174.268,5.108,8.180,173.253,0.284,6.319,6.272,6.361,6.706,6.689,6.715,7.267,7.262,7.272,-999.000,-999.000,-999.000,9.079,10.301,5.942,5.912,5.969,-999.000,-999.000,-999.000,-999.000,-999.000,-999.000,8.136,8.128,8.151,-3.166,-3.368,-2.596,0.562,0.661,0.657,0.669,0.713,0.689,0.694,0.681,0.730,0.516,,,,,,,,
2023-01-10,15,7.055,6.646,7.364,7.044,6.629,7.389,7.088,6.673,7.398,7.074,6.659,7.384,6.601,6.237,6.954,7.027,82.752,21.786,1.392,338.927,347.300,12.845,22.506,0.000,330.065,0.000,7665.267,0.500,-999.000,-999.000,101.385,0.200,0.200,7.888,13.280,184.677,6.130,11.530,184.519,0.284,6.362,6.330,6.390,6.697,6.655,6.715,7.259,7.232,7.275,-999.000,-999.000,-999.000,9.093,10.319,5.999,5.968,6.034,-999.000,-999.000,-999.000,-999.000,-999.000,-999.000,8.131,8.100,8.158,-2.909,-3.083,-2.371,0.387,0.661,0.658,0.669,0.713,0.689,0.694,0.681,0.730,0.516,,,,,,,,
2023-01-10,16,6.405,6.142,6.660,6.395,6.145,6.632,6.437,6.194,6.656,6.413,6.176,6.631,5.926,5.645,6.220,6.355,90.937,1.688,0.000,341.430,346.293,-0.228,2.543,0.000,332.982,0.000,7188.817,2.000,-999.000,-999.000,101.255,0.200,0.200,8.906,14.010,172.954,7.091,11.400,171.909,0.284,6.388,6.374,6.397,6.679,6.663,6.702,7.214,7.197,7.232,-999.000,-999.000,-999.000,9.092,10.329,5.958,5.894,6.025,-999.000,-999.000,-999.000,-999.000,-999.000,-999.000,8.107,8.092,8.128,-2.753,-2.879,-2.327,-0.655,0.653,0.651,0.669,0.711,0.689,0.694,0.681,0.731,0.516,,,,,,,,
2023-01-10,17,6.004,5.916,6.142,6.011,5.906,6.145,6.063,5.957,6.191,6.058,5.962,6.184,5.539,5.468,5.641,5.980,92.867,0.000,0.000,340.818,344.977,-1.839,0.000,0.000,333.505,0.000,6735.083,2.590,-999.000,-999.000,101.141,0.200,0.200,9.891,13.820,173.468,7.917,13.300,172.349,0.294,6.414,6.381,6.431,6.692,6.673,6.711,7.223,7.194,7.231,-999.000,-999.000,-999.000,9.095,10.316,5.847,5.783,5.904,-999.000,-999.000,-999.000,-999.000,-999.000,-999.000,8.107,8.084,8.126,-2.712,-2.829,-2.587,-1.947,0.651,0.650,0.669,0.711,0.689,0.694,0.681,0.731,0.517,,,,,,,,
2023-01-10,18,5.988,5.916,6.172,5.989,5.889,6.175,6.034,5.956,6.242,6.028,5.918,6.231,5.659,5.501,5.852,5.969,94.898,0.000,0.000,342.303,345.432,-0.552,0.000,0.000,334.905,0.000,6991.283,0.190,-999.000,-999.000,101.025,0.200,0.200,10.252,14.490,178.022,8.128,13.800,177.142,0.298,6.429,6.411,6.431,6.707,6.688,6.717,7.216,7.195,7.228,-999.000,-999.000,-999.000,9.094,10.291,5.760,5.757,5.770,-999.000,-999.000,-999.000,-999.000,-999.000,-999.000,8.111,8.091,8.128,-2.792,-2.917,-2.987,-2.654,0.650,0.649,0.669,0.711,0.689,0.694,0.681,0.732,0.516,,,,,,,,
2023-01-10,19,6.639,6.162,7.133,6.658,6.168,7.155,6.684,6.249,7.140,6.680,6.226,7.136,6.399,5.865,6.827,6.640,93.490,0.000,0.000,344.900,347.482,0.555,0.296,0.000,338.520,0.000,7336.533,0.000,-999.000,-999.000,100.940,0.200,0.200,9.854,14.200,186.584,7.654,13.050,185.129,0.298,6.389,6.361,6.431,6.686,6.657,6.717,7.187,7.164,7.215,-999.000,-999.000,-999.000,9.095,10.321,5.821,5.757,5.897,-999.000,-999.000,-999.000,-999.000,-999.000,-999.000,8.084,8.056,8.128,-2.908,-3.059,-3.271,-2.383,0.650,0.649,0.669,0.711,0.689,0.694,0.681,0.732,0.516,,,,,,,,
2023-01-10,20,7.555,7.133,7.807,7.557,7.109,7.796,7.578,7.129,7.854,7.574,7.129,7.828,7.204,6.876,7.467,7.537,90.658,0.000,0.000,348.148,349.087,2.802,0.000,0.000,341.825,0.000,7490.083,0.000,-999.000,-999.000,100.907,0.200,0.200,10.212,14.920,194.043,7.773,12.710,192.999,0.296,6.404,6.361,6.429,6.697,6.658,6.725,7.159,7.147,7.190,-999.000,-999.000,-999.000,9.089,10.300,6.026,5.907,6.148,-999.000,-999.000,-999.000,-999.000,-999.000,-999.000,8.047,8.022,8.063,-2.770,-3.106,-3.284,-0.852,0.650,0.649,0.669,0.711,0.689,0.694,0.681,0.732,0.516,,,,,,,,
2023-01-10,21,8.012,7.800,8.328,8.020,7.786,8.344,8.049,7.856,8.360,8.042,7.816,8.380,7.653,7.437,7.941,7.999,90.685,0.000,0.000,351.052,351.725,3.673,0.000,0.000,344.362,0.000,7442.517,0.000,-999.000,-999.000,100.848,0.200,0.200,9.340,12.980,192.121,7.134,11.780,191.605,0.295,6.444,6.405,6.506,6.669,6.651,6.713,7.154,7.145,7.172,-999.000,-999.000,-999.000,9.082,10.320,6.295,6.138,6.442,-999.000,-999.000,-999.000,-999.000,-999.000,-999.000,8.051,8.041,8.071,-2.320,-2.982,-2.991,1.288,0.649,0.649,0.669,0.710,0.689,0.694,0.681,0.732,0.516,,,,,,,,
2023-01-10,22,8.339,8.254,8.453,8.305,8.214,8.408,8.395,8.320,8.490,8.361,8.280,8.470,7.979,7.918,8.043,8.297,93.620,0.000,0.000,354.650,355.142,3.197,0.000,0.000,346.082,0.000,6737.917,0.170,-999.000,-999.000,100.780,0.200,0.200,9.150,13.580,189.402,6.892,10.650,188.598,0.295,6.544,6.506,6.581,6.708,6.693,6.716,7.145,7.141,7.148,-999.000,-999.000,-999.000,9.092,10.298,6.568,6.432,6.699,-999.000,-999.000,-999.000,-999.000,-999.000,-999.000,8.042,8.020,8.050,-1.718,-2.700,-2.512,3.116,0.649,0.649,0.669,0.710,0.689,0.694,0.680,0.731,0.516,,,,,,,,
2023-01-10,23,8.757,8.333,9.120,8.768,8.329,9.106,8.813,8.410,9.150,8.809,8.380,9.150,8.457,8.039,8.719,8.769,94.735,0.000,0.000,356.970,357.083,3.233,0.000,0.000,349.673,0.000,6978.850,0.100,-999.000,-999.000,100.714,0.200,0.200,8.947,12.660,188.278,6.851,10.470,187.452,0.294,6.623,6.574,6.681,6.688,6.666,6.708,7.136,7.120,7.158,-999.000,-999.000,-999.000,9.093,10.321,6.875,6.699,7.049,-999.000,-999.000,-999.000,-999.000,-999.000,-999.000,8.026,8.006,8.043,-1.039,-2.312,-1.928,4.766,0.651,0.649,0.669,0.711,0.689,0.694,0.680,0.731,0.515,,,,,,,,
2023-01-10,24,9.549,9.110,9.877,9.550,9.099,9.866,9.584,9.160,9.900,9.578,9.170,9.890,9.173,8.722,9.488,9.531,94.320,0.000,0.000,360.538,360.588,3.246,0.000,0.000,353.180,0.000,6656.733,0.130,-999.000,-999.000,100.659,0.200,0.200,8.445,13.710,189.791,6.401,10.880,188.868,0.293,6.759,6.681,6.851,6.721,6.695,6.750,7.133,7.120,7.162,-999.000,-999.000,-999.000,9.090,10.306,7.245,7.036,7.457,-999.000,-999.000,-999.000,-999.000,-999.000,-999.000,8.022,8.005,8.045,-0.304,-1.848,-1.269,6.664,0.653,0.650,0.669,0.712,0.689,0.694,0.680,0.731,0.515,,,,,,,,
