2023-04-09,01,9.215,9.159,9.281,9.215,9.145,9.274,9.214,9.090,9.260,9.203,9.110,9.270,8.309,8.245,8.381,9.117,83.227,0.000,0.000,355.603,359.955,0.816,0.000,0.000,347.507,0.000,7623.033,0.000,-999.000,-999.000,102.636,0.200,0.200,2.298,4.400,102.942,1.704,3.370,102.233,0.353,10.123,10.038,10.196,9.215,9.215,9.215,8.391,8.364,8.424,-999.000,-999.000,-999.000,8.443,9.083,9.956,9.849,10.084,-999.000,-999.000,-999.000,-999.000,-999.000,-999.000,8.362,8.362,8.372,3.015,3.609,2.717,-9.089,0.612,0.653,0.691,0.710,0.697,0.700,0.687,0.737,0.524,,,,,,,,
2023-04-09,02,9.149,9.014,9.252,9.140,8.999,9.237,9.089,8.870,9.220,9.076,8.880,9.190,8.252,8.170,8.331,9.003,84.677,0.000,0.000,355.815,359.965,1.018,0.000,0.000,347.525,0.000,7615.467,0.000,-999.000,-999.000,102.605,0.200,0.200,1.985,3.560,77.634,1.369,2.630,77.184,0.353,10.001,9.955,10.044,9.210,9.192,9.215,8.444,8.420,8.463,-999.000,-999.000,-999.000,8.443,9.081,9.776,9.694,9.846,-999.000,-999.000,-999.000,-999.000,-999.000,-999.000,8.373,8.362,8.392,2.526,3.171,2.259,-8.486,0.611,0.653,0.691,0.710,0.696,0.699,0.688,0.737,0.524,,,,,,,,
2023-04-09,03,8.942,8.869,9.034,8.936,8.838,9.017,8.921,8.800,9.060,8.915,8.820,9.040,8.131,8.094,8.173,8.841,85.193,0.000,0.000,355.290,359.252,1.233,0.000,0.000,346.930,0.000,7553.383,0.000,-999.000,-999.000,102.581,0.200,0.200,2.542,5.920,86.143,1.814,4.240,87.997,0.353,9.886,9.820,9.952,9.156,9.136,9.195,8.463,8.457,8.463,-999.000,-999.000,-999.000,8.437,9.067,9.602,9.516,9.694,-999.000,-999.000,-999.000,-999.000,-999.000,-999.000,8.395,8.375,8.412,2.155,2.808,1.896,-7.965,0.610,0.652,0.691,0.710,0.696,0.698,0.688,0.737,0.524,,,,,,,,
2023-04-09,04,8.988,8.919,9.035,8.981,8.885,9.034,9.017,8.900,9.120,9.004,8.870,9.110,8.049,7.935,8.163,8.920,82.214,0.000,0.000,353.077,357.942,0.268,0.000,0.000,345.645,0.000,7482.417,0.000,-999.000,-999.000,102.549,0.200,0.200,3.371,5.370,115.607,2.407,4.670,115.177,0.354,9.784,9.721,9.820,9.134,9.123,9.139,8.471,8.463,8.493,-999.000,-999.000,-999.000,8.430,9.068,9.400,9.298,9.516,-999.000,-999.000,-999.000,-999.000,-999.000,-999.000,8.413,8.399,8.422,1.887,2.486,1.576,-8.028,0.610,0.652,0.691,0.710,0.695,0.698,0.688,0.737,0.523,,,,,,,,
2023-04-09,05,8.910,8.840,8.999,8.900,8.839,8.978,8.902,8.800,9.010,8.894,8.810,9.000,7.838,7.777,7.935,8.815,80.852,0.095,0.000,352.430,357.512,0.395,0.191,0.000,344.623,0.000,7551.517,0.000,-999.000,-999.000,102.534,0.200,0.200,2.888,4.880,113.003,2.125,4.430,111.792,0.354,9.701,9.652,9.745,9.116,9.077,9.130,8.497,8.477,8.510,-999.000,-999.000,-999.000,8.425,9.078,9.193,9.097,9.298,-999.000,-999.000,-999.000,-999.000,-999.000,-999.000,8.423,8.418,8.428,1.581,2.192,1.241,-8.335,0.609,0.652,0.691,0.710,0.695,0.698,0.688,0.737,0.523,,,,,,,,
2023-04-09,06,8.741,8.469,8.910,8.745,8.451,8.899,8.622,8.220,8.840,8.612,8.200,8.840,7.869,7.358,8.130,8.523,83.052,38.747,8.781,333.038,356.315,8.533,29.295,57.884,323.962,1.194,7637.867,0.000,-999.000,-999.000,102.542,0.200,0.200,4.040,6.720,115.546,3.018,5.670,115.143,0.354,9.605,9.562,9.676,9.072,9.057,9.093,8.517,8.503,8.539,-999.000,-999.000,-999.000,8.432,9.089,9.036,9.011,9.100,-999.000,-999.000,-999.000,-999.000,-999.000,-999.000,8.443,8.422,8.461,1.239,1.928,0.921,-8.261,0.609,0.651,0.691,0.710,0.695,0.698,0.688,0.737,0.522,,,,,,,,
2023-04-09,07,8.698,8.410,9.061,8.722,8.428,9.073,8.370,8.190,8.670,8.362,8.170,8.680,8.031,7.342,9.041,8.252,80.236,183.059,52.227,283.423,356.093,58.162,86.510,347.226,269.400,10.000,7646.417,0.000,-999.000,-999.000,102.575,0.200,0.200,3.870,5.760,98.501,2.753,5.250,99.120,0.354,9.519,9.463,9.562,9.064,9.031,9.115,8.544,8.514,8.568,-999.000,-999.000,-999.000,8.437,9.090,9.007,8.909,9.185,-999.000,-999.000,-999.000,-999.000,-999.000,-999.000,8.450,8.419,8.478,0.943,1.686,0.658,-6.932,0.608,0.651,0.691,0.710,0.695,0.698,0.688,0.737,0.522,,,,,,,,
2023-04-09,08,9.267,8.897,10.001,9.326,8.900,10.169,9.078,8.630,9.670,9.012,8.580,9.570,10.289,9.029,11.718,8.851,78.091,342.582,95.043,288.788,369.345,166.982,139.683,475.072,272.007,10.000,7442.267,0.000,-999.000,-999.000,102.606,0.200,0.200,3.049,4.950,122.992,2.398,4.370,123.019,0.355,9.439,9.389,9.475,9.031,8.995,9.077,8.554,8.535,8.574,-999.000,-999.000,-999.000,8.434,9.088,9.770,9.168,10.556,-999.000,-999.000,-999.000,-999.000,-999.000,-999.000,8.469,8.434,8.495,0.750,1.476,0.546,1.113,0.608,0.651,0.691,0.710,0.695,0.698,0.688,0.737,0.522,,,,,,,,
2023-04-09,09,10.460,9.960,11.425,10.524,9.943,11.616,10.366,9.290,11.100,10.279,9.290,11.020,13.880,11.717,15.706,10.154,74.859,516.440,136.555,301.808,385.230,296.463,190.141,586.330,289.678,10.000,7341.750,0.000,-999.000,-999.000,102.622,0.200,0.200,2.997,5.220,132.765,2.498,4.390,132.714,0.355,9.445,9.395,9.504,9.004,8.980,9.051,8.564,8.547,8.579,-999.000,-999.000,-999.000,8.437,9.096,11.692,10.599,12.929,-999.000,-999.000,-999.000,-999.000,-999.000,-999.000,8.486,8.464,8.513,1.047,1.549,1.270,17.462,0.607,0.650,0.691,0.710,0.695,0.697,0.688,0.737,0.522,,,,,,,,
2023-04-09,10,11.706,10.575,12.815,11.759,10.601,12.854,11.780,10.660,12.820,11.697,10.600,12.750,16.141,13.714,18.596,11.618,66.474,634.539,159.316,310.128,394.090,391.261,226.073,613.436,291.857,10.000,7720.183,0.000,-999.000,-999.000,102.598,0.200,0.200,3.719,6.890,140.747,3.052,5.680,141.473,0.355,9.614,9.497,9.742,8.977,8.952,9.013,8.566,8.547,8.598,-999.000,-999.000,-999.000,8.438,9.095,13.894,12.989,15.025,-999.000,-999.000,-999.000,-999.000,-999.000,-999.000,8.504,8.486,8.528,2.299,2.222,3.398,33.901,0.606,0.648,0.690,0.710,0.694,0.697,0.688,0.737,0.521,,,,,,,,
2023-04-09,11,13.111,12.574,14.203,13.136,12.567,14.338,12.983,12.480,13.520,12.947,12.420,13.580,19.158,18.136,20.218,12.952,60.191,723.479,176.847,309.440,405.940,450.132,165.140,771.354,286.667,10.000,7643.650,0.000,-999.000,-999.000,102.557,0.200,0.200,3.275,7.590,139.401,2.666,5.890,137.432,0.356,9.945,9.751,10.163,8.965,8.948,8.988,8.573,8.560,8.603,-999.000,-999.000,-999.000,8.439,9.102,16.219,15.068,17.289,-999.000,-999.000,-999.000,-999.000,-999.000,-999.000,8.521,8.493,8.548,4.368,3.504,6.614,47.841,0.604,0.648,0.690,0.710,0.690,0.692,0.688,0.737,0.520,,,,,,,,
2023-04-09,12,13.775,12.999,14.326,13.783,12.909,14.450,13.359,12.640,14.100,13.385,12.730,14.150,18.275,15.153,20.600,13.417,57.403,553.419,132.281,316.933,400.563,337.508,227.149,419.331,300.383,5.444,7578.067,0.000,-999.000,-999.000,102.500,0.200,0.200,3.092,6.190,128.498,2.493,5.200,128.594,0.356,10.402,10.163,10.638,8.986,8.955,9.008,8.572,8.553,8.593,-999.000,-999.000,-999.000,8.439,9.098,17.887,17.319,18.215,-999.000,-999.000,-999.000,-999.000,-999.000,-999.000,8.540,8.504,8.562,7.096,5.244,10.486,54.796,0.603,0.647,0.690,0.710,0.689,0.691,0.689,0.737,0.518,,,,,,,,
2023-04-09,13,14.726,13.539,15.416,14.751,13.521,15.553,14.192,13.430,14.670,14.217,13.420,14.740,20.582,17.689,21.689,14.287,52.903,731.970,182.359,317.648,411.877,455.383,204.032,718.285,296.175,9.555,7535.250,0.000,-999.000,-999.000,102.481,0.200,0.200,3.258,6.280,124.268,2.635,5.990,126.269,0.356,10.865,10.648,11.052,9.038,8.991,9.084,8.568,8.551,8.596,-999.000,-999.000,-999.000,8.435,9.094,18.587,17.883,19.378,-999.000,-999.000,-999.000,-999.000,-999.000,-999.000,8.555,8.531,8.579,9.746,7.031,13.509,50.542,0.602,0.647,0.690,0.710,0.687,0.689,0.687,0.737,0.517,,,,,,,,
2023-04-09,14,14.719,14.225,15.613,14.734,14.137,15.730,14.303,13.730,14.670,14.321,13.750,14.690,19.308,17.526,21.533,14.348,51.545,550.363,136.432,315.495,404.108,325.318,198.546,510.464,295.667,7.972,7513.550,0.000,-999.000,-999.000,102.453,0.200,0.200,3.199,6.100,133.641,2.592,5.330,135.127,0.357,11.332,11.063,11.546,9.135,9.071,9.218,8.580,8.565,8.616,-999.000,-999.000,-999.000,8.437,9.089,19.592,19.368,19.824,-999.000,-999.000,-999.000,-999.000,-999.000,-999.000,8.567,8.549,8.594,11.646,8.524,15.722,52.958,0.601,0.650,0.689,0.711,0.683,0.685,0.684,0.735,0.515,,,,,,,,
2023-04-09,15,14.905,14.298,15.459,14.950,14.226,15.519,14.469,13.900,15.230,14.487,13.950,15.240,17.344,15.250,19.401,14.473,51.042,431.469,109.078,324.567,397.897,249.061,230.007,344.777,309.348,6.500,7610.350,0.000,-999.000,-999.000,102.400,0.200,0.200,3.146,6.780,118.315,2.454,5.660,118.426,0.357,11.720,11.549,11.859,9.264,9.195,9.349,8.599,8.564,8.619,-999.000,-999.000,-999.000,8.444,9.100,19.062,18.810,19.438,-999.000,-999.000,-999.000,-999.000,-999.000,-999.000,8.591,8.558,8.614,13.056,9.757,17.016,41.428,0.600,0.649,0.689,0.711,0.682,0.684,0.685,0.734,0.513,,,,,,,,
2023-04-09,16,15.333,14.884,15.881,15.371,14.850,15.985,14.954,14.650,15.450,14.959,14.710,15.450,17.499,16.300,19.096,14.957,50.383,452.760,125.368,322.860,397.808,252.444,161.589,636.237,303.862,10.000,7680.483,0.000,-999.000,-999.000,102.334,0.200,0.200,3.926,7.100,130.085,3.076,7.140,134.468,0.358,11.961,11.856,12.077,9.408,9.343,9.475,8.615,8.577,8.638,-999.000,-999.000,-999.000,8.440,9.096,18.865,18.564,19.028,-999.000,-999.000,-999.000,-999.000,-999.000,-999.000,8.592,8.575,8.630,13.223,10.406,16.668,35.037,0.598,0.648,0.689,0.712,0.680,0.681,0.685,0.733,0.511,,,,,,,,
2023-04-09,17,14.143,13.356,15.063,14.121,13.298,15.031,14.121,13.330,15.000,14.107,13.300,15.000,14.047,11.765,17.120,14.091,53.665,207.679,55.459,309.273,382.745,78.748,93.541,342.156,297.418,8.055,7651.533,0.000,-999.000,-999.000,102.301,0.200,0.200,3.536,6.060,150.339,2.667,5.100,152.337,0.358,12.114,12.077,12.163,9.561,9.488,9.630,8.663,8.623,8.698,-999.000,-999.000,-999.000,8.441,9.103,17.923,16.934,18.547,-999.000,-999.000,-999.000,-999.000,-999.000,-999.000,8.614,8.584,8.642,12.788,10.671,15.827,25.754,0.596,0.645,0.689,0.711,0.671,0.686,0.685,0.731,0.509,,,,,,,,
2023-04-09,18,13.021,12.097,13.739,12.997,12.108,13.711,12.982,12.100,13.740,12.985,12.120,13.740,10.857,9.425,12.001,12.965,59.418,81.533,20.830,301.675,368.330,-5.885,41.608,227.823,285.212,5.667,7883.517,0.000,-999.000,-999.000,102.272,0.200,0.200,2.456,3.650,148.460,1.502,3.000,149.878,0.358,12.116,12.082,12.155,9.692,9.620,9.792,8.709,8.687,8.732,-999.000,-999.000,-999.000,8.441,9.099,16.063,15.203,16.911,-999.000,-999.000,-999.000,-999.000,-999.000,-999.000,8.629,8.605,8.647,11.766,10.440,14.059,8.645,0.595,0.644,0.689,0.710,0.667,0.690,0.686,0.730,0.508,,,,,,,,
2023-04-09,19,11.528,10.768,12.260,11.416,10.728,12.162,11.395,10.640,12.160,11.390,10.630,12.190,7.972,6.627,9.403,11.341,65.983,3.229,0.000,297.353,347.018,-40.466,2.355,0.230,281.707,0.000,7924.950,0.000,-999.000,-999.000,102.255,0.200,0.200,2.480,3.040,131.363,1.290,1.990,126.725,0.358,11.971,11.857,12.069,9.827,9.775,9.882,8.766,8.732,8.804,-999.000,-999.000,-999.000,8.445,9.101,14.309,13.438,15.197,-999.000,-999.000,-999.000,-999.000,-999.000,-999.000,8.646,8.621,8.678,10.062,9.523,11.415,-4.387,0.594,0.643,0.689,0.710,0.666,0.690,0.686,0.730,0.507,,,,,,,,
2023-04-09,20,10.225,9.458,10.755,10.169,9.448,10.712,10.148,9.320,10.770,10.120,9.270,10.750,6.355,5.922,6.866,10.038,70.798,0.000,0.000,293.043,341.068,-42.689,0.000,0.000,278.502,0.000,7936.500,0.000,-999.000,-999.000,102.256,0.200,0.200,2.841,3.810,122.544,1.394,2.590,123.373,0.360,11.690,11.524,11.841,9.930,9.871,9.974,8.828,8.796,8.884,-999.000,-999.000,-999.000,8.447,9.105,12.634,11.920,13.418,-999.000,-999.000,-999.000,-999.000,-999.000,-999.000,8.658,8.633,8.691,7.985,7.809,8.056,-13.962,0.593,0.642,0.689,0.709,0.666,0.691,0.686,0.731,0.506,,,,,,,,
2023-04-09,21,9.331,7.576,9.842,9.297,7.443,9.907,9.351,7.555,9.860,9.318,7.453,9.910,5.673,5.199,5.965,9.290,70.507,0.000,0.000,292.943,342.015,-43.967,0.000,0.000,279.415,0.000,7947.700,0.000,-999.000,-999.000,102.221,0.200,0.200,3.038,5.000,126.882,1.621,3.030,137.184,0.361,11.336,11.169,11.511,9.986,9.970,10.012,8.905,8.894,8.939,-999.000,-999.000,-999.000,8.443,9.114,11.280,10.715,11.903,-999.000,-999.000,-999.000,-999.000,-999.000,-999.000,8.678,8.662,8.694,5.656,5.704,4.690,-19.656,0.591,0.641,0.690,0.709,0.665,0.691,0.687,0.731,0.505,,,,,,,,
2023-04-09,22,7.365,7.063,7.779,7.371,7.066,7.811,7.414,7.108,7.860,7.404,7.094,7.940,5.188,4.385,5.674,7.391,78.260,0.000,0.000,295.980,333.697,-31.622,0.000,0.000,283.133,0.000,7898.300,0.000,-999.000,-999.000,102.194,0.200,0.200,2.030,3.070,135.573,1.052,1.530,174.890,0.361,10.993,10.847,11.177,9.996,9.977,10.029,8.938,8.907,8.986,-999.000,-999.000,-999.000,8.445,9.098,10.232,9.804,10.699,-999.000,-999.000,-999.000,-999.000,-999.000,-999.000,8.687,8.665,8.726,3.635,3.777,2.097,-22.477,0.589,0.640,0.690,0.709,0.664,0.692,0.687,0.731,0.504,,,,,,,,
2023-04-09,23,7.379,6.511,8.318,7.402,6.481,8.422,7.422,6.496,8.420,7.412,6.456,8.420,4.419,3.868,5.029,7.399,77.265,0.000,0.000,297.425,335.993,-32.770,0.000,0.000,284.673,0.000,7833.783,0.000,-999.000,-999.000,102.183,0.200,0.200,2.658,4.490,135.581,1.339,2.310,158.130,0.362,10.660,10.487,10.840,9.964,9.944,10.000,8.989,8.986,8.990,-999.000,-999.000,-999.000,8.432,9.102,9.424,9.032,9.815,-999.000,-999.000,-999.000,-999.000,-999.000,-999.000,8.714,8.688,8.743,1.975,2.122,0.038,-23.681,0.588,0.639,0.690,0.709,0.664,0.692,0.687,0.732,0.503,,,,,,,,
2023-04-09,24,8.092,6.931,8.422,8.123,6.967,8.468,8.101,6.902,8.490,8.118,6.948,8.480,4.918,3.871,5.368,8.052,73.657,0.000,0.000,303.275,345.072,-36.959,0.000,0.000,291.817,0.000,7910.617,0.000,-999.000,-999.000,102.151,0.200,0.200,4.037,5.860,142.335,2.343,4.110,145.730,0.362,10.359,10.225,10.497,9.923,9.878,9.957,9.026,8.990,9.069,-999.000,-999.000,-999.000,8.436,9.095,8.753,8.554,9.032,-999.000,-999.000,-999.000,-999.000,-999.000,-999.000,8.725,8.690,8.749,0.484,0.686,-1.672,-24.115,0.587,0.638,0.690,0.709,0.663,0.693,0.687,0.732,0.503,,,,,,,,
