2023-09-21,01,19.234,18.665,19.713,19.232,18.700,19.704,19.263,18.770,19.740,19.266,18.760,19.760,17.516,16.818,18.162,19.253,66.032,0.000,0.000,361.353,400.023,-35.148,0.000,0.000,358.580,0.000,7999.000,0.000,-999.000,-999.000,99.911,0.200,0.200,6.827,10.080,168.914,4.956,9.690,167.547,0.480,17.732,17.674,17.801,17.840,17.812,17.868,17.628,17.601,17.656,-999.000,-999.000,-999.000,15.824,14.161,15.462,15.382,15.573,-999.000,-999.000,-999.000,-999.000,-999.000,-999.000,18.029,17.975,18.105,-2.686,-1.644,-3.175,-13.648,0.554,0.633,0.694,0.761,0.581,0.658,0.700,0.760,0.458,,,,,,,,
2023-09-21,02,19.260,18.905,19.524,19.273,18.950,19.552,19.258,18.940,19.520,19.258,18.940,19.550,17.614,17.267,17.891,19.264,64.286,0.000,0.000,357.820,400.237,-39.133,0.000,0.000,355.028,0.000,7999.000,0.000,-999.000,-999.000,99.832,0.200,0.200,7.200,11.540,167.593,5.436,9.720,166.446,0.480,17.671,17.622,17.707,17.812,17.775,17.859,17.643,17.612,17.675,-999.000,-999.000,-999.000,15.851,14.179,15.467,15.391,15.563,-999.000,-999.000,-999.000,-999.000,-999.000,-999.000,18.035,17.967,18.099,-2.969,-1.917,-3.445,-11.911,0.553,0.633,0.694,0.761,0.580,0.658,0.700,0.760,0.458,,,,,,,,
2023-09-21,03,18.631,18.197,19.226,18.634,18.219,19.204,18.644,18.290,19.200,18.645,18.290,19.220,17.099,16.633,17.650,18.632,67.013,0.000,0.000,368.897,398.373,-25.984,0.000,0.000,366.285,0.000,7999.000,0.000,-999.000,-999.000,99.797,0.200,0.200,5.729,9.120,165.466,4.269,7.500,164.926,0.480,17.596,17.542,17.658,17.789,17.761,17.818,17.637,17.609,17.665,-999.000,-999.000,-999.000,15.846,14.179,15.372,15.332,15.409,-999.000,-999.000,-999.000,-999.000,-999.000,-999.000,18.016,17.950,18.076,-3.166,-2.114,-3.611,-11.920,0.553,0.632,0.693,0.760,0.579,0.658,0.700,0.760,0.457,,,,,,,,
2023-09-21,04,17.854,17.623,18.359,17.856,17.654,18.321,17.891,17.670,18.380,17.895,17.670,18.380,16.381,16.041,16.861,17.869,70.810,0.000,0.000,371.113,395.422,-20.784,0.000,0.000,368.902,0.000,7999.000,0.000,-999.000,-999.000,99.763,0.200,0.200,5.132,7.530,160.601,3.720,5.870,159.677,0.479,17.537,17.509,17.572,17.761,17.716,17.799,17.628,17.607,17.650,-999.000,-999.000,-999.000,15.823,14.164,15.308,15.214,15.382,-999.000,-999.000,-999.000,-999.000,-999.000,-999.000,17.993,17.931,18.054,-3.317,-2.263,-3.733,-11.077,0.553,0.632,0.693,0.760,0.578,0.657,0.700,0.759,0.457,,,,,,,,
2023-09-21,05,17.820,17.545,18.081,17.822,17.532,18.072,17.872,17.610,18.080,17.866,17.590,18.100,16.521,16.204,16.808,17.823,72.035,0.000,0.000,383.352,396.593,-9.550,0.000,0.000,380.527,0.000,7999.000,0.000,-999.000,-999.000,99.723,0.200,0.200,5.269,8.040,162.048,3.852,5.900,161.025,0.479,17.494,17.452,17.537,17.718,17.691,17.744,17.636,17.603,17.658,-999.000,-999.000,-999.000,15.829,14.150,15.277,15.201,15.353,-999.000,-999.000,-999.000,-999.000,-999.000,-999.000,17.989,17.900,18.063,-3.403,-2.376,-3.795,-10.340,0.552,0.631,0.692,0.760,0.577,0.657,0.699,0.759,0.456,,,,,,,,
2023-09-21,06,17.700,17.554,17.910,17.692,17.569,17.901,17.749,17.630,17.910,17.745,17.630,17.930,16.430,16.188,16.653,17.695,74.464,6.115,0.222,381.463,396.067,-5.781,6.336,15.298,378.887,0.278,7999.000,0.000,-999.000,-999.000,99.709,0.200,0.200,4.624,7.260,162.544,3.243,5.650,161.439,0.479,17.450,17.425,17.482,17.686,17.661,17.716,17.625,17.608,17.648,-999.000,-999.000,-999.000,15.837,14.155,15.371,15.307,15.433,-999.000,-999.000,-999.000,-999.000,-999.000,-999.000,17.989,17.931,18.052,-3.418,-2.441,-3.764,-8.578,0.553,0.631,0.692,0.759,0.577,0.657,0.699,0.758,0.456,,,,,,,,
2023-09-21,07,17.069,16.562,17.574,17.075,16.587,17.559,17.152,16.630,17.620,17.143,16.630,17.600,16.057,15.826,16.395,17.099,81.825,13.015,0.259,387.118,396.175,6.012,16.057,0.002,389.795,0.000,7999.000,0.440,-999.000,-999.000,99.722,0.200,0.200,4.070,7.060,167.145,2.810,5.320,165.588,0.478,17.412,17.373,17.452,17.665,17.640,17.695,17.613,17.576,17.644,-999.000,-999.000,-999.000,15.831,14.154,15.547,15.422,15.677,-999.000,-999.000,-999.000,-999.000,-999.000,-999.000,17.972,17.913,18.028,-3.312,-2.397,-3.599,-6.162,0.553,0.630,0.692,0.759,0.576,0.657,0.699,0.758,0.458,,,,,,,,
2023-09-21,08,16.805,16.572,17.055,16.806,16.597,17.047,16.881,16.630,17.130,16.866,16.620,17.120,16.093,15.833,16.201,16.840,88.170,34.099,3.497,393.212,398.250,25.563,36.311,0.000,395.733,0.000,7999.000,0.700,-999.000,-999.000,99.746,0.200,0.200,4.858,8.250,181.200,3.620,8.230,180.205,0.478,17.406,17.371,17.446,17.634,17.593,17.675,17.605,17.575,17.632,-999.000,-999.000,-999.000,15.822,14.148,15.891,15.683,16.079,-999.000,-999.000,-999.000,-999.000,-999.000,-999.000,17.951,17.891,18.021,-3.046,-2.228,-3.229,-2.122,0.552,0.629,0.692,0.758,0.576,0.657,0.700,0.757,0.463,,,,,,,,
2023-09-21,09,16.231,15.524,16.906,16.222,15.509,16.891,16.285,15.530,16.940,16.271,15.540,16.920,15.663,15.007,16.119,16.218,91.492,21.082,0.671,392.117,396.635,16.771,23.604,0.000,392.610,0.000,7999.000,0.130,-999.000,-999.000,99.794,0.200,0.200,3.974,8.200,241.153,2.888,6.670,238.479,0.478,17.416,17.385,17.444,17.600,17.567,17.629,17.591,17.564,17.612,-999.000,-999.000,-999.000,15.828,14.148,16.130,16.066,16.172,-999.000,-999.000,-999.000,-999.000,-999.000,-999.000,17.955,17.892,18.038,-2.624,-1.943,-2.653,-0.565,0.552,0.628,0.692,0.758,0.577,0.657,0.700,0.756,0.469,,,,,,,,
2023-09-21,10,15.040,14.602,15.479,15.043,14.653,15.504,15.088,14.590,15.570,15.082,14.600,15.560,14.873,14.545,15.334,15.012,91.015,43.149,3.822,386.342,393.353,32.360,46.689,0.000,389.727,0.000,7999.000,0.770,-999.000,-999.000,99.855,0.200,0.200,2.260,4.250,307.482,1.651,3.480,308.914,0.477,17.422,17.398,17.448,17.594,17.562,17.615,17.566,17.545,17.597,-999.000,-999.000,-999.000,15.828,14.161,16.192,16.151,16.236,-999.000,-999.000,-999.000,-999.000,-999.000,-999.000,17.950,17.910,18.004,-2.258,-1.696,-2.209,-2.029,0.552,0.628,0.692,0.758,0.580,0.657,0.700,0.757,0.474,,,,,,,,
2023-09-21,11,14.947,14.712,15.146,14.956,14.720,15.144,14.930,14.710,15.070,14.912,14.670,15.060,14.956,14.632,15.431,14.840,93.098,61.116,8.700,386.938,395.042,44.343,63.936,0.000,393.510,0.000,7999.000,0.190,-999.000,-999.000,99.820,0.200,0.200,2.171,5.340,54.763,1.701,4.820,53.451,0.477,17.437,17.397,17.465,17.572,17.533,17.599,17.553,17.524,17.572,-999.000,-999.000,-999.000,15.822,14.155,16.347,16.227,16.512,-999.000,-999.000,-999.000,-999.000,-999.000,-999.000,17.924,17.885,17.958,-1.985,-1.654,-1.870,-0.572,0.554,0.629,0.692,0.759,0.585,0.658,0.700,0.757,0.482,,,,,,,,
2023-09-21,12,14.481,14.332,14.930,14.474,14.338,14.899,14.544,14.380,14.990,14.528,14.370,14.980,14.271,14.108,14.602,14.457,94.693,32.330,1.798,384.605,389.983,25.475,34.658,0.000,386.178,0.000,7999.000,1.780,-999.000,-999.000,99.813,0.200,0.200,3.192,6.640,335.400,2.355,5.090,334.833,0.476,17.481,17.434,17.523,17.561,17.527,17.596,17.539,17.516,17.576,-999.000,-999.000,-999.000,15.828,14.156,16.252,16.105,16.506,-999.000,-999.000,-999.000,-999.000,-999.000,-999.000,17.925,17.882,17.986,-1.692,-1.715,-1.540,-2.837,0.556,0.631,0.692,0.758,0.593,0.664,0.700,0.755,0.496,,,,,,,,
2023-09-21,13,14.363,14.152,14.674,14.361,14.180,14.735,14.429,14.220,14.750,14.407,14.200,14.730,14.596,13.990,15.175,14.353,95.672,88.923,15.064,380.442,392.302,62.044,91.287,0.000,387.952,0.000,7999.000,2.910,-999.000,-999.000,99.792,0.200,0.200,2.639,4.470,354.864,2.042,3.990,354.767,0.474,17.485,17.446,17.514,17.566,17.529,17.590,17.522,17.500,17.544,-999.000,-999.000,-999.000,15.835,14.162,16.079,15.937,16.335,-999.000,-999.000,-999.000,-999.000,-999.000,-999.000,17.915,17.874,17.955,-1.844,-2.418,-1.901,-5.308,0.623,0.673,0.692,0.755,0.663,0.684,0.699,0.752,0.539,,,,,,,,
2023-09-21,14,14.944,14.647,15.203,14.988,14.721,15.251,14.964,14.620,15.280,14.968,14.610,15.270,15.393,14.960,16.001,14.913,93.785,128.789,24.644,380.700,398.672,86.173,131.014,0.000,392.325,0.000,7999.000,0.190,-999.000,-999.000,99.730,0.200,0.200,2.332,4.410,53.783,1.879,3.390,54.974,0.474,17.470,17.435,17.512,17.548,17.527,17.575,17.513,17.492,17.546,-999.000,-999.000,-999.000,15.823,14.155,16.629,16.336,16.985,-999.000,-999.000,-999.000,-999.000,-999.000,-999.000,17.896,17.837,17.931,-1.954,-2.759,-2.217,3.536,0.635,0.687,0.695,0.755,0.680,0.689,0.700,0.752,0.543,,,,,,,,
2023-09-21,15,15.227,15.136,15.333,15.244,15.156,15.330,15.181,15.060,15.330,15.180,15.090,15.320,15.061,14.804,15.576,15.119,94.523,62.053,8.940,379.068,394.840,37.341,64.128,0.000,392.022,0.000,7899.767,0.430,-999.000,-999.000,99.669,0.200,0.200,2.725,5.520,91.268,2.123,5.010,89.423,0.473,17.545,17.498,17.588,17.543,17.519,17.559,17.505,17.483,17.519,-999.000,-999.000,-999.000,15.826,14.172,16.894,16.678,17.032,-999.000,-999.000,-999.000,-999.000,-999.000,-999.000,17.888,17.852,17.926,-1.371,-2.453,-1.325,5.032,0.637,0.688,0.695,0.756,0.682,0.689,0.700,0.753,0.544,,,,,,,,
2023-09-21,16,15.343,15.257,15.416,15.346,15.255,15.418,15.317,15.180,15.410,15.317,15.200,15.410,14.936,14.802,15.162,15.272,95.642,28.198,2.078,381.985,393.588,15.300,30.158,0.000,393.567,0.000,7999.000,0.550,-999.000,-999.000,99.599,0.200,0.200,1.909,5.000,94.407,1.486,4.590,83.951,0.473,17.622,17.585,17.651,17.542,17.519,17.565,17.491,17.469,17.523,-999.000,-999.000,-999.000,15.826,14.161,16.509,16.431,16.659,-999.000,-999.000,-999.000,-999.000,-999.000,-999.000,17.877,17.834,17.907,-1.022,-1.958,-0.794,-2.248,0.642,0.690,0.695,0.756,0.683,0.690,0.700,0.753,0.545,,,,,,,,
2023-09-21,17,15.225,15.055,15.452,15.200,15.048,15.427,15.256,15.110,15.410,15.236,15.110,15.420,14.769,14.473,15.000,15.174,96.793,13.402,0.000,382.358,391.287,6.421,16.431,0.000,396.077,0.000,7792.717,3.020,-999.000,-999.000,99.582,0.200,0.200,1.046,2.270,313.972,0.752,1.880,307.238,0.471,17.641,17.614,17.662,17.544,17.522,17.569,17.480,17.458,17.500,-999.000,-999.000,-999.000,15.826,14.160,16.269,16.137,16.428,-999.000,-999.000,-999.000,-999.000,-999.000,-999.000,17.869,17.844,17.913,-1.330,-1.771,-1.052,-5.122,0.670,0.692,0.696,0.754,0.687,0.690,0.700,0.751,0.546,,,,,,,,
2023-09-21,18,15.033,14.809,15.145,15.032,14.831,15.144,15.087,14.870,15.220,15.064,14.850,15.160,14.285,13.982,14.572,15.010,97.663,2.392,0.000,379.088,388.887,-4.186,3.913,0.000,394.063,0.000,7982.017,0.330,-999.000,-999.000,99.603,0.200,0.200,1.538,2.120,152.083,1.003,1.820,150.862,0.470,17.601,17.578,17.635,17.544,17.524,17.569,17.475,17.451,17.503,-999.000,-999.000,-999.000,15.820,14.158,15.996,15.809,16.147,-999.000,-999.000,-999.000,-999.000,-999.000,-999.000,17.851,17.806,17.888,-1.735,-1.686,-1.703,-7.445,0.677,0.693,0.696,0.754,0.688,0.691,0.700,0.752,0.546,,,,,,,,
2023-09-21,19,14.822,14.578,14.995,14.824,14.573,15.009,14.844,14.620,14.980,14.833,14.590,14.960,14.000,13.670,14.221,14.809,97.657,0.000,0.000,375.438,387.118,-9.355,0.000,0.000,392.050,0.000,7945.350,0.370,-999.000,-999.000,99.626,0.200,0.200,2.020,3.160,154.627,1.299,2.420,151.644,0.469,17.552,17.513,17.592,17.538,17.514,17.558,17.473,17.444,17.497,-999.000,-999.000,-999.000,15.835,14.154,15.642,15.464,15.813,-999.000,-999.000,-999.000,-999.000,-999.000,-999.000,17.854,17.808,17.911,-2.050,-1.663,-2.257,-10.456,0.679,0.693,0.697,0.754,0.689,0.692,0.700,0.752,0.546,,,,,,,,
2023-09-21,20,14.552,14.438,14.723,14.535,14.426,14.687,14.557,14.490,14.700,14.560,14.470,14.700,13.594,13.333,14.017,14.550,97.295,0.000,0.000,372.887,385.487,-9.962,0.000,0.000,386.553,0.000,7985.050,0.000,-999.000,-999.000,99.668,0.200,0.200,2.072,4.080,163.403,1.269,3.560,163.319,0.469,17.488,17.452,17.527,17.548,17.521,17.574,17.465,17.440,17.493,-999.000,-999.000,-999.000,15.825,14.160,15.313,15.201,15.461,-999.000,-999.000,-999.000,-999.000,-999.000,-999.000,17.829,17.779,17.886,-2.490,-1.758,-2.855,-12.662,0.679,0.694,0.696,0.754,0.689,0.692,0.700,0.753,0.546,,,,,,,,
2023-09-21,21,14.815,14.655,15.022,14.836,14.667,15.046,14.809,14.710,14.970,14.842,14.710,15.030,14.119,13.954,14.280,14.895,95.682,0.000,0.000,379.328,388.738,-6.406,0.000,0.000,375.638,0.000,7999.000,0.000,-999.000,-999.000,99.696,0.200,0.200,3.566,6.780,179.878,2.508,5.790,178.074,0.468,17.416,17.364,17.459,17.536,17.513,17.564,17.456,17.428,17.476,-999.000,-999.000,-999.000,15.824,14.164,15.183,15.157,15.214,-999.000,-999.000,-999.000,-999.000,-999.000,-999.000,17.819,17.773,17.858,-2.942,-1.931,-3.380,-11.898,0.679,0.694,0.696,0.754,0.690,0.693,0.700,0.753,0.546,,,,,,,,
2023-09-21,22,14.911,14.770,15.068,14.916,14.759,15.122,14.952,14.870,15.070,14.963,14.860,15.130,14.062,13.874,14.237,14.975,92.950,0.000,0.000,374.605,387.925,-10.178,0.000,0.000,370.665,0.000,7999.000,0.000,-999.000,-999.000,99.717,0.200,0.200,4.895,7.570,197.743,3.583,6.050,197.254,0.468,17.343,17.295,17.394,17.507,17.479,17.540,17.447,17.418,17.468,-999.000,-999.000,-999.000,15.825,14.161,15.108,15.005,15.203,-999.000,-999.000,-999.000,-999.000,-999.000,-999.000,17.811,17.752,17.874,-3.243,-2.066,-3.639,-10.934,0.679,0.694,0.696,0.754,0.689,0.693,0.700,0.753,0.544,,,,,,,,
2023-09-21,23,14.785,14.598,14.893,14.784,14.563,14.904,14.852,14.680,14.940,14.843,14.660,14.960,14.021,13.713,14.119,14.837,93.070,0.000,0.000,377.510,387.702,-6.577,0.062,0.000,373.745,0.000,7992.700,0.000,-999.000,-999.000,99.720,0.200,0.200,5.116,9.040,200.354,3.806,6.900,199.623,0.468,17.279,17.222,17.332,17.490,17.450,17.531,17.440,17.405,17.488,-999.000,-999.000,-999.000,15.825,14.166,14.984,14.932,15.022,-999.000,-999.000,-999.000,-999.000,-999.000,-999.000,17.793,17.716,17.851,-3.463,-2.147,-3.855,-11.256,0.679,0.694,0.696,0.754,0.689,0.693,0.700,0.753,0.544,,,,,,,,
2023-09-21,24,14.520,14.282,14.704,14.525,14.300,14.706,14.583,14.340,14.730,14.581,14.350,14.740,13.662,13.393,13.851,14.529,92.450,0.000,0.000,370.743,385.547,-10.865,0.217,0.000,366.825,0.000,7999.000,0.000,-999.000,-999.000,99.749,0.200,0.200,6.008,9.300,223.990,4.597,7.380,223.611,0.467,17.208,17.170,17.255,17.473,17.442,17.501,17.432,17.408,17.465,-999.000,-999.000,-999.000,15.823,14.168,14.809,14.702,14.929,-999.000,-999.000,-999.000,-999.000,-999.000,-999.000,17.782,17.717,17.842,-3.680,-2.258,-4.083,-12.275,0.679,0.694,0.696,0.754,0.689,0.692,0.700,0.753,0.544,,,,,,,,
