2023-07-16,01,17.046,15.728,18.064,17.052,15.764,18.089,17.135,15.870,18.130,17.119,15.820,18.130,15.410,14.098,16.681,17.081,65.954,0.000,0.000,346.335,388.112,-36.391,0.000,0.000,341.398,0.000,7999.000,0.000,-999.000,-999.000,100.826,0.200,0.200,4.978,9.580,193.000,3.380,7.310,191.480,0.804,18.798,18.656,18.964,19.272,19.212,19.328,18.879,18.856,18.906,-999.000,-999.000,-999.000,14.678,12.703,19.435,19.101,19.690,-999.000,-999.000,-999.000,-999.000,-999.000,-999.000,20.017,19.984,20.069,-2.800,-2.158,-3.751,-30.720,0.183,0.255,0.213,0.573,0.235,0.317,0.361,0.617,0.432,,,,,,,,
2023-07-16,02,16.358,15.952,17.014,16.364,15.954,17.028,16.392,16.020,17.030,16.388,16.010,17.040,14.814,14.359,15.466,16.370,71.868,0.000,0.000,324.262,384.923,-56.082,0.000,0.000,319.303,0.000,7999.000,0.000,-999.000,-999.000,100.828,0.200,0.200,5.327,8.770,197.390,3.703,6.870,196.048,0.805,18.493,18.334,18.657,19.172,19.114,19.227,18.870,18.838,18.893,-999.000,-999.000,-999.000,14.688,12.698,18.791,18.475,19.095,-999.000,-999.000,-999.000,-999.000,-999.000,-999.000,20.022,19.993,20.056,-3.547,-2.823,-4.644,-32.879,0.183,0.254,0.213,0.573,0.234,0.317,0.361,0.616,0.430,,,,,,,,
2023-07-16,03,15.666,15.370,16.018,15.670,15.365,16.039,15.729,15.470,16.060,15.719,15.440,16.080,14.267,14.036,14.663,15.699,75.085,0.000,0.000,322.212,382.137,-55.333,0.000,0.000,317.320,0.000,7999.000,0.000,-999.000,-999.000,100.829,0.200,0.200,5.491,8.520,195.233,3.739,7.060,193.521,0.805,18.207,18.068,18.334,19.054,18.980,19.131,18.851,18.829,18.879,-999.000,-999.000,-999.000,14.679,12.708,18.275,18.076,18.458,-999.000,-999.000,-999.000,-999.000,-999.000,-999.000,20.035,20.003,20.065,-4.238,-3.429,-5.455,-36.624,0.182,0.253,0.213,0.573,0.234,0.316,0.361,0.615,0.428,,,,,,,,
2023-07-16,04,15.524,15.242,15.841,15.538,15.251,15.859,15.589,15.290,15.850,15.584,15.260,15.870,14.309,13.863,14.794,15.540,77.194,3.744,0.021,320.020,382.828,-54.876,3.232,7.026,314.867,0.000,7999.000,0.000,-999.000,-999.000,100.853,0.200,0.200,6.071,10.590,199.300,4.415,7.670,198.277,0.806,17.934,17.810,18.081,18.941,18.856,18.997,18.826,18.803,18.856,-999.000,-999.000,-999.000,14.678,12.697,17.860,17.663,18.069,-999.000,-999.000,-999.000,-999.000,-999.000,-999.000,20.044,20.023,20.069,-4.773,-3.965,-6.109,-39.260,0.182,0.253,0.213,0.573,0.233,0.316,0.361,0.614,0.426,,,,,,,,
2023-07-16,05,15.922,15.618,16.307,15.931,15.620,16.326,15.983,15.730,16.400,15.964,15.680,16.350,15.180,14.615,16.102,15.926,74.638,65.845,16.300,322.440,386.668,-14.684,31.249,230.947,317.345,7.972,7999.000,0.000,-999.000,-999.000,100.918,0.200,0.200,6.436,10.530,201.478,4.741,8.080,200.789,0.807,17.683,17.571,17.806,18.816,18.732,18.886,18.798,18.772,18.829,-999.000,-999.000,-999.000,14.687,12.707,17.676,17.600,17.842,-999.000,-999.000,-999.000,-999.000,-999.000,-999.000,20.055,20.023,20.086,-5.118,-4.394,-6.533,-34.889,0.182,0.252,0.213,0.573,0.233,0.316,0.361,0.614,0.425,,,,,,,,
2023-07-16,06,16.457,16.216,16.740,16.461,16.190,16.718,16.550,16.350,16.780,16.514,16.300,16.770,16.595,15.831,17.418,16.479,70.196,197.799,51.075,324.072,394.430,76.365,56.279,481.528,317.380,9.611,7999.000,0.000,-999.000,-999.000,100.984,0.200,0.200,7.126,11.370,199.662,5.448,9.720,198.855,0.808,17.499,17.419,17.584,18.696,18.615,18.768,18.759,18.723,18.794,-999.000,-999.000,-999.000,14.693,12.714,18.348,17.845,18.903,-999.000,-999.000,-999.000,-999.000,-999.000,-999.000,20.070,20.040,20.113,-5.156,-4.548,-6.572,-20.777,0.181,0.252,0.212,0.573,0.233,0.315,0.360,0.613,0.424,,,,,,,,
2023-07-16,07,17.263,16.729,18.137,17.263,16.696,18.146,17.348,16.790,18.280,17.321,16.770,18.270,18.439,17.400,20.025,17.274,67.109,361.465,90.692,328.653,406.348,193.078,72.825,651.646,319.582,10.000,7999.000,0.000,-999.000,-999.000,101.046,0.200,0.200,7.118,11.770,207.404,5.469,11.070,207.244,0.809,17.454,17.415,17.489,18.569,18.495,18.671,18.718,18.670,18.753,-999.000,-999.000,-999.000,14.694,12.708,19.792,18.936,20.680,-999.000,-999.000,-999.000,-999.000,-999.000,-999.000,20.079,20.040,20.120,-4.763,-4.294,-6.041,0.950,0.181,0.251,0.212,0.573,0.233,0.315,0.360,0.613,0.425,,,,,,,,
2023-07-16,08,18.366,17.999,18.884,18.358,17.986,18.868,18.425,18.070,18.910,18.405,18.030,18.910,19.696,18.210,21.259,18.375,63.249,419.838,98.572,353.380,415.473,259.172,189.871,393.072,346.393,6.667,7999.000,0.000,-999.000,-999.000,101.077,0.200,0.200,8.843,15.780,215.573,6.847,12.890,215.652,0.810,17.589,17.480,17.694,18.453,18.383,18.529,18.674,18.629,18.712,-999.000,-999.000,-999.000,14.692,12.699,21.482,20.736,21.954,-999.000,-999.000,-999.000,-999.000,-999.000,-999.000,20.096,20.059,20.134,-3.679,-3.514,-4.611,20.331,0.181,0.251,0.212,0.572,0.233,0.315,0.360,0.614,0.427,,,,,,,,
2023-07-16,09,18.988,18.348,20.125,18.984,18.315,20.119,19.041,18.360,20.250,19.026,18.350,20.270,20.573,19.045,23.140,19.005,62.863,460.378,106.779,383.692,422.977,314.314,349.004,142.535,380.712,3.472,7999.000,0.000,-999.000,-999.000,101.123,0.200,0.200,8.274,13.510,213.195,6.364,11.540,212.510,0.810,17.832,17.694,17.997,18.368,18.321,18.423,18.624,18.590,18.646,-999.000,-999.000,-999.000,14.693,12.707,22.625,21.973,23.182,-999.000,-999.000,-999.000,-999.000,-999.000,-999.000,20.112,20.064,20.150,-2.233,-2.587,-2.849,28.981,0.181,0.252,0.212,0.572,0.233,0.315,0.360,0.614,0.429,,,,,,,,
2023-07-16,10,19.286,18.748,20.293,19.284,18.755,20.270,19.350,18.760,20.540,19.335,18.780,20.540,20.316,18.752,22.921,19.308,62.158,318.993,70.865,393.473,420.868,220.733,295.909,16.936,391.482,0.361,7999.000,0.000,-999.000,-999.000,101.172,0.200,0.200,7.269,12.120,222.214,5.672,11.020,222.712,0.811,18.136,17.976,18.262,18.328,18.294,18.366,18.569,18.530,18.601,-999.000,-999.000,-999.000,14.701,12.707,23.289,22.896,23.767,-999.000,-999.000,-999.000,-999.000,-999.000,-999.000,20.103,20.066,20.147,-0.680,-1.619,-1.017,26.673,0.181,0.253,0.212,0.571,0.233,0.315,0.360,0.614,0.431,,,,,,,,
2023-07-16,11,19.318,19.014,19.685,19.322,19.015,19.699,19.363,19.130,19.770,19.354,19.110,19.760,19.588,18.520,20.913,19.327,61.738,212.223,45.805,394.982,414.720,146.679,208.322,0.144,392.043,0.000,7999.000,0.000,-999.000,-999.000,101.220,0.200,0.200,7.848,13.130,218.359,6.005,11.260,217.778,0.811,18.333,18.262,18.386,18.322,18.295,18.353,18.514,18.483,18.563,-999.000,-999.000,-999.000,14.711,12.711,23.295,22.925,23.717,-999.000,-999.000,-999.000,-999.000,-999.000,-999.000,20.101,20.068,20.140,0.392,-0.943,0.029,18.111,0.181,0.254,0.212,0.571,0.233,0.316,0.360,0.615,0.432,,,,,,,,
2023-07-16,12,19.961,19.157,20.808,19.952,19.161,20.762,20.013,19.210,20.830,20.000,19.230,20.860,21.667,18.927,24.224,19.954,61.794,486.882,108.747,395.182,430.422,342.895,430.644,50.344,393.060,0.361,7999.000,0.000,-999.000,-999.000,101.282,0.200,0.200,7.881,13.530,223.313,6.101,10.940,222.616,0.812,18.404,18.352,18.506,18.321,18.293,18.345,18.476,18.429,18.522,-999.000,-999.000,-999.000,14.704,12.721,23.648,22.743,25.098,-999.000,-999.000,-999.000,-999.000,-999.000,-999.000,20.113,20.071,20.150,0.700,-0.706,0.257,22.571,0.182,0.254,0.212,0.570,0.233,0.316,0.360,0.614,0.433,,,,,,,,
2023-07-16,13,19.925,18.141,20.782,19.927,18.100,20.787,19.990,18.320,20.790,19.967,18.190,20.840,21.954,18.282,25.119,19.945,65.612,516.415,112.972,380.810,433.640,350.613,271.389,244.095,373.542,3.472,7999.000,0.000,-999.000,-999.000,101.325,0.200,0.200,7.611,14.830,216.996,5.934,11.640,216.782,0.813,18.739,18.516,19.001,18.329,18.301,18.363,18.435,18.409,18.462,-999.000,-999.000,-999.000,14.710,12.725,25.338,24.394,26.221,-999.000,-999.000,-999.000,-999.000,-999.000,-999.000,20.121,20.075,20.164,1.473,0.027,1.418,44.026,0.182,0.255,0.212,0.569,0.234,0.316,0.360,0.614,0.435,,,,,,,,
2023-07-16,14,20.853,19.288,21.798,20.844,19.273,21.816,20.882,19.350,22.120,20.862,19.310,22.100,23.182,19.309,25.311,20.835,61.082,624.604,139.764,373.872,440.725,417.986,283.982,388.279,365.528,7.194,7999.000,0.000,-999.000,-999.000,101.351,0.200,0.200,7.723,13.260,219.156,6.030,12.080,218.489,0.814,19.196,18.995,19.401,18.361,18.328,18.406,18.409,18.373,18.435,-999.000,-999.000,-999.000,14.708,12.720,26.251,25.253,27.310,-999.000,-999.000,-999.000,-999.000,-999.000,-999.000,20.118,20.078,20.154,2.816,1.233,3.376,46.073,0.182,0.255,0.211,0.568,0.234,0.316,0.360,0.614,0.438,,,,,,,,
2023-07-16,15,20.958,20.325,21.612,20.957,20.301,21.570,21.012,20.360,21.830,20.999,20.340,21.790,21.343,19.625,23.876,20.965,56.267,231.830,51.346,394.348,423.870,150.962,220.134,8.984,391.043,0.167,7999.000,0.000,-999.000,-999.000,101.353,0.200,0.200,6.306,11.460,227.495,4.882,9.790,226.645,0.814,19.552,19.414,19.633,18.421,18.346,18.476,18.393,18.367,18.419,-999.000,-999.000,-999.000,14.708,12.710,26.370,25.550,27.400,-999.000,-999.000,-999.000,-999.000,-999.000,-999.000,20.122,20.085,20.157,3.773,2.258,4.895,31.679,0.182,0.256,0.211,0.567,0.234,0.317,0.360,0.613,0.440,,,,,,,,
2023-07-16,16,21.166,20.630,21.811,21.152,20.577,21.786,21.230,20.620,21.930,21.216,20.610,21.910,22.032,21.022,24.139,21.189,56.245,354.194,80.381,382.818,428.992,227.640,301.280,67.013,379.415,2.167,7999.000,0.000,-999.000,-999.000,101.363,0.200,0.200,7.424,12.910,212.172,5.596,10.450,211.420,0.815,19.499,19.466,19.522,18.505,18.453,18.578,18.382,18.365,18.392,-999.000,-999.000,-999.000,14.711,12.719,25.671,25.502,25.873,-999.000,-999.000,-999.000,-999.000,-999.000,-999.000,20.132,20.104,20.167,3.631,2.219,4.517,19.239,0.182,0.256,0.211,0.566,0.235,0.317,0.360,0.613,0.440,,,,,,,,
2023-07-16,17,20.457,20.166,21.140,20.444,20.167,21.117,20.503,20.200,21.180,20.484,20.200,21.190,20.936,20.275,23.095,20.486,59.931,244.722,54.950,384.765,422.162,152.375,221.984,29.034,381.600,0.805,7999.000,0.000,-999.000,-999.000,101.359,0.200,0.200,6.764,10.630,207.191,5.208,9.470,206.523,0.816,19.458,19.434,19.483,18.575,18.541,18.614,18.369,18.340,18.392,-999.000,-999.000,-999.000,14.720,12.730,25.401,25.022,25.771,-999.000,-999.000,-999.000,-999.000,-999.000,-999.000,20.109,20.065,20.145,3.047,1.928,3.837,15.081,0.182,0.256,0.211,0.566,0.235,0.317,0.360,0.613,0.439,,,,,,,,
2023-07-16,18,20.557,20.207,21.227,20.527,20.174,21.138,20.586,20.200,21.140,20.569,20.190,21.120,20.581,19.428,22.958,20.591,58.494,187.479,41.635,364.010,417.520,92.334,134.478,122.405,359.663,2.944,7999.000,0.000,-999.000,-999.000,101.369,0.200,0.200,5.317,9.210,214.652,4.004,7.510,214.209,0.816,19.373,19.301,19.453,18.618,18.581,18.659,18.375,18.351,18.401,-999.000,-999.000,-999.000,14.711,12.735,24.684,24.121,25.005,-999.000,-999.000,-999.000,-999.000,-999.000,-999.000,20.118,20.079,20.156,2.461,1.593,3.132,5.990,0.182,0.256,0.211,0.565,0.235,0.317,0.360,0.612,0.439,,,,,,,,
2023-07-16,19,20.005,19.617,20.385,20.007,19.617,20.420,20.060,19.620,20.410,20.047,19.610,20.400,18.955,18.411,19.540,20.029,60.055,50.760,5.398,373.712,407.987,11.175,49.972,0.000,369.328,0.000,7999.000,0.000,-999.000,-999.000,101.384,0.200,0.200,4.078,7.090,211.562,3.004,6.010,211.047,0.817,19.204,19.079,19.297,18.653,18.630,18.672,18.384,18.357,18.410,-999.000,-999.000,-999.000,14.723,12.723,23.523,22.924,24.078,-999.000,-999.000,-999.000,-999.000,-999.000,-999.000,20.107,20.065,20.139,1.750,1.135,2.153,-11.957,0.182,0.256,0.211,0.566,0.235,0.317,0.360,0.612,0.437,,,,,,,,
2023-07-16,20,19.491,19.022,19.813,19.491,19.005,19.841,19.540,19.120,19.940,19.534,19.100,19.930,18.011,17.638,18.480,19.497,57.871,10.202,0.000,372.532,402.093,-14.958,9.996,0.000,367.887,0.000,7999.000,0.000,-999.000,-999.000,101.404,0.200,0.200,4.469,8.010,215.668,3.301,7.180,214.815,0.818,18.963,18.804,19.079,18.665,18.640,18.689,18.390,18.364,18.416,-999.000,-999.000,-999.000,14.714,12.730,22.317,21.809,22.911,-999.000,-999.000,-999.000,-999.000,-999.000,-999.000,20.102,20.068,20.133,0.768,0.488,0.826,-22.424,0.182,0.255,0.211,0.567,0.234,0.317,0.360,0.613,0.435,,,,,,,,
2023-07-16,21,18.898,18.556,19.276,18.910,18.577,19.285,18.980,18.590,19.310,18.977,18.590,19.330,17.521,17.065,17.981,18.917,59.848,0.000,0.000,381.722,399.788,-11.873,0.000,0.000,377.170,0.000,7999.000,0.000,-999.000,-999.000,101.435,0.200,0.200,3.852,5.910,214.590,2.766,5.430,214.067,0.818,18.685,18.579,18.798,18.666,18.632,18.704,18.396,18.373,18.432,-999.000,-999.000,-999.000,14.726,12.735,21.480,21.138,21.793,-999.000,-999.000,-999.000,-999.000,-999.000,-999.000,20.099,20.051,20.142,-0.331,-0.353,-0.621,-24.866,0.182,0.255,0.211,0.566,0.234,0.317,0.360,0.613,0.432,,,,,,,,
2023-07-16,22,17.543,16.907,18.783,17.544,16.912,18.783,17.623,16.920,18.860,17.601,16.900,18.870,16.053,15.406,17.403,17.588,68.908,0.000,0.000,368.005,392.925,-18.527,0.000,0.000,363.453,0.000,7999.000,0.000,-999.000,-999.000,101.425,0.200,0.200,3.449,5.460,194.387,2.036,4.290,190.688,0.819,18.458,18.348,18.576,18.630,18.598,18.650,18.411,18.382,18.425,-999.000,-999.000,-999.000,14.726,12.741,20.772,20.424,21.135,-999.000,-999.000,-999.000,-999.000,-999.000,-999.000,20.100,20.063,20.133,-1.189,-1.024,-1.728,-26.310,0.182,0.254,0.211,0.564,0.234,0.316,0.360,0.612,0.430,,,,,,,,
2023-07-16,23,17.202,16.846,17.649,17.205,16.851,17.646,17.274,17.000,17.660,17.272,16.970,17.670,15.930,15.285,16.457,17.243,70.386,0.000,0.000,369.257,392.252,-17.231,0.000,0.000,364.672,0.000,7999.000,0.000,-999.000,-999.000,101.446,0.200,0.200,3.566,5.630,205.600,2.350,4.930,204.512,0.820,18.255,18.149,18.363,18.578,18.541,18.619,18.405,18.385,18.437,-999.000,-999.000,-999.000,14.728,12.727,19.968,19.787,20.393,-999.000,-999.000,-999.000,-999.000,-999.000,-999.000,20.082,20.056,20.118,-1.824,-1.511,-2.572,-29.349,0.181,0.253,0.211,0.564,0.233,0.316,0.360,0.612,0.428,,,,,,,,
2023-07-16,24,17.106,16.682,17.784,17.095,16.663,17.780,17.168,16.730,17.870,17.159,16.720,17.880,16.060,15.580,16.751,17.140,71.817,0.000,0.000,373.990,393.318,-13.392,0.000,0.000,369.558,0.000,7999.000,0.000,-999.000,-999.000,101.462,0.200,0.200,3.828,5.990,200.204,2.617,4.850,199.006,0.821,18.081,18.003,18.159,18.511,18.470,18.551,18.404,18.378,18.424,-999.000,-999.000,-999.000,14.730,12.727,19.613,19.417,19.783,-999.000,-999.000,-999.000,-999.000,-999.000,-999.000,20.081,20.063,20.103,-2.284,-1.958,-3.190,-26.965,0.181,0.253,0.211,0.564,0.233,0.316,0.360,0.611,0.426,,,,,,,,
