2023-06-28,01,14.418,14.240,14.613,14.410,14.258,14.599,14.338,14.240,14.630,14.331,14.230,14.570,14.084,13.639,14.599,14.278,93.485,0.000,0.000,373.772,386.143,-4.764,0.000,0.000,370.887,0.000,7999.000,0.000,-999.000,-999.000,101.853,0.200,0.200,0.543,1.270,294.042,0.319,1.060,115.730,0.849,19.216,19.112,19.324,19.618,19.555,19.676,19.372,19.349,19.393,-999.000,-999.000,-999.000,13.751,11.727,20.797,20.672,20.966,-999.000,-999.000,-999.000,-999.000,-999.000,-999.000,21.022,21.005,21.043,-2.877,-2.881,-4.857,-26.859,0.213,0.294,0.293,0.548,0.236,0.324,0.382,0.655,0.428,,,,,,,,
2023-06-28,02,14.624,14.329,14.840,14.626,14.350,14.829,14.644,14.380,14.830,14.652,14.480,14.800,14.304,13.993,14.774,14.654,92.465,0.000,0.000,393.000,389.305,10.000,0.000,0.000,399.042,0.000,7999.000,0.320,-999.000,-999.000,101.843,0.200,0.200,0.792,1.500,152.348,0.560,1.000,139.402,0.850,19.051,18.985,19.122,19.491,19.440,19.561,19.357,19.334,19.375,-999.000,-999.000,-999.000,13.759,11.735,20.585,20.472,20.672,-999.000,-999.000,-999.000,-999.000,-999.000,-999.000,21.037,21.014,21.060,-2.952,-3.220,-5.106,-24.269,0.213,0.294,0.293,0.548,0.235,0.324,0.382,0.655,0.427,,,,,,,,
2023-06-28,03,14.397,14.282,14.622,14.406,14.277,14.644,14.417,14.180,14.760,14.413,14.230,14.710,13.979,13.766,14.214,14.391,91.063,0.000,0.000,399.370,387.688,16.097,0.000,0.000,396.808,0.000,7999.000,0.570,-999.000,-999.000,101.827,0.200,0.200,1.272,2.240,133.559,0.763,1.410,122.325,0.850,18.922,18.838,18.982,19.395,19.338,19.446,19.324,19.296,19.362,-999.000,-999.000,-999.000,13.761,11.734,20.319,20.133,20.465,-999.000,-999.000,-999.000,-999.000,-999.000,-999.000,21.031,20.998,21.051,-2.853,-3.234,-5.074,-24.447,0.216,0.295,0.291,0.548,0.235,0.330,0.382,0.654,0.426,,,,,,,,
2023-06-28,04,14.306,14.200,14.399,14.301,14.221,14.394,14.336,14.200,14.470,14.332,14.230,14.440,14.040,13.932,14.121,14.312,92.560,0.748,0.000,398.725,387.592,16.861,1.466,0.000,391.990,0.000,7999.000,0.670,-999.000,-999.000,101.805,0.200,0.200,1.820,2.840,151.976,1.074,1.880,149.195,0.850,18.764,18.679,18.854,19.318,19.272,19.377,19.283,19.260,19.306,-999.000,-999.000,-999.000,13.765,11.736,19.949,19.753,20.136,-999.000,-999.000,-999.000,-999.000,-999.000,-999.000,21.012,20.998,21.031,-2.763,-3.253,-5.204,-25.626,0.220,0.303,0.290,0.548,0.236,0.335,0.382,0.654,0.425,,,,,,,,
2023-06-28,05,14.257,14.104,14.415,14.276,14.136,14.427,14.311,14.130,14.440,14.327,14.180,14.480,14.073,13.900,14.230,14.300,92.368,7.514,0.000,396.863,387.658,20.132,8.531,0.000,388.175,0.000,7999.000,0.260,-999.000,-999.000,101.794,0.200,0.200,2.837,4.840,170.515,1.906,4.090,168.857,0.850,18.626,18.570,18.692,19.231,19.176,19.282,19.242,19.211,19.274,-999.000,-999.000,-999.000,13.765,11.738,19.557,19.349,19.769,-999.000,-999.000,-999.000,-999.000,-999.000,-999.000,21.021,20.998,21.047,-2.751,-3.416,-5.543,-27.491,0.225,0.323,0.289,0.551,0.246,0.341,0.383,0.653,0.423,,,,,,,,
2023-06-28,06,14.448,14.336,14.557,14.453,14.348,14.566,14.522,14.400,14.650,14.513,14.400,14.630,14.313,14.160,14.457,14.483,91.365,23.311,0.329,396.247,388.717,31.319,24.332,0.000,380.318,0.000,7999.000,0.000,-999.000,-999.000,101.790,0.200,0.200,3.676,5.910,181.193,2.747,4.940,181.388,0.851,18.534,18.494,18.583,19.138,19.089,19.183,19.195,19.164,19.221,-999.000,-999.000,-999.000,13.771,11.739,19.189,19.042,19.359,-999.000,-999.000,-999.000,-999.000,-999.000,-999.000,21.011,20.992,21.042,-2.722,-3.535,-5.666,-28.060,0.224,0.317,0.288,0.551,0.246,0.338,0.383,0.653,0.422,,,,,,,,
2023-06-28,07,14.583,14.359,14.930,14.577,14.360,14.938,14.666,14.470,15.040,14.632,14.430,15.000,14.828,14.418,15.559,14.585,95.152,54.616,6.128,398.875,392.602,54.761,55.784,0.000,385.702,0.000,7998.783,0.140,-999.000,-999.000,101.788,0.200,0.200,3.296,5.290,176.193,2.443,4.020,174.607,0.852,18.482,18.462,18.507,19.034,18.980,19.103,19.154,19.134,19.184,-999.000,-999.000,-999.000,13.775,11.739,19.002,18.977,19.042,-999.000,-999.000,-999.000,-999.000,-999.000,-999.000,21.019,20.998,21.044,-2.631,-3.553,-5.681,-25.075,0.224,0.310,0.288,0.549,0.246,0.336,0.383,0.653,0.421,,,,,,,,
2023-06-28,08,15.279,14.870,15.738,15.288,14.882,15.757,15.322,14.980,15.790,15.341,14.940,15.820,15.933,15.489,16.398,15.330,93.878,96.804,15.021,405.122,399.530,87.375,97.445,0.000,386.708,0.000,7999.000,0.000,-999.000,-999.000,101.798,0.200,0.200,2.970,4.350,181.941,2.262,3.660,179.921,0.852,18.484,18.442,18.554,18.958,18.912,18.997,19.106,19.071,19.144,-999.000,-999.000,-999.000,13.787,11.747,19.256,19.049,19.444,-999.000,-999.000,-999.000,-999.000,-999.000,-999.000,21.020,20.995,21.041,-2.368,-3.222,-5.175,-17.157,0.224,0.308,0.288,0.548,0.246,0.335,0.382,0.654,0.421,,,,,,,,
2023-06-28,09,16.253,15.752,16.680,16.256,15.777,16.658,16.307,15.760,16.770,16.314,15.780,16.740,16.689,16.271,17.220,16.300,86.500,111.884,17.029,402.337,403.515,93.677,111.876,0.000,388.545,0.000,7999.000,0.000,-999.000,-999.000,101.803,0.200,0.200,3.065,5.870,187.728,2.202,4.160,187.121,0.853,18.588,18.537,18.653,18.891,18.850,18.932,19.065,19.039,19.104,-999.000,-999.000,-999.000,13.790,11.749,19.562,19.441,19.705,-999.000,-999.000,-999.000,-999.000,-999.000,-999.000,21.024,20.990,21.050,-1.758,-2.490,-4.014,-12.613,0.223,0.306,0.287,0.549,0.245,0.333,0.382,0.654,0.421,,,,,,,,
2023-06-28,10,16.734,16.282,17.432,16.739,16.307,17.426,16.792,16.370,17.490,16.775,16.340,17.450,17.288,16.323,18.558,16.741,85.608,147.002,23.774,392.610,406.643,109.194,145.218,0.001,388.852,0.000,7999.000,0.000,-999.000,-999.000,101.799,0.200,0.200,3.602,5.770,181.666,2.657,5.260,180.399,0.854,18.719,18.648,18.794,18.849,18.822,18.872,19.015,18.984,19.050,-999.000,-999.000,-999.000,13.804,11.775,19.799,19.714,20.005,-999.000,-999.000,-999.000,-999.000,-999.000,-999.000,21.019,20.996,21.042,-1.107,-1.752,-2.878,-9.898,0.221,0.304,0.287,0.549,0.243,0.331,0.382,0.655,0.421,,,,,,,,
2023-06-28,11,18.273,17.317,19.255,18.274,17.314,19.276,18.322,17.350,19.360,18.308,17.360,19.330,19.950,18.267,21.408,18.270,79.089,348.544,67.193,398.777,423.025,257.103,341.162,0.566,396.605,0.000,7999.000,0.000,-999.000,-999.000,101.797,0.200,0.200,3.880,6.760,185.579,3.065,5.850,184.149,0.855,18.908,18.787,19.082,18.817,18.792,18.849,18.983,18.942,19.027,-999.000,-999.000,-999.000,13.802,11.759,20.542,20.025,21.316,-999.000,-999.000,-999.000,-999.000,-999.000,-999.000,21.026,20.982,21.061,-0.463,-1.043,-1.688,1.818,0.219,0.303,0.287,0.549,0.242,0.330,0.381,0.656,0.422,,,,,,,,
2023-06-28,12,20.142,19.198,20.695,20.141,19.244,20.688,20.175,19.320,20.730,20.142,19.290,20.700,22.596,21.306,23.752,20.110,73.035,484.316,97.271,406.863,440.760,353.148,461.902,7.707,405.512,0.000,7999.000,0.000,-999.000,-999.000,101.782,0.200,0.200,3.564,5.770,198.841,2.882,5.070,197.339,0.855,19.348,19.068,19.658,18.809,18.782,18.837,18.939,18.908,18.969,-999.000,-999.000,-999.000,13.806,11.758,22.442,21.336,23.473,-999.000,-999.000,-999.000,-999.000,-999.000,-999.000,21.019,20.980,21.061,0.906,0.311,1.177,23.908,0.219,0.303,0.287,0.548,0.241,0.329,0.381,0.656,0.424,,,,,,,,
2023-06-28,13,21.294,20.477,22.196,21.281,20.485,22.190,21.328,20.530,22.280,21.300,20.490,22.220,23.933,21.853,26.784,21.281,69.816,485.576,98.627,405.192,447.725,344.416,423.967,51.355,402.892,0.472,7999.000,0.000,-999.000,-999.000,101.772,0.202,0.638,3.123,5.530,214.272,2.498,4.920,212.873,0.856,19.941,19.652,20.177,18.814,18.771,18.844,18.904,18.856,18.938,-999.000,-999.000,-999.000,13.801,11.763,23.924,23.493,24.909,-999.000,-999.000,-999.000,-999.000,-999.000,-999.000,21.020,20.989,21.048,3.000,2.223,5.106,29.868,0.219,0.302,0.286,0.548,0.242,0.329,0.381,0.654,0.427,,,,,,,,
2023-06-28,14,22.235,21.867,22.538,22.227,21.855,22.531,22.251,21.860,22.540,22.223,21.830,22.550,24.756,22.360,26.329,22.207,66.854,435.937,86.846,410.148,452.367,306.872,400.885,23.735,408.063,0.000,7999.000,0.000,-999.000,-999.000,101.740,0.214,0.638,2.948,4.880,211.152,2.392,5.130,210.085,0.856,20.540,20.197,20.853,18.894,18.833,18.956,18.868,18.849,18.887,-999.000,-999.000,-999.000,13.805,11.763,25.893,24.949,26.339,-999.000,-999.000,-999.000,-999.000,-999.000,-999.000,21.012,20.989,21.030,4.775,3.973,8.618,45.197,0.220,0.302,0.286,0.546,0.242,0.329,0.380,0.652,0.431,,,,,,,,
2023-06-28,15,20.941,20.502,21.916,20.927,20.483,21.946,20.951,20.530,21.980,20.938,20.540,21.960,20.410,19.833,22.145,20.877,73.226,37.547,1.434,411.405,421.178,28.218,36.007,0.000,406.172,0.000,7999.000,0.000,-999.000,-999.000,101.718,0.230,1.450,2.506,5.580,272.028,1.741,4.840,272.473,0.857,20.961,20.846,21.017,18.998,18.941,19.066,18.851,18.830,18.869,-999.000,-999.000,-999.000,13.817,11.765,25.349,24.379,26.333,-999.000,-999.000,-999.000,-999.000,-999.000,-999.000,20.998,20.969,21.025,6.427,5.490,10.847,16.198,0.220,0.303,0.285,0.545,0.243,0.330,0.380,0.650,0.433,,,,,,,,
2023-06-28,16,20.875,20.584,21.324,20.865,20.592,21.311,20.926,20.590,21.360,20.918,20.600,21.370,21.031,20.289,22.055,20.866,74.544,83.906,10.262,410.228,425.783,58.089,82.193,0.000,406.132,0.000,7999.000,0.000,-999.000,-999.000,101.706,0.215,0.763,1.480,2.720,296.379,0.984,2.020,297.235,0.857,20.850,20.781,20.908,19.128,19.057,19.191,18.840,18.816,18.861,-999.000,-999.000,-999.000,13.837,11.788,23.997,23.799,24.360,-999.000,-999.000,-999.000,-999.000,-999.000,-999.000,20.981,20.956,21.004,5.435,5.160,8.288,0.576,0.220,0.303,0.285,0.545,0.243,0.331,0.380,0.650,0.432,,,,,,,,
2023-06-28,17,21.573,21.313,21.771,21.562,21.294,21.749,21.627,21.340,21.820,21.613,21.350,21.790,22.081,21.546,22.962,21.552,71.583,133.507,20.999,412.313,432.073,92.748,131.225,0.107,408.273,0.000,7999.000,0.000,-999.000,-999.000,101.686,0.200,0.263,1.882,3.880,292.858,1.317,2.990,289.208,0.858,20.754,20.713,20.795,19.237,19.189,19.285,18.851,18.821,18.879,-999.000,-999.000,-999.000,13.835,11.780,23.841,23.762,23.954,-999.000,-999.000,-999.000,-999.000,-999.000,-999.000,20.973,20.929,21.005,4.192,4.442,6.498,4.152,0.220,0.303,0.285,0.546,0.242,0.331,0.381,0.649,0.431,,,,,,,,
2023-06-28,18,21.354,20.968,21.571,21.348,20.969,21.579,21.377,21.010,21.630,21.366,20.960,21.620,21.187,20.296,21.787,21.312,73.011,72.367,7.853,411.255,425.930,50.376,70.896,0.000,406.473,0.000,7999.000,0.000,-999.000,-999.000,101.682,0.210,0.950,1.994,4.080,279.635,1.436,3.160,278.787,0.858,20.793,20.756,20.812,19.313,19.274,19.353,18.867,18.850,18.884,-999.000,-999.000,-999.000,13.832,11.776,23.827,23.606,23.963,-999.000,-999.000,-999.000,-999.000,-999.000,-999.000,20.978,20.942,21.007,3.825,4.201,6.310,3.645,0.220,0.302,0.286,0.546,0.242,0.331,0.381,0.649,0.431,,,,,,,,
2023-06-28,19,20.812,20.582,20.984,20.803,20.566,20.969,20.851,20.610,21.030,20.844,20.600,21.060,20.317,20.048,20.609,20.803,76.574,24.881,0.000,409.355,420.852,16.971,24.268,0.000,405.620,0.000,7999.000,0.000,-999.000,-999.000,101.688,0.214,0.825,0.981,1.850,250.740,0.531,1.400,239.412,0.859,20.741,20.677,20.787,19.369,19.341,19.400,18.891,18.851,18.919,-999.000,-999.000,-999.000,13.843,11.798,23.301,23.059,23.594,-999.000,-999.000,-999.000,-999.000,-999.000,-999.000,20.953,20.916,20.979,3.431,4.013,5.628,-3.205,0.220,0.302,0.286,0.546,0.242,0.330,0.381,0.649,0.430,,,,,,,,
2023-06-28,20,20.232,19.999,20.552,20.238,19.997,20.549,20.306,20.020,20.610,20.295,20.040,20.580,19.524,18.958,20.041,20.281,81.930,8.740,0.000,408.052,416.513,7.032,8.605,0.000,403.887,0.000,7999.000,0.000,-999.000,-999.000,101.676,0.200,0.200,1.517,2.320,202.460,0.847,1.340,195.166,0.859,20.614,20.571,20.680,19.427,19.397,19.461,18.915,18.890,18.930,-999.000,-999.000,-999.000,13.837,11.780,22.817,22.588,23.059,-999.000,-999.000,-999.000,-999.000,-999.000,-999.000,20.937,20.899,20.972,2.882,3.636,4.443,-6.319,0.220,0.302,0.286,0.546,0.241,0.330,0.381,0.651,0.429,,,,,,,,
2023-06-28,21,19.933,19.624,20.116,19.934,19.614,20.136,19.974,19.640,20.150,19.961,19.620,20.180,18.894,18.780,18.968,19.944,81.256,0.043,0.000,408.703,413.303,3.473,0.099,0.000,403.940,0.000,7973.267,0.000,-999.000,-999.000,101.687,0.204,0.388,1.787,3.780,230.232,1.098,2.750,230.119,0.860,20.471,20.360,20.584,19.448,19.415,19.484,18.939,18.909,18.955,-999.000,-999.000,-999.000,13.844,11.784,22.292,22.066,22.564,-999.000,-999.000,-999.000,-999.000,-999.000,-999.000,20.935,20.893,20.975,2.379,3.193,3.267,-9.832,0.219,0.302,0.286,0.547,0.241,0.330,0.381,0.651,0.428,,,,,,,,
2023-06-28,22,19.282,18.895,19.624,19.287,18.885,19.649,19.337,18.920,19.670,19.325,18.890,19.680,18.431,17.997,18.803,19.279,83.262,0.000,0.000,401.805,409.740,-0.842,0.000,0.000,397.397,0.000,7999.000,0.000,-999.000,-999.000,101.680,0.244,1.263,2.167,3.610,195.021,1.426,2.870,187.718,0.860,20.307,20.244,20.366,19.462,19.441,19.487,18.933,18.909,18.968,-999.000,-999.000,-999.000,13.859,11.796,21.822,21.604,22.056,-999.000,-999.000,-999.000,-999.000,-999.000,-999.000,20.901,20.870,20.937,1.785,2.639,2.134,-12.472,0.219,0.302,0.286,0.547,0.241,0.330,0.381,0.652,0.427,,,,,,,,
2023-06-28,23,18.729,18.519,18.943,18.677,18.488,18.906,18.645,18.530,18.920,18.623,18.490,18.880,17.731,17.463,18.015,18.583,89.395,0.000,0.000,394.807,406.015,-3.915,0.000,0.000,390.958,0.000,7999.000,0.000,-999.000,-999.000,101.645,0.200,0.200,1.854,2.220,146.856,0.921,1.440,134.328,0.861,20.131,20.052,20.251,19.472,19.436,19.496,18.969,18.955,18.986,-999.000,-999.000,-999.000,13.844,11.785,21.398,21.202,21.610,-999.000,-999.000,-999.000,-999.000,-999.000,-999.000,20.884,20.847,20.926,1.219,2.021,1.099,-13.497,0.219,0.302,0.286,0.548,0.240,0.330,0.381,0.653,0.426,,,,,,,,
2023-06-28,24,18.088,17.429,18.499,18.055,17.443,18.494,18.051,17.480,18.490,18.042,17.480,18.490,16.643,15.940,17.492,18.009,91.313,0.000,0.000,367.587,398.512,-23.772,0.000,0.000,363.238,0.000,7999.000,0.000,-999.000,-999.000,101.602,0.206,0.888,2.386,3.000,142.123,1.156,1.960,139.892,0.861,19.977,19.854,20.067,19.450,19.430,19.476,18.995,18.970,19.020,-999.000,-999.000,-999.000,13.861,11.791,20.993,20.642,21.213,-999.000,-999.000,-999.000,-999.000,-999.000,-999.000,20.886,20.853,20.919,0.760,1.397,0.227,-15.726,0.219,0.301,0.286,0.548,0.240,0.329,0.381,0.654,0.425,,,,,,,,
