2023-09-30,01,10.825,10.299,11.197,10.823,10.325,11.148,10.842,10.370,11.160,10.837,10.360,11.150,9.366,8.540,9.826,10.787,96.850,0.000,0.000,320.702,361.143,-37.941,0.000,0.000,330.077,0.000,7568.767,0.000,-999.000,-999.000,102.467,0.200,0.200,2.403,3.200,162.433,1.306,2.240,147.494,0.478,15.587,15.476,15.732,16.801,16.741,16.884,16.785,16.750,16.821,-999.000,-999.000,-999.000,15.676,14.290,11.531,11.454,11.605,-999.000,-999.000,-999.000,-999.000,-999.000,-999.000,16.439,16.388,16.490,-14.895,-5.227,-11.943,-24.685,0.579,0.635,0.690,0.754,0.605,0.665,0.698,0.752,0.445,,,,,,,,
2023-09-30,02,10.554,9.971,11.102,10.565,10.024,11.111,10.541,9.990,11.150,10.530,9.970,11.160,8.346,7.418,8.833,10.472,97.235,0.000,0.000,311.762,354.060,-40.069,0.000,0.000,319.020,0.000,7779.583,0.000,-999.000,-999.000,102.501,0.200,0.200,1.729,2.490,156.162,0.979,1.760,132.254,0.479,15.381,15.293,15.480,16.681,16.606,16.751,16.754,16.729,16.775,-999.000,-999.000,-999.000,15.675,14.289,11.336,11.205,11.487,-999.000,-999.000,-999.000,-999.000,-999.000,-999.000,16.444,16.411,16.487,-14.778,-5.581,-12.046,-24.157,0.578,0.634,0.690,0.754,0.605,0.665,0.698,0.752,0.444,,,,,,,,
2023-09-30,03,10.685,10.226,11.175,10.687,10.222,11.230,10.739,10.250,11.270,10.724,10.220,11.240,8.868,8.178,9.656,10.679,97.568,0.000,0.000,321.163,358.853,-35.460,0.000,0.000,326.113,0.000,7605.867,0.000,-999.000,-999.000,102.496,0.200,0.200,1.979,2.850,162.607,1.181,2.140,145.892,0.479,15.190,15.089,15.303,16.550,16.483,16.616,16.729,16.682,16.763,-999.000,-999.000,-999.000,15.682,14.285,11.153,11.115,11.208,-999.000,-999.000,-999.000,-999.000,-999.000,-999.000,16.454,16.401,16.491,-14.914,-5.793,-12.359,-23.688,0.577,0.634,0.690,0.754,0.605,0.665,0.698,0.752,0.444,,,,,,,,
2023-09-30,04,11.206,10.917,11.419,11.211,10.963,11.384,11.231,10.970,11.400,11.232,10.950,11.410,10.080,9.645,10.328,11.190,97.138,0.000,0.000,326.740,365.125,-35.852,0.000,0.000,331.235,0.000,7725.217,0.000,-999.000,-999.000,102.490,0.200,0.200,2.654,3.250,160.357,1.599,2.350,152.207,0.480,15.014,14.923,15.096,16.431,16.357,16.499,16.679,16.645,16.703,-999.000,-999.000,-999.000,15.670,14.290,11.229,11.140,11.301,-999.000,-999.000,-999.000,-999.000,-999.000,-999.000,16.450,16.403,16.500,-14.908,-6.082,-12.509,-20.550,0.577,0.633,0.690,0.754,0.604,0.665,0.697,0.752,0.444,,,,,,,,
2023-09-30,05,11.392,11.275,11.520,11.399,11.267,11.528,11.412,11.280,11.550,11.421,11.280,11.540,10.331,9.623,10.653,11.423,96.493,0.000,0.000,331.177,366.415,-32.695,0.000,0.000,335.037,0.000,7777.083,0.000,-999.000,-999.000,102.500,0.200,0.200,2.610,3.330,174.783,1.535,2.660,166.590,0.480,14.879,14.830,14.926,16.314,16.266,16.376,16.620,16.589,16.665,-999.000,-999.000,-999.000,15.657,14.280,11.362,11.287,11.431,-999.000,-999.000,-999.000,-999.000,-999.000,-999.000,16.450,16.399,16.489,-14.342,-6.075,-12.209,-18.013,0.577,0.633,0.689,0.754,0.604,0.665,0.697,0.752,0.444,,,,,,,,
2023-09-30,06,10.733,10.364,11.268,10.717,10.340,11.251,10.715,10.360,11.260,10.710,10.330,11.260,9.037,8.464,9.567,10.662,97.065,1.554,0.000,314.783,359.220,-39.196,3.343,0.083,320.605,0.000,7224.433,0.000,-999.000,-999.000,102.532,0.200,0.200,1.988,2.760,160.933,1.183,2.060,141.212,0.481,14.778,14.715,14.840,16.194,16.122,16.266,16.579,16.549,16.603,-999.000,-999.000,-999.000,15.659,14.277,11.259,11.093,11.407,-999.000,-999.000,-999.000,-999.000,-999.000,-999.000,16.448,16.381,16.519,-13.631,-5.783,-11.797,-18.383,0.577,0.633,0.689,0.754,0.604,0.664,0.697,0.752,0.444,,,,,,,,
2023-09-30,07,11.022,10.388,12.006,11.023,10.347,12.040,11.164,10.400,12.330,11.100,10.360,12.220,10.606,8.530,14.375,10.962,98.005,68.342,14.633,301.255,364.295,-8.898,43.832,45.475,308.892,6.944,7075.833,0.000,-999.000,-999.000,102.548,0.200,0.200,1.914,2.980,157.780,1.197,2.210,142.571,0.483,14.678,14.595,14.751,16.090,16.023,16.141,16.534,16.477,16.574,-999.000,-999.000,-999.000,15.662,14.293,11.114,10.998,11.427,-999.000,-999.000,-999.000,-999.000,-999.000,-999.000,16.459,16.403,16.526,-13.539,-5.608,-11.854,-18.916,0.576,0.632,0.689,0.753,0.603,0.664,0.697,0.752,0.444,,,,,,,,
2023-09-30,08,12.944,12.101,13.668,13.004,12.149,13.775,13.094,12.430,13.800,13.048,12.270,13.820,15.930,14.577,16.637,12.993,95.262,226.793,60.630,306.278,386.387,86.056,86.561,352.940,314.110,10.000,7847.467,0.000,-999.000,-999.000,102.630,0.200,0.200,2.490,4.040,189.963,2.005,3.250,187.577,0.483,14.574,14.537,14.623,15.982,15.927,16.040,16.468,16.429,16.515,-999.000,-999.000,-999.000,15.651,14.279,12.556,11.457,13.740,-999.000,-999.000,-999.000,-999.000,-999.000,-999.000,16.440,16.365,16.513,-13.114,-5.666,-11.552,-6.758,0.576,0.632,0.689,0.753,0.604,0.665,0.697,0.752,0.444,,,,,,,,
2023-09-30,09,14.716,13.786,15.443,14.745,13.817,15.422,14.919,13.860,15.640,14.798,13.830,15.580,17.375,15.945,18.213,14.694,90.323,358.789,94.665,313.708,401.862,175.971,125.239,532.313,321.040,10.000,7968.800,0.000,-999.000,-999.000,102.667,0.200,0.200,2.665,4.930,171.198,2.221,4.160,170.478,0.483,14.650,14.572,14.765,15.904,15.862,15.945,16.422,16.361,16.465,-999.000,-999.000,-999.000,15.655,14.282,15.075,13.809,16.295,-999.000,-999.000,-999.000,-999.000,-999.000,-999.000,16.456,16.369,16.508,-9.930,-5.333,-9.116,11.040,0.576,0.632,0.689,0.754,0.603,0.664,0.697,0.753,0.445,,,,,,,,
2023-09-30,10,16.439,15.427,17.615,16.456,15.445,17.680,16.544,15.490,17.720,16.507,15.420,17.700,19.960,18.147,22.215,16.393,84.454,448.463,115.190,322.647,415.998,239.922,151.901,548.951,330.317,10.000,7851.700,0.000,-999.000,-999.000,102.704,0.200,0.200,2.482,3.970,198.532,2.117,3.690,197.268,0.484,14.947,14.769,15.148,15.829,15.784,15.893,16.375,16.325,16.413,-999.000,-999.000,-999.000,15.662,14.292,17.410,16.308,18.584,-999.000,-999.000,-999.000,-999.000,-999.000,-999.000,16.465,16.393,16.544,-4.378,-4.440,-4.581,25.401,0.577,0.632,0.689,0.755,0.603,0.661,0.697,0.754,0.446,,,,,,,,
2023-09-30,11,18.197,17.613,18.988,18.240,17.707,19.048,18.289,17.670,19.000,18.278,17.650,18.990,22.155,21.286,23.295,18.082,75.684,563.474,144.588,344.752,427.633,336.003,238.810,539.896,351.570,9.694,7999.000,0.000,-999.000,-999.000,102.713,0.200,0.200,3.509,5.930,220.332,2.944,6.200,219.874,0.484,15.409,15.141,15.690,15.789,15.754,15.821,16.322,16.273,16.368,-999.000,-999.000,-999.000,15.663,14.285,19.640,18.630,20.545,-999.000,-999.000,-999.000,-999.000,-999.000,-999.000,16.449,16.381,16.517,2.008,-3.209,1.250,37.893,0.578,0.633,0.689,0.755,0.603,0.661,0.696,0.755,0.448,,,,,,,,
2023-09-30,12,18.326,17.671,18.888,18.328,17.669,18.930,18.379,17.730,18.980,18.355,17.700,18.980,19.803,17.459,22.233,18.229,64.946,326.524,78.615,355.362,413.980,189.291,216.681,174.353,361.085,3.555,7999.000,0.000,-999.000,-999.000,102.678,0.200,0.200,4.172,6.660,241.296,3.336,5.910,242.407,0.484,16.024,15.717,16.334,15.801,15.756,15.840,16.275,16.245,16.306,-999.000,-999.000,-999.000,15.664,14.297,19.899,19.087,20.638,-999.000,-999.000,-999.000,-999.000,-999.000,-999.000,16.458,16.386,16.549,8.370,-1.776,7.265,34.218,0.579,0.633,0.688,0.756,0.604,0.661,0.696,0.754,0.450,,,,,,,,
2023-09-30,13,18.715,18.495,19.067,18.739,18.496,19.051,18.784,18.540,19.190,18.760,18.520,19.170,20.185,19.542,21.174,18.593,61.026,367.362,91.023,332.215,415.653,192.901,199.374,279.913,339.303,9.472,7999.000,0.000,-999.000,-999.000,102.638,0.200,0.200,3.974,6.880,229.863,3.213,5.690,229.630,0.484,16.526,16.340,16.690,15.858,15.802,15.925,16.238,16.176,16.284,-999.000,-999.000,-999.000,15.671,14.310,19.537,19.413,19.670,-999.000,-999.000,-999.000,-999.000,-999.000,-999.000,16.464,16.394,16.529,10.871,-0.368,9.600,23.765,0.578,0.634,0.688,0.755,0.605,0.662,0.696,0.754,0.449,,,,,,,,
2023-09-30,14,18.886,18.640,19.209,18.911,18.682,19.267,18.947,18.690,19.350,18.944,18.680,19.370,20.374,19.612,21.337,18.848,60.085,355.483,92.343,328.177,416.195,175.122,167.521,363.762,335.318,10.000,7999.000,0.000,-999.000,-999.000,102.600,0.200,0.200,3.472,5.750,216.871,2.819,4.770,215.838,0.483,16.854,16.690,17.026,15.966,15.899,16.035,16.203,16.176,16.238,-999.000,-999.000,-999.000,15.661,14.305,19.408,19.311,19.594,-999.000,-999.000,-999.000,-999.000,-999.000,-999.000,16.452,16.392,16.529,10.977,0.618,10.243,20.219,0.578,0.634,0.688,0.755,0.605,0.663,0.696,0.754,0.449,,,,,,,,
2023-09-30,15,18.777,18.437,19.083,18.775,18.401,19.088,18.818,18.480,19.140,18.800,18.420,19.110,19.635,18.550,20.589,18.776,60.245,287.814,75.574,333.065,411.595,133.710,178.239,259.754,340.790,9.778,7999.000,0.000,-999.000,-999.000,102.566,0.200,0.200,3.648,5.910,216.959,2.835,4.930,216.780,0.483,17.133,17.013,17.289,16.089,16.015,16.156,16.187,16.162,16.220,-999.000,-999.000,-999.000,15.661,14.300,19.269,18.931,19.591,-999.000,-999.000,-999.000,-999.000,-999.000,-999.000,16.434,16.364,16.507,10.652,1.253,10.366,18.440,0.578,0.634,0.688,0.755,0.605,0.663,0.696,0.754,0.449,,,,,,,,
2023-09-30,16,18.078,17.120,18.722,18.068,17.128,18.698,18.141,17.260,18.740,18.125,17.220,18.700,17.748,15.845,19.495,18.102,64.271,142.207,32.862,336.728,400.985,45.088,119.985,76.710,343.990,2.917,7999.000,0.000,-999.000,-999.000,102.527,0.200,0.200,3.222,5.180,218.922,2.342,4.710,217.983,0.483,17.362,17.256,17.454,16.224,16.140,16.290,16.187,16.144,16.233,-999.000,-999.000,-999.000,15.659,14.296,18.484,17.849,18.898,-999.000,-999.000,-999.000,-999.000,-999.000,-999.000,16.428,16.361,16.536,9.965,1.684,9.890,10.154,0.579,0.634,0.688,0.755,0.605,0.663,0.696,0.754,0.448,,,,,,,,
2023-09-30,17,15.815,15.014,17.085,15.817,15.043,17.059,15.900,15.160,17.180,15.867,15.110,17.130,14.786,14.211,15.899,15.847,78.879,26.422,1.241,340.265,385.063,-17.631,30.877,0.785,346.097,0.000,7997.733,0.000,-999.000,-999.000,102.513,0.200,0.200,2.238,2.780,190.433,1.158,2.040,182.109,0.483,17.418,17.366,17.456,16.350,16.265,16.421,16.199,16.168,16.235,-999.000,-999.000,-999.000,15.658,14.296,17.223,16.677,17.840,-999.000,-999.000,-999.000,-999.000,-999.000,-999.000,16.412,16.362,16.468,7.721,1.939,7.948,-2.602,0.579,0.635,0.687,0.755,0.605,0.663,0.696,0.753,0.446,,,,,,,,
2023-09-30,18,14.747,14.089,15.228,14.749,14.104,15.241,14.817,14.220,15.320,14.810,14.200,15.320,13.287,12.026,14.227,14.804,83.593,0.360,0.000,344.348,377.867,-29.759,2.257,0.000,348.642,0.000,7849.200,0.000,-999.000,-999.000,102.509,0.200,0.200,2.445,2.970,193.859,1.171,1.700,184.395,0.483,17.292,17.199,17.387,16.457,16.401,16.519,16.217,16.191,16.247,-999.000,-999.000,-999.000,15.655,14.296,16.241,15.703,16.659,-999.000,-999.000,-999.000,-999.000,-999.000,-999.000,16.398,16.356,16.438,4.097,1.715,4.760,-8.739,0.579,0.635,0.687,0.754,0.605,0.663,0.696,0.753,0.445,,,,,,,,
2023-09-30,19,13.867,13.640,14.053,13.857,13.619,14.078,13.875,13.630,14.180,13.866,13.610,14.130,12.450,11.928,13.002,13.820,87.635,0.000,0.000,355.360,375.727,-17.694,0.000,0.000,358.593,0.000,7999.000,0.000,-999.000,-999.000,102.500,0.200,0.200,1.661,2.710,182.244,0.750,1.570,162.471,0.484,17.089,16.971,17.220,16.537,16.498,16.584,16.250,16.222,16.283,-999.000,-999.000,-999.000,15.659,14.303,15.350,15.186,15.676,-999.000,-999.000,-999.000,-999.000,-999.000,-999.000,16.397,16.350,16.433,0.691,1.034,1.745,-14.041,0.579,0.634,0.688,0.754,0.604,0.664,0.696,0.752,0.445,,,,,,,,
2023-09-30,20,13.888,13.513,14.128,13.880,13.522,14.168,13.886,13.510,14.250,13.872,13.520,14.240,12.308,11.352,13.071,13.843,88.985,0.000,0.000,344.687,373.532,-26.537,0.000,0.000,349.063,0.000,7993.850,0.000,-999.000,-999.000,102.485,0.200,0.200,1.480,2.100,172.096,0.725,1.480,145.901,0.484,16.853,16.724,16.980,16.580,16.554,16.600,16.277,16.249,16.301,-999.000,-999.000,-999.000,15.651,14.304,14.952,14.658,15.183,-999.000,-999.000,-999.000,-999.000,-999.000,-999.000,16.381,16.331,16.423,-2.063,0.134,-0.701,-13.454,0.578,0.634,0.688,0.753,0.604,0.663,0.696,0.752,0.444,,,,,,,,
2023-09-30,21,13.432,13.352,13.537,13.438,13.334,13.549,13.456,13.310,13.610,13.426,13.300,13.570,11.772,10.904,12.838,13.371,91.328,0.000,0.000,355.157,373.025,-15.027,0.000,0.000,358.865,0.000,7991.100,0.000,-999.000,-999.000,102.490,0.200,0.200,0.693,1.100,166.928,0.506,0.900,105.908,0.484,16.623,16.493,16.747,16.588,16.560,16.608,16.292,16.265,16.330,-999.000,-999.000,-999.000,15.642,14.289,14.410,14.333,14.645,-999.000,-999.000,-999.000,-999.000,-999.000,-999.000,16.361,16.313,16.419,-3.934,-0.649,-2.452,-15.573,0.577,0.633,0.688,0.753,0.603,0.664,0.696,0.751,0.444,,,,,,,,
2023-09-30,22,13.872,13.514,14.109,13.882,13.512,14.141,13.892,13.600,14.180,13.883,13.570,14.210,13.263,12.848,13.460,13.821,92.483,0.000,0.000,373.973,382.710,-5.768,0.000,0.000,376.143,0.000,7979.600,0.000,-999.000,-999.000,102.482,0.200,0.200,1.161,2.120,135.083,0.767,1.430,103.570,0.485,16.422,16.351,16.493,16.576,16.536,16.603,16.327,16.294,16.351,-999.000,-999.000,-999.000,15.645,14.300,14.442,14.357,14.513,-999.000,-999.000,-999.000,-999.000,-999.000,-999.000,16.363,16.337,16.416,-5.323,-1.374,-3.759,-11.544,0.576,0.633,0.688,0.753,0.603,0.664,0.696,0.751,0.443,,,,,,,,
2023-09-30,23,13.993,13.800,14.178,14.004,13.806,14.213,14.056,13.870,14.270,14.056,13.880,14.270,13.186,12.692,13.462,14.019,91.540,0.000,0.000,369.622,381.798,-9.145,0.000,0.000,372.592,0.000,7996.500,0.000,-999.000,-999.000,102.456,0.200,0.200,1.718,2.750,179.492,0.821,1.550,165.145,0.485,16.313,16.247,16.365,16.543,16.518,16.575,16.359,16.333,16.384,-999.000,-999.000,-999.000,15.660,14.297,14.462,14.393,14.534,-999.000,-999.000,-999.000,-999.000,-999.000,-999.000,16.351,16.321,16.399,-5.455,-1.753,-3.934,-9.433,0.576,0.633,0.688,0.753,0.602,0.663,0.696,0.751,0.443,,,,,,,,
2023-09-30,24,14.101,13.638,14.204,14.110,13.613,14.226,14.142,13.700,14.240,14.146,13.670,14.260,13.194,12.180,13.427,14.144,89.693,0.000,0.000,366.023,382.312,-14.020,0.000,0.000,368.198,0.000,7996.617,0.000,-999.000,-999.000,102.403,0.200,0.200,2.206,3.260,181.492,1.151,2.230,182.761,0.484,16.207,16.157,16.261,16.498,16.464,16.538,16.355,16.336,16.382,-999.000,-999.000,-999.000,15.643,14.288,14.407,14.340,14.442,-999.000,-999.000,-999.000,-999.000,-999.000,-999.000,16.337,16.288,16.394,-5.364,-1.826,-3.981,-8.692,0.576,0.632,0.688,0.753,0.602,0.663,0.696,0.751,0.443,,,,,,,,
