2023-05-06,01,10.133,9.828,10.470,10.126,9.829,10.449,10.117,9.820,10.480,10.108,9.780,10.470,8.990,8.331,9.678,10.050,98.062,0.000,0.000,340.953,362.670,-14.913,0.013,0.000,331.177,0.000,7523.300,0.000,-999.000,-999.000,101.648,0.200,0.200,2.041,3.170,152.900,1.015,1.860,173.929,0.489,11.846,11.748,11.924,11.483,11.433,11.516,10.860,10.827,10.903,-999.000,-999.000,-999.000,9.269,9.528,11.594,11.473,11.694,-999.000,-999.000,-999.000,-999.000,-999.000,-999.000,11.253,11.221,11.273,-2.235,1.410,-1.631,-17.114,0.532,0.610,0.690,0.720,0.566,0.668,0.688,0.737,0.464,,,,,,,,
2023-05-06,02,9.895,8.953,10.188,9.893,9.011,10.189,9.975,8.800,10.440,9.952,8.800,10.370,7.444,6.095,9.249,9.886,98.022,0.000,0.000,315.910,352.747,-30.426,0.000,0.000,304.222,0.000,4962.758,0.000,-999.000,-999.000,101.616,0.200,0.200,1.385,2.280,119.586,0.655,1.310,83.385,0.490,11.684,11.630,11.748,11.423,11.394,11.433,10.848,10.841,10.899,-999.000,-999.000,-999.000,9.270,9.540,11.339,11.039,11.516,-999.000,-999.000,-999.000,-999.000,-999.000,-999.000,11.275,11.266,11.311,-2.699,0.853,-1.881,-15.995,0.532,0.609,0.690,0.720,0.566,0.668,0.688,0.737,0.464,,,,,,,,
2023-05-06,03,8.555,8.146,9.059,8.552,8.145,9.078,8.534,8.070,9.150,8.522,8.030,9.180,5.692,5.078,6.145,8.445,98.625,0.000,0.000,307.883,344.433,-29.891,0.000,0.000,296.142,0.000,486.542,0.000,-999.000,-999.000,101.616,0.200,0.200,1.590,2.740,165.027,0.749,1.800,181.645,0.490,11.566,11.471,11.649,11.377,11.351,11.437,10.870,10.844,10.914,-999.000,-999.000,-999.000,9.280,9.529,10.671,10.367,11.029,-999.000,-999.000,-999.000,-999.000,-999.000,-999.000,11.281,11.257,11.313,-3.195,0.494,-2.247,-18.787,0.532,0.609,0.690,0.720,0.566,0.668,0.688,0.737,0.464,,,,,,,,
2023-05-06,04,8.110,6.885,8.631,8.094,6.852,8.631,8.052,6.933,8.660,8.032,6.869,8.630,5.039,4.486,5.422,8.004,98.613,0.638,0.000,305.485,340.557,-27.593,0.652,0.000,293.207,0.000,617.125,0.000,-999.000,-999.000,101.604,0.200,0.200,2.050,3.100,139.863,0.756,1.400,167.909,0.490,11.416,11.316,11.509,11.324,11.285,11.361,10.884,10.851,10.920,-999.000,-999.000,-999.000,9.278,9.528,10.055,9.799,10.364,-999.000,-999.000,-999.000,-999.000,-999.000,-999.000,11.311,11.280,11.333,-4.253,-0.034,-3.292,-21.037,0.531,0.608,0.690,0.720,0.566,0.667,0.688,0.737,0.463,,,,,,,,
2023-05-06,05,7.396,6.813,8.476,7.387,6.756,8.472,7.381,6.760,8.500,7.365,6.732,8.470,6.386,4.760,8.211,7.336,99.185,36.105,5.044,309.333,347.683,-5.703,32.361,6.994,298.513,0.000,798.277,0.000,-999.000,-999.000,101.615,0.200,0.200,2.070,2.870,158.929,0.911,1.680,179.226,0.490,11.211,11.123,11.316,11.243,11.219,11.285,10.857,10.851,10.904,-999.000,-999.000,-999.000,9.283,9.532,9.635,9.567,9.799,-999.000,-999.000,-999.000,-999.000,-999.000,-999.000,11.304,11.284,11.343,-5.351,-0.785,-4.450,-21.724,0.530,0.608,0.690,0.720,0.565,0.667,0.688,0.737,0.462,,,,,,,,
2023-05-06,06,10.371,8.542,11.217,10.411,8.528,11.230,10.557,8.560,11.380,10.450,8.530,11.330,11.132,8.257,12.754,10.306,98.908,151.696,37.735,329.160,372.737,70.385,107.489,82.531,314.682,5.278,7345.283,0.000,-999.000,-999.000,101.680,0.200,0.200,2.418,3.900,149.842,1.775,3.430,150.397,0.491,11.046,10.978,11.130,11.189,11.145,11.235,10.856,10.821,10.880,-999.000,-999.000,-999.000,9.276,9.528,10.049,9.657,10.772,-999.000,-999.000,-999.000,-999.000,-999.000,-999.000,11.324,11.273,11.358,-5.984,-1.493,-5.060,-16.157,0.530,0.607,0.690,0.720,0.565,0.667,0.688,0.737,0.462,,,,,,,,
2023-05-06,07,11.306,11.079,11.731,11.347,11.082,11.800,11.402,11.130,11.840,11.376,11.100,11.830,12.177,11.778,12.958,11.327,97.492,116.213,21.209,359.312,381.383,72.932,115.558,0.000,351.747,0.000,6295.583,0.000,-999.000,-999.000,101.699,0.200,0.200,2.140,3.520,135.455,1.714,3.230,134.061,0.491,10.942,10.916,10.991,11.105,11.075,11.149,10.833,10.814,10.856,-999.000,-999.000,-999.000,9.274,9.520,11.360,10.792,11.874,-999.000,-999.000,-999.000,-999.000,-999.000,-999.000,11.333,11.299,11.368,-5.221,-1.713,-4.081,-3.450,0.530,0.607,0.690,0.721,0.565,0.667,0.688,0.737,0.462,,,,,,,,
2023-05-06,08,12.368,11.781,12.989,12.502,11.822,13.094,12.538,11.820,13.250,12.530,11.800,13.220,14.352,13.034,15.025,12.487,94.258,248.921,52.888,360.403,393.007,163.430,243.286,1.723,354.608,0.000,7175.717,0.000,-999.000,-999.000,101.728,0.200,0.200,2.302,3.400,147.994,1.828,3.180,144.843,0.491,10.961,10.927,11.007,11.043,10.995,11.085,10.825,10.790,10.865,-999.000,-999.000,-999.000,9.273,9.526,12.738,11.877,13.643,-999.000,-999.000,-999.000,-999.000,-999.000,-999.000,11.346,11.327,11.366,-2.928,-1.389,-2.083,5.547,0.530,0.607,0.690,0.721,0.565,0.667,0.688,0.737,0.463,,,,,,,,
2023-05-06,09,13.874,13.039,14.851,13.930,13.103,14.915,14.055,13.210,15.090,13.999,13.180,14.980,16.850,14.956,18.361,13.938,87.772,342.955,75.225,366.415,407.075,227.070,330.133,3.284,361.087,0.000,7992.033,0.000,-999.000,-999.000,101.777,0.200,0.200,1.473,2.530,161.887,1.269,2.730,160.635,0.492,11.059,11.005,11.137,10.986,10.950,11.027,10.810,10.777,10.839,-999.000,-999.000,-999.000,9.279,9.526,14.517,13.663,15.609,-999.000,-999.000,-999.000,-999.000,-999.000,-999.000,11.362,11.339,11.385,0.439,-0.756,0.441,17.111,0.531,0.607,0.690,0.721,0.565,0.667,0.688,0.737,0.464,,,,,,,,
2023-05-06,10,16.142,14.828,17.222,16.217,14.875,17.270,16.356,15.050,17.290,16.246,14.930,17.240,20.801,18.717,22.072,16.140,79.346,637.121,147.378,349.728,429.167,410.305,311.408,399.803,336.020,9.750,7989.200,0.000,-999.000,-999.000,101.775,0.200,0.200,1.921,3.360,152.319,1.672,3.420,150.506,0.492,11.236,11.118,11.375,10.943,10.915,10.968,10.783,10.750,10.809,-999.000,-999.000,-999.000,9.283,9.527,17.290,15.652,18.790,-999.000,-999.000,-999.000,-999.000,-999.000,-999.000,11.379,11.359,11.406,4.800,0.126,3.440,33.995,0.532,0.607,0.690,0.722,0.566,0.667,0.688,0.737,0.465,,,,,,,,
2023-05-06,11,17.924,17.159,18.803,17.936,17.210,18.836,18.060,17.360,19.000,17.982,17.310,18.920,22.718,21.574,24.344,17.937,68.726,729.347,170.285,352.390,438.202,473.250,328.089,463.181,338.217,8.917,7980.383,0.000,-999.000,-999.000,101.744,0.200,0.200,2.550,4.900,161.959,2.151,4.400,159.778,0.492,11.509,11.347,11.712,10.919,10.903,10.935,10.751,10.716,10.799,-999.000,-999.000,-999.000,9.278,9.527,20.036,18.826,21.144,-999.000,-999.000,-999.000,-999.000,-999.000,-999.000,11.386,11.365,11.412,11.676,1.328,6.969,50.266,0.533,0.608,0.690,0.724,0.567,0.667,0.687,0.737,0.467,,,,,,,,
2023-05-06,12,19.336,18.503,19.901,19.356,18.479,19.978,19.241,18.660,19.850,19.211,18.560,19.810,24.380,23.001,25.554,19.197,60.437,757.680,177.882,360.060,446.730,493.128,387.574,409.441,347.470,5.222,7991.467,0.000,-999.000,-999.000,101.704,0.200,0.200,2.538,5.960,153.785,2.015,5.170,154.785,0.492,11.899,11.708,12.102,10.940,10.906,10.967,10.751,10.727,10.768,-999.000,-999.000,-999.000,9.295,9.532,22.274,21.176,22.964,-999.000,-999.000,-999.000,-999.000,-999.000,-999.000,11.408,11.383,11.425,19.288,2.909,10.554,59.339,0.534,0.608,0.690,0.724,0.569,0.668,0.687,0.738,0.470,,,,,,,,
2023-05-06,13,20.074,19.456,20.686,20.068,19.441,20.760,20.146,19.660,20.830,20.106,19.590,20.830,25.028,23.156,26.967,20.089,54.554,746.667,175.169,361.833,449.805,483.526,361.326,438.515,348.210,9.167,7922.833,0.000,-999.000,-999.000,101.686,0.200,0.200,2.575,5.190,173.186,2.114,4.790,174.099,0.492,12.346,12.115,12.589,10.965,10.932,11.007,10.726,10.696,10.754,-999.000,-999.000,-999.000,9.286,9.526,23.528,23.010,24.159,-999.000,-999.000,-999.000,-999.000,-999.000,-999.000,11.412,11.380,11.435,25.753,4.718,14.078,60.737,0.535,0.609,0.689,0.723,0.570,0.668,0.687,0.738,0.472,,,,,,,,
2023-05-06,14,20.387,20.028,20.850,20.375,20.023,20.851,20.470,20.140,21.010,20.419,20.070,20.990,24.996,23.330,25.973,20.396,52.947,681.494,161.846,363.020,448.013,434.655,324.915,443.464,349.043,9.194,7637.867,0.000,-999.000,-999.000,101.669,0.200,0.200,2.537,5.120,176.057,2.124,4.530,176.433,0.492,12.807,12.593,13.036,11.044,10.990,11.076,10.711,10.699,10.720,-999.000,-999.000,-999.000,9.283,9.522,24.287,24.163,24.491,-999.000,-999.000,-999.000,-999.000,-999.000,-999.000,11.421,11.409,11.438,29.832,6.542,17.070,59.648,0.536,0.611,0.689,0.723,0.572,0.668,0.687,0.739,0.473,,,,,,,,
2023-05-06,15,20.399,20.152,20.826,20.379,20.145,20.817,20.530,20.280,21.030,20.483,20.210,20.970,23.861,22.609,25.897,20.474,52.663,469.153,109.780,367.543,438.192,288.724,300.732,220.976,355.798,5.972,7575.633,0.000,-999.000,-999.000,101.628,0.200,0.200,2.260,4.190,184.315,1.831,4.130,185.347,0.493,13.227,13.029,13.409,11.153,11.073,11.211,10.718,10.705,10.740,-999.000,-999.000,-999.000,9.289,9.525,24.299,23.836,24.531,-999.000,-999.000,-999.000,-999.000,-999.000,-999.000,11.426,11.411,11.452,31.412,8.158,19.250,54.216,0.537,0.612,0.689,0.722,0.573,0.669,0.687,0.739,0.474,,,,,,,,
2023-05-06,16,19.946,19.835,20.198,19.940,19.834,20.157,20.061,19.910,20.310,20.017,19.900,20.230,21.649,21.048,22.747,19.993,55.480,261.998,57.611,379.268,426.728,156.928,245.971,14.113,370.933,0.000,7967.100,0.000,-999.000,-999.000,101.605,0.200,0.200,1.946,3.720,168.645,1.562,3.380,167.231,0.493,13.555,13.406,13.680,11.284,11.195,11.346,10.719,10.692,10.745,-999.000,-999.000,-999.000,9.287,9.535,23.194,22.590,23.833,-999.000,-999.000,-999.000,-999.000,-999.000,-999.000,11.431,11.401,11.466,30.544,9.432,20.043,40.553,0.537,0.613,0.690,0.721,0.574,0.670,0.687,0.739,0.475,,,,,,,,
2023-05-06,17,19.613,19.344,19.880,19.592,19.309,19.857,19.702,19.380,19.980,19.668,19.350,19.930,20.695,20.263,21.243,19.664,61.378,148.659,29.243,384.493,420.892,83.017,143.767,0.266,375.947,0.000,7984.417,0.000,-999.000,-999.000,101.599,0.200,0.200,1.428,2.660,199.519,0.938,1.780,200.269,0.493,13.746,13.680,13.829,11.437,11.336,11.482,10.745,10.720,10.778,-999.000,-999.000,-999.000,9.299,9.536,22.041,21.520,22.541,-999.000,-999.000,-999.000,-999.000,-999.000,-999.000,11.450,11.420,11.470,27.493,10.154,19.465,28.563,0.538,0.614,0.690,0.721,0.574,0.671,0.688,0.739,0.474,,,,,,,,
2023-05-06,18,17.643,14.927,19.337,17.628,14.902,19.306,17.700,14.990,19.400,17.668,14.960,19.400,17.776,14.621,20.364,17.665,72.602,37.775,2.709,388.967,406.158,19.546,36.705,0.000,377.422,0.000,7577.467,0.000,-999.000,-999.000,101.606,0.200,0.200,3.757,10.740,215.749,2.547,8.510,215.280,0.493,13.848,13.811,13.893,11.570,11.488,11.656,10.779,10.730,10.812,-999.000,-999.000,-999.000,9.294,9.533,20.848,19.840,21.496,-999.000,-999.000,-999.000,-999.000,-999.000,-999.000,11.448,11.418,11.480,24.044,10.417,18.151,18.789,0.538,0.615,0.690,0.721,0.574,0.672,0.688,0.739,0.474,,,,,,,,
2023-05-06,19,14.588,14.448,14.898,14.584,14.450,14.876,14.617,14.460,14.970,14.598,14.440,14.930,14.429,14.178,14.710,14.563,88.368,3.124,0.000,380.712,387.817,1.041,4.371,0.000,383.667,0.000,7932.433,0.080,-999.000,-999.000,101.639,0.200,0.200,2.078,6.050,222.046,1.377,4.960,221.949,0.493,13.873,13.847,13.895,11.707,11.621,11.774,10.823,10.784,10.862,-999.000,-999.000,-999.000,9.302,9.537,18.876,18.252,19.794,-999.000,-999.000,-999.000,-999.000,-999.000,-999.000,11.454,11.435,11.484,20.166,10.400,15.989,3.973,0.538,0.615,0.691,0.721,0.574,0.672,0.688,0.739,0.472,,,,,,,,
2023-05-06,20,14.566,14.508,14.710,14.559,14.502,14.688,14.586,14.440,14.680,14.576,14.420,14.690,14.096,13.698,14.523,14.545,89.378,0.006,0.000,376.262,387.258,-4.176,0.095,0.000,366.698,0.000,7999.000,0.000,-999.000,-999.000,101.648,0.200,0.200,0.864,2.120,248.301,0.564,1.620,235.432,0.493,13.810,13.765,13.851,11.821,11.761,11.852,10.869,10.843,10.905,-999.000,-999.000,-999.000,9.287,9.527,17.777,17.380,18.246,-999.000,-999.000,-999.000,-999.000,-999.000,-999.000,11.456,11.436,11.469,15.559,9.985,13.279,-2.346,0.537,0.616,0.692,0.720,0.573,0.672,0.689,0.739,0.471,,,,,,,,
2023-05-06,21,14.316,14.168,14.514,14.312,14.156,14.487,14.335,14.190,14.470,14.315,14.200,14.480,13.719,13.583,13.877,14.271,92.413,0.000,0.000,375.370,386.147,-3.451,0.000,0.000,366.473,0.000,7999.000,0.000,-999.000,-999.000,101.654,0.200,0.200,0.576,1.290,270.659,0.449,0.930,197.732,0.493,13.703,13.660,13.765,11.886,11.852,11.939,10.928,10.901,10.958,-999.000,-999.000,-999.000,9.307,9.547,17.022,16.721,17.360,-999.000,-999.000,-999.000,-999.000,-999.000,-999.000,11.456,11.438,11.474,11.977,9.264,10.948,-4.689,0.537,0.616,0.692,0.720,0.573,0.672,0.689,0.739,0.470,,,,,,,,
2023-05-06,22,14.233,14.049,14.334,14.236,14.024,14.336,14.198,14.100,14.410,14.191,14.090,14.360,13.555,13.356,13.699,14.147,93.522,0.000,0.000,375.213,387.568,-5.625,0.000,0.000,365.305,0.000,7999.000,0.000,-999.000,-999.000,101.653,0.200,0.200,1.638,2.990,116.321,0.986,2.130,113.588,0.493,13.590,13.529,13.668,11.959,11.929,11.986,10.967,10.952,11.001,-999.000,-999.000,-999.000,9.307,9.552,16.441,16.163,16.725,-999.000,-999.000,-999.000,-999.000,-999.000,-999.000,11.466,11.455,11.479,9.331,8.461,9.046,-5.889,0.536,0.616,0.692,0.720,0.572,0.672,0.689,0.739,0.469,,,,,,,,
2023-05-06,23,14.190,14.099,14.330,14.195,14.091,14.332,14.171,14.020,14.350,14.165,13.990,14.350,13.497,13.317,13.746,14.121,92.797,0.000,0.000,373.415,386.512,-7.197,0.000,0.000,364.782,0.000,7999.000,0.000,-999.000,-999.000,101.652,0.200,0.200,2.424,4.490,107.539,1.636,3.880,105.427,0.494,13.475,13.420,13.523,12.010,11.982,12.032,11.012,10.988,11.044,-999.000,-999.000,-999.000,9.307,9.557,15.914,15.657,16.166,-999.000,-999.000,-999.000,-999.000,-999.000,-999.000,11.480,11.462,11.492,7.388,7.706,7.630,-6.789,0.535,0.615,0.692,0.720,0.572,0.672,0.690,0.739,0.468,,,,,,,,
2023-05-06,24,14.248,14.095,14.337,14.248,14.083,14.345,14.248,14.080,14.350,14.242,14.070,14.350,13.497,13.049,13.746,14.197,92.190,0.000,0.000,370.308,385.832,-10.238,0.000,0.000,362.233,0.000,7999.000,0.000,-999.000,-999.000,101.650,0.200,0.200,2.399,4.200,100.030,1.565,3.280,100.969,0.494,13.370,13.330,13.427,12.028,12.018,12.035,11.059,11.027,11.097,-999.000,-999.000,-999.000,9.317,9.547,15.482,15.283,15.661,-999.000,-999.000,-999.000,-999.000,-999.000,-999.000,11.477,11.471,11.488,5.918,7.074,6.624,-7.303,0.535,0.615,0.693,0.720,0.571,0.672,0.690,0.739,0.468,,,,,,,,
