2023-12-01,01,-1.393,-1.498,-1.254,-1.370,-1.464,-1.190,-1.415,-1.574,-1.249,-1.409,-1.555,-1.251,-0.783,-0.882,-0.691,-1.500,97.718,0.000,0.000,308.737,311.982,2.124,0.000,0.000,302.613,0.000,6657.683,0.000,-999.000,-999.000,100.455,0.200,0.200,2.611,4.630,67.158,2.130,4.090,67.603,0.301,3.776,3.754,3.798,4.891,4.871,4.914,6.023,5.997,6.053,-999.000,-999.000,-999.000,11.854,12.716,0.650,0.601,0.703,-999.000,-999.000,-999.000,-999.000,-999.000,-999.000,7.768,7.732,7.808,-8.482,-7.843,-8.275,-11.750,0.681,0.681,0.680,0.736,0.691,0.694,0.676,0.736,0.578,,,,,,,,
2023-12-01,02,-1.297,-1.392,-1.218,-1.294,-1.378,-1.220,-1.316,-1.414,-1.170,-1.310,-1.393,-1.161,-0.660,-0.820,-0.526,-1.401,97.693,0.000,0.000,308.900,311.743,2.502,0.000,0.000,302.577,0.000,6317.217,0.000,-999.000,-999.000,100.491,0.200,0.200,3.224,5.020,54.742,2.592,4.540,55.155,0.301,3.756,3.732,3.782,4.885,4.861,4.901,6.015,5.991,6.038,-999.000,-999.000,-999.000,11.871,12.717,0.583,0.562,0.621,-999.000,-999.000,-999.000,-999.000,-999.000,-999.000,7.757,7.713,7.796,-8.689,-7.894,-8.476,-12.051,0.681,0.681,0.680,0.736,0.691,0.694,0.676,0.736,0.578,,,,,,,,
2023-12-01,03,-1.230,-1.280,-1.188,-1.226,-1.292,-1.160,-1.234,-1.331,-1.119,-1.235,-1.317,-1.135,-0.848,-0.902,-0.770,-1.315,96.498,0.000,0.000,309.028,311.695,2.716,0.000,0.000,302.563,0.000,6072.383,0.000,-999.000,-999.000,100.518,0.200,0.200,3.131,5.410,58.568,2.496,4.720,58.031,0.301,3.733,3.706,3.762,4.880,4.861,4.898,6.005,5.985,6.021,-999.000,-999.000,-999.000,11.867,12.715,0.566,0.542,0.581,-999.000,-999.000,-999.000,-999.000,-999.000,-999.000,7.738,7.707,7.773,-8.964,-7.996,-8.722,-11.931,0.681,0.681,0.680,0.736,0.691,0.694,0.676,0.736,0.578,,,,,,,,
2023-12-01,04,-1.072,-1.204,-0.903,-1.057,-1.197,-0.893,-0.974,-1.130,-0.806,-0.976,-1.135,-0.794,-0.699,-0.886,-0.549,-1.058,95.578,0.000,0.000,309.822,312.000,3.898,0.000,0.000,302.817,0.000,5809.767,0.000,-999.000,-999.000,100.517,0.200,0.200,1.330,3.680,62.731,1.023,3.100,55.146,0.302,3.706,3.675,3.725,4.863,4.841,4.884,5.982,5.951,6.008,-999.000,-999.000,-999.000,11.852,12.716,0.563,0.545,0.588,-999.000,-999.000,-999.000,-999.000,-999.000,-999.000,7.712,7.659,7.760,-9.183,-8.140,-9.005,-11.699,0.681,0.681,0.680,0.736,0.691,0.694,0.676,0.736,0.578,,,,,,,,
2023-12-01,05,-0.687,-0.950,-0.484,-0.666,-0.929,-0.486,-0.589,-0.819,-0.422,-0.579,-0.799,-0.419,-0.497,-0.576,-0.420,-0.683,95.267,0.000,0.000,311.105,313.253,4.439,0.000,0.000,303.347,0.000,5464.917,0.000,-999.000,-999.000,100.550,0.200,0.200,1.614,2.660,9.594,1.211,2.530,8.096,0.302,3.670,3.655,3.688,4.846,4.824,4.881,5.965,5.933,5.987,-999.000,-999.000,-999.000,11.830,12.687,0.549,0.528,0.575,-999.000,-999.000,-999.000,-999.000,-999.000,-999.000,7.695,7.652,7.738,-9.334,-8.298,-9.275,-11.405,0.681,0.681,0.680,0.736,0.691,0.694,0.676,0.736,0.578,,,,,,,,
2023-12-01,06,-0.485,-0.537,-0.431,-0.480,-0.546,-0.417,-0.413,-0.456,-0.381,-0.420,-0.459,-0.374,-0.074,-0.440,0.299,-0.503,95.143,0.000,0.000,311.318,313.493,4.320,0.000,0.000,302.653,0.000,5585.367,0.000,-999.000,-999.000,100.599,0.200,0.200,1.025,2.410,3.514,0.790,2.320,2.325,0.302,3.647,3.612,3.678,4.845,4.827,4.863,5.947,5.927,5.970,-999.000,-999.000,-999.000,11.824,12.694,0.535,0.519,0.555,-999.000,-999.000,-999.000,-999.000,-999.000,-999.000,7.676,7.645,7.704,-9.332,-8.409,-9.362,-11.248,0.681,0.681,0.680,0.736,0.691,0.694,0.676,0.736,0.578,,,,,,,,
2023-12-01,07,-0.303,-0.467,-0.160,-0.290,-0.434,-0.143,-0.252,-0.401,-0.147,-0.250,-0.383,-0.146,-0.073,-0.437,0.421,-0.315,95.005,0.000,0.000,311.340,314.013,4.365,0.000,0.000,301.050,0.000,5869.933,0.000,-999.000,-999.000,100.650,0.200,0.200,1.615,4.080,15.263,1.120,3.320,18.463,0.302,3.612,3.582,3.645,4.825,4.803,4.847,5.953,5.936,5.973,-999.000,-999.000,-999.000,11.824,12.678,0.527,0.502,0.555,-999.000,-999.000,-999.000,-999.000,-999.000,-999.000,7.674,7.635,7.711,-9.255,-8.457,-9.350,-11.119,0.681,0.681,0.680,0.736,0.691,0.694,0.676,0.736,0.578,,,,,,,,
2023-12-01,08,-0.354,-0.560,-0.150,-0.318,-0.503,-0.153,-0.196,-0.289,-0.106,-0.179,-0.291,-0.070,-0.510,-0.691,-0.335,-0.251,88.798,3.721,0.000,310.898,314.072,5.680,4.010,0.000,301.685,0.000,6382.183,0.000,-999.000,-999.000,100.710,0.200,0.200,3.103,5.780,56.060,2.510,5.000,55.678,0.303,3.588,3.572,3.615,4.808,4.780,4.833,5.939,5.917,5.960,-999.000,-999.000,-999.000,11.819,12.678,0.523,0.509,0.542,-999.000,-999.000,-999.000,-999.000,-999.000,-999.000,7.662,7.612,7.698,-9.149,-8.454,-9.290,-11.014,0.681,0.681,0.680,0.736,0.691,0.694,0.676,0.736,0.578,,,,,,,,
2023-12-01,09,-0.779,-1.125,-0.444,-0.749,-1.087,-0.374,-0.711,-1.106,-0.339,-0.714,-1.116,-0.352,-0.679,-0.892,-0.556,-0.796,86.260,33.151,2.648,306.532,312.925,25.112,33.142,0.000,291.752,0.000,6708.617,0.000,-999.000,-999.000,100.746,0.200,0.200,3.327,5.890,51.724,2.621,4.670,51.456,0.303,3.592,3.569,3.612,4.789,4.754,4.817,5.915,5.880,5.936,-999.000,-999.000,-999.000,11.814,12.689,0.574,0.522,0.657,-999.000,-999.000,-999.000,-999.000,-999.000,-999.000,7.627,7.582,7.658,-9.088,-8.424,-9.319,-10.342,0.681,0.681,0.680,0.736,0.691,0.694,0.676,0.736,0.578,,,,,,,,
2023-12-01,10,-1.088,-1.197,-0.999,-1.073,-1.196,-0.969,-1.109,-1.321,-0.924,-1.116,-1.319,-0.949,-0.581,-0.684,-0.516,-1.220,85.333,86.559,14.578,299.605,312.447,59.139,83.913,2.443,272.775,0.000,6818.817,0.000,-999.000,-999.000,100.785,0.200,0.200,3.515,5.330,77.144,2.889,4.820,78.385,0.304,3.572,3.550,3.593,4.758,4.731,4.781,5.886,5.870,5.914,-999.000,-999.000,-999.000,11.819,12.685,0.766,0.634,0.881,-999.000,-999.000,-999.000,-999.000,-999.000,-999.000,7.601,7.553,7.639,-9.096,-8.423,-9.449,-7.953,0.681,0.681,0.680,0.736,0.691,0.694,0.676,0.736,0.578,,,,,,,,
2023-12-01,11,-1.158,-1.267,-1.019,-1.144,-1.262,-0.985,-1.246,-1.469,-0.936,-1.252,-1.457,-0.945,-0.645,-0.717,-0.556,-1.376,86.410,118.029,21.881,300.237,314.128,82.256,116.268,0.995,277.352,0.000,6604.417,0.000,-999.000,-999.000,100.816,0.200,0.200,2.819,4.870,57.534,2.340,4.430,57.200,0.304,3.558,3.529,3.589,4.753,4.724,4.771,5.887,5.870,5.917,-999.000,-999.000,-999.000,11.807,12.686,1.064,0.881,1.261,-999.000,-999.000,-999.000,-999.000,-999.000,-999.000,7.599,7.556,7.638,-9.032,-8.461,-9.483,-4.765,0.681,0.681,0.680,0.736,0.691,0.694,0.676,0.736,0.578,,,,,,,,
2023-12-01,12,-0.914,-1.204,-0.781,-0.898,-1.170,-0.783,-0.948,-1.186,-0.791,-0.966,-1.199,-0.822,-0.227,-0.579,0.065,-1.098,86.187,95.612,16.802,307.947,316.655,70.102,94.851,0.058,299.660,0.000,6801.883,0.000,-999.000,-999.000,100.810,0.200,0.200,2.552,4.740,38.144,2.108,4.160,38.259,0.304,3.532,3.512,3.552,4.713,4.684,4.757,5.869,5.826,5.903,-999.000,-999.000,-999.000,11.805,12.680,1.480,1.261,1.643,-999.000,-999.000,-999.000,-999.000,-999.000,-999.000,7.581,7.531,7.635,-8.754,-8.505,-9.283,-0.905,0.681,0.681,0.680,0.736,0.691,0.694,0.676,0.736,0.578,,,,,,,,
2023-12-01,13,-0.813,-1.019,-0.702,-0.794,-1.021,-0.698,-0.899,-1.216,-0.776,-0.909,-1.207,-0.796,-0.266,-0.615,-0.120,-1.037,86.660,61.168,8.884,308.178,315.513,44.949,60.716,0.000,300.640,0.000,6958.717,0.000,-999.000,-999.000,100.830,0.200,0.200,2.766,5.590,43.330,2.270,5.270,40.150,0.304,3.554,3.532,3.595,4.695,4.674,4.724,5.842,5.819,5.859,-999.000,-999.000,-999.000,11.803,12.681,1.649,1.614,1.673,-999.000,-999.000,-999.000,-999.000,-999.000,-999.000,7.552,7.514,7.581,-8.229,-8.528,-8.783,-0.443,0.681,0.681,0.680,0.736,0.691,0.694,0.676,0.736,0.578,,,,,,,,
2023-12-01,14,-1.139,-1.471,-0.963,-1.120,-1.467,-0.926,-1.247,-1.766,-0.942,-1.251,-1.766,-0.952,-0.605,-1.011,-0.437,-1.373,85.620,65.484,9.790,304.305,313.673,46.325,64.977,0.078,293.158,0.000,7141.900,0.000,-999.000,-999.000,100.841,0.200,0.200,2.983,5.410,65.211,2.421,4.840,65.017,0.305,3.611,3.575,3.655,4.713,4.695,4.734,5.840,5.801,5.867,-999.000,-999.000,-999.000,11.799,12.675,1.605,1.548,1.634,-999.000,-999.000,-999.000,-999.000,-999.000,-999.000,7.551,7.519,7.595,-7.697,-8.516,-8.309,-3.148,0.681,0.681,0.680,0.735,0.691,0.694,0.676,0.736,0.578,,,,,,,,
2023-12-01,15,-1.421,-1.534,-1.349,-1.407,-1.547,-1.332,-1.470,-1.601,-1.324,-1.472,-1.610,-1.326,-1.117,-1.595,-0.800,-1.582,84.442,36.826,3.243,297.433,310.332,20.687,36.480,0.000,279.998,0.000,6757.183,0.000,-999.000,-999.000,100.839,0.200,0.200,3.013,4.830,75.661,2.476,4.130,75.003,0.305,3.642,3.619,3.669,4.696,4.672,4.719,5.808,5.785,5.835,-999.000,-999.000,-999.000,11.792,12.680,1.353,1.090,1.538,-999.000,-999.000,-999.000,-999.000,-999.000,-999.000,7.524,7.486,7.567,-7.455,-8.488,-8.163,-6.879,0.681,0.681,0.680,0.735,0.691,0.694,0.676,0.736,0.578,,,,,,,,
2023-12-01,16,-1.674,-1.736,-1.574,-1.660,-1.735,-1.540,-1.668,-1.719,-1.584,-1.668,-1.728,-1.604,-1.940,-2.047,-1.638,-1.770,84.690,6.123,0.012,291.858,306.795,-5.039,5.959,0.000,270.835,0.000,6652.533,0.000,-999.000,-999.000,100.879,0.200,0.200,3.140,4.960,70.682,2.397,4.270,71.616,0.306,3.649,3.633,3.666,4.684,4.657,4.710,5.798,5.773,5.836,-999.000,-999.000,-999.000,11.796,12.680,0.728,0.552,1.073,-999.000,-999.000,-999.000,-999.000,-999.000,-999.000,7.514,7.473,7.568,-7.518,-8.475,-8.354,-14.528,0.681,0.681,0.680,0.736,0.691,0.694,0.676,0.736,0.578,,,,,,,,
2023-12-01,17,-1.735,-1.859,-1.618,-1.731,-1.834,-1.639,-1.698,-1.832,-1.600,-1.703,-1.839,-1.622,-2.078,-2.294,-1.948,-1.824,84.653,0.000,0.000,294.830,306.353,-6.507,0.000,0.000,279.952,0.000,6787.033,0.000,-999.000,-999.000,100.906,0.200,0.200,3.244,6.360,65.887,2.517,5.480,64.705,0.304,3.633,3.604,3.660,4.703,4.681,4.724,5.795,5.771,5.821,-999.000,-999.000,-999.000,11.786,12.675,0.512,0.469,0.562,-999.000,-999.000,-999.000,-999.000,-999.000,-999.000,7.509,7.467,7.553,-8.006,-8.505,-8.946,-15.294,0.681,0.681,0.680,0.736,0.691,0.694,0.676,0.736,0.577,,,,,,,,
2023-12-01,18,-1.911,-2.262,-1.650,-1.913,-2.271,-1.653,-1.926,-2.273,-1.652,-1.931,-2.287,-1.653,-2.631,-3.508,-2.067,-2.053,86.810,0.000,0.000,277.867,301.677,-19.365,0.000,0.000,253.377,0.000,6735.767,0.000,-999.000,-999.000,100.922,0.200,0.200,2.095,3.550,67.184,1.513,3.140,68.448,0.305,3.593,3.542,3.621,4.690,4.652,4.714,5.774,5.748,5.805,-999.000,-999.000,-999.000,11.778,12.671,0.451,0.403,0.486,-999.000,-999.000,-999.000,-999.000,-999.000,-999.000,7.482,7.432,7.524,-8.769,-8.606,-9.717,-14.162,0.681,0.681,0.680,0.736,0.691,0.694,0.676,0.736,0.576,,,,,,,,
2023-12-01,19,-2.235,-2.358,-2.173,-2.230,-2.360,-2.168,-2.207,-2.385,-2.092,-2.207,-2.397,-2.110,-2.895,-3.578,-2.539,-2.281,88.018,0.000,0.000,284.140,301.950,-12.802,0.000,0.000,266.885,0.000,6416.150,0.000,-999.000,-999.000,100.945,0.200,0.200,2.503,4.410,52.117,1.918,3.610,52.014,0.305,3.521,3.476,3.552,4.674,4.655,4.695,5.752,5.726,5.796,-999.000,-999.000,-999.000,11.784,12.676,0.417,0.387,0.463,-999.000,-999.000,-999.000,-999.000,-999.000,-999.000,7.449,7.419,7.495,-9.476,-8.758,-10.380,-13.559,0.681,0.681,0.680,0.737,0.691,0.694,0.676,0.736,0.576,,,,,,,,
2023-12-01,20,-2.254,-2.407,-2.176,-2.240,-2.413,-2.152,-2.266,-2.571,-2.150,-2.263,-2.580,-2.152,-2.577,-2.839,-2.480,-2.345,87.682,0.000,0.000,281.672,301.928,-15.295,0.000,0.000,266.090,0.000,6361.633,0.000,-999.000,-999.000,100.964,0.200,0.200,2.026,4.660,39.139,1.532,4.110,40.170,0.306,3.445,3.400,3.506,4.663,4.635,4.689,5.748,5.729,5.766,-999.000,-999.000,-999.000,11.774,12.676,0.399,0.367,0.427,-999.000,-999.000,-999.000,-999.000,-999.000,-999.000,7.439,7.409,7.476,-10.102,-8.917,-11.013,-13.050,0.681,0.681,0.680,0.737,0.691,0.694,0.676,0.736,0.576,,,,,,,,
2023-12-01,21,-2.346,-2.510,-2.226,-2.346,-2.538,-2.231,-2.323,-2.561,-2.160,-2.309,-2.550,-2.156,-2.701,-3.493,-2.045,-2.404,89.140,0.099,0.000,285.033,300.473,-9.431,0.000,0.000,273.003,0.000,6463.083,0.000,-999.000,-999.000,100.987,0.200,0.200,1.399,3.200,16.075,1.072,2.700,20.130,0.306,3.376,3.324,3.420,4.640,4.619,4.659,5.717,5.700,5.733,-999.000,-999.000,-999.000,11.777,12.671,0.353,0.331,0.384,-999.000,-999.000,-999.000,-999.000,-999.000,-999.000,7.409,7.370,7.462,-10.555,-9.082,-11.496,-12.705,0.681,0.681,0.681,0.738,0.691,0.694,0.676,0.737,0.574,,,,,,,,
2023-12-01,22,-2.219,-2.285,-2.133,-2.222,-2.320,-2.138,-2.178,-2.287,-2.102,-2.176,-2.301,-2.078,-2.151,-2.487,-1.783,-2.260,89.350,0.026,0.000,294.617,303.522,-1.987,0.000,0.000,288.198,0.000,6500.167,0.000,-999.000,-999.000,100.994,0.200,0.200,0.958,2.310,50.581,0.773,2.070,52.714,0.306,3.302,3.264,3.347,4.618,4.586,4.646,5.717,5.682,5.743,-999.000,-999.000,-999.000,11.767,12.672,0.346,0.311,0.367,-999.000,-999.000,-999.000,-999.000,-999.000,-999.000,7.405,7.369,7.449,-10.844,-9.241,-11.841,-12.285,0.681,0.681,0.681,0.738,0.691,0.694,0.676,0.737,0.573,,,,,,,,
2023-12-01,23,-2.065,-2.179,-1.991,-2.048,-2.175,-1.977,-2.024,-2.124,-1.962,-2.025,-2.131,-1.961,-1.922,-2.080,-1.615,-2.128,87.898,0.003,0.000,298.052,305.537,-0.626,0.000,0.000,293.383,0.000,6600.133,0.000,-999.000,-999.000,101.035,0.200,0.200,1.228,3.060,56.789,1.030,2.510,59.719,0.306,3.253,3.198,3.287,4.594,4.565,4.615,5.709,5.692,5.728,-999.000,-999.000,-999.000,11.741,12.656,0.318,0.304,0.347,-999.000,-999.000,-999.000,-999.000,-999.000,-999.000,7.388,7.361,7.418,-10.982,-9.363,-11.983,-11.996,0.681,0.681,0.680,0.738,0.691,0.694,0.676,0.737,0.573,,,,,,,,
2023-12-01,24,-2.024,-2.067,-1.974,-2.008,-2.049,-1.966,-1.987,-2.028,-1.949,-1.984,-2.035,-1.924,-2.022,-2.136,-1.826,-2.104,87.127,0.000,0.000,295.582,305.725,-4.081,0.000,0.000,290.987,0.000,6621.117,0.000,-999.000,-999.000,101.055,0.200,0.200,1.315,2.260,46.964,1.078,2.140,47.686,0.307,3.182,3.138,3.227,4.571,4.545,4.598,5.710,5.672,5.728,-999.000,-999.000,-999.000,11.755,12.659,0.307,0.291,0.334,-999.000,-999.000,-999.000,-999.000,-999.000,-999.000,7.390,7.365,7.411,-10.994,-9.427,-11.947,-11.791,0.681,0.681,0.681,0.738,0.691,0.694,0.676,0.737,0.573,,,,,,,,
