2023-01-14,01,7.075,6.665,7.488,7.067,6.678,7.520,7.068,6.662,7.511,7.059,6.672,7.508,6.111,5.430,6.774,6.988,82.590,0.000,0.000,311.340,343.990,-28.625,0.000,0.000,298.658,0.000,7643.250,0.000,-999.000,-999.000,101.418,0.200,0.200,4.864,8.080,228.344,3.600,7.170,227.332,0.251,7.229,7.176,7.273,7.512,7.501,7.537,7.732,7.701,7.773,-999.000,-999.000,-999.000,9.144,10.279,5.949,5.818,6.206,-999.000,-999.000,-999.000,-999.000,-999.000,-999.000,8.107,8.074,8.132,-2.865,-2.896,-3.650,-8.406,0.660,0.653,0.669,0.713,0.691,0.696,0.682,0.730,0.515,,,,,,,,
2023-01-14,02,6.976,6.529,7.368,6.969,6.522,7.383,6.965,6.535,7.358,6.955,6.497,7.347,5.975,5.304,6.551,6.889,84.870,0.000,0.000,289.872,342.915,-49.277,0.000,0.000,277.095,0.000,7571.800,0.000,-999.000,-999.000,101.431,0.200,0.200,5.367,8.450,221.674,4.039,6.770,221.248,0.250,7.149,7.098,7.180,7.476,7.426,7.508,7.704,7.694,7.718,-999.000,-999.000,-999.000,9.136,10.281,5.746,5.560,5.838,-999.000,-999.000,-999.000,-999.000,-999.000,-999.000,8.109,8.099,8.125,-3.218,-3.056,-4.043,-9.465,0.660,0.653,0.669,0.713,0.691,0.696,0.682,0.730,0.515,,,,,,,,
2023-01-14,03,6.009,5.589,6.585,6.005,5.546,6.611,6.023,5.570,6.606,6.009,5.534,6.611,4.970,4.614,5.369,5.960,86.332,0.000,0.000,277.635,338.213,-56.935,0.000,0.000,264.287,0.000,7841.733,0.000,-999.000,-999.000,101.388,0.200,0.200,5.265,8.280,203.445,3.955,6.790,202.507,0.250,7.049,6.966,7.102,7.451,7.425,7.500,7.710,7.682,7.739,-999.000,-999.000,-999.000,9.152,10.275,5.290,5.041,5.544,-999.000,-999.000,-999.000,-999.000,-999.000,-999.000,8.105,8.091,8.137,-3.600,-3.294,-4.483,-12.252,0.659,0.653,0.669,0.713,0.691,0.696,0.682,0.730,0.515,,,,,,,,
2023-01-14,04,5.489,5.353,5.747,5.489,5.340,5.737,5.520,5.387,5.770,5.508,5.351,5.779,4.668,4.441,4.860,5.451,89.163,0.000,0.000,285.288,337.102,-48.277,0.000,0.000,273.450,0.000,7729.100,0.000,-999.000,-999.000,101.303,0.200,0.200,5.519,8.730,192.932,4.173,6.740,191.452,0.249,6.928,6.859,6.973,7.422,7.406,7.448,7.699,7.678,7.709,-999.000,-999.000,-999.000,9.159,10.279,4.846,4.704,5.031,-999.000,-999.000,-999.000,-999.000,-999.000,-999.000,8.124,8.098,8.143,-4.218,-3.631,-5.209,-14.913,0.659,0.653,0.669,0.713,0.691,0.696,0.682,0.730,0.515,,,,,,,,
2023-01-14,05,5.626,5.491,5.766,5.633,5.507,5.770,5.659,5.530,5.814,5.656,5.506,5.817,5.018,4.811,5.227,5.596,90.740,0.000,0.000,304.440,339.480,-31.321,0.000,0.000,294.717,0.000,7594.300,0.000,-999.000,-999.000,101.223,0.200,0.200,5.780,8.170,185.994,4.306,6.640,184.834,0.249,6.771,6.684,6.866,7.376,7.334,7.408,7.693,7.662,7.702,-999.000,-999.000,-999.000,9.161,10.280,4.699,4.678,4.717,-999.000,-999.000,-999.000,-999.000,-999.000,-999.000,8.121,8.099,8.150,-4.910,-4.082,-5.919,-14.553,0.659,0.652,0.669,0.712,0.691,0.696,0.682,0.730,0.515,,,,,,,,
2023-01-14,06,5.868,5.717,6.064,5.861,5.729,6.093,5.879,5.751,6.074,5.874,5.726,6.094,5.388,5.204,5.652,5.836,90.928,0.000,0.000,314.847,341.427,-22.739,0.000,0.000,305.768,0.000,7667.150,0.000,-999.000,-999.000,101.117,0.200,0.200,6.035,8.810,177.264,4.593,7.610,175.773,0.248,6.616,6.589,6.687,7.321,7.297,7.341,7.643,7.621,7.669,-999.000,-999.000,-999.000,9.152,10.266,4.806,4.717,4.871,-999.000,-999.000,-999.000,-999.000,-999.000,-999.000,8.097,8.085,8.112,-5.308,-4.483,-6.263,-12.158,0.659,0.652,0.669,0.712,0.690,0.695,0.682,0.730,0.515,,,,,,,,
2023-01-14,07,6.225,6.097,6.319,6.231,6.090,6.368,6.266,6.095,6.415,6.269,6.121,6.414,5.812,5.682,5.985,6.226,88.272,0.000,0.000,330.027,343.393,-9.500,0.000,0.000,321.880,0.000,7688.800,0.000,-999.000,-999.000,100.976,0.200,0.200,6.892,9.430,177.509,5.364,8.140,175.993,0.248,6.543,6.476,6.589,7.275,7.221,7.307,7.626,7.621,7.641,-999.000,-999.000,-999.000,9.135,10.269,4.964,4.861,5.092,-999.000,-999.000,-999.000,-999.000,-999.000,-999.000,8.117,8.097,8.131,-5.352,-4.708,-6.243,-9.600,0.659,0.652,0.669,0.712,0.690,0.695,0.681,0.730,0.514,,,,,,,,
2023-01-14,08,6.208,6.129,6.342,6.195,6.109,6.365,6.265,6.178,6.415,6.250,6.171,6.405,5.854,5.782,5.923,6.176,91.463,0.095,0.000,342.308,345.918,-0.376,0.424,0.000,333.820,0.000,7434.350,1.020,-999.000,-999.000,100.830,0.200,0.200,7.228,10.020,172.183,5.716,8.860,170.657,0.247,6.484,6.460,6.503,7.224,7.212,7.238,7.623,7.618,7.641,-999.000,-999.000,-999.000,9.157,10.267,5.223,5.099,5.364,-999.000,-999.000,-999.000,-999.000,-999.000,-999.000,8.111,8.094,8.124,-5.163,-4.758,-5.985,-6.946,0.659,0.651,0.669,0.712,0.690,0.695,0.681,0.730,0.515,,,,,,,,
2023-01-14,09,6.512,6.145,6.867,6.515,6.142,6.870,6.563,6.212,6.903,6.548,6.189,6.887,6.222,5.831,6.634,6.483,94.722,6.530,0.000,345.455,348.980,4.747,7.357,0.000,337.058,0.000,7103.967,1.620,-999.000,-999.000,100.630,0.200,0.200,8.400,11.910,173.581,6.631,11.450,172.684,0.246,6.463,6.449,6.493,7.155,7.122,7.218,7.597,7.561,7.621,-999.000,-999.000,-999.000,9.172,10.267,5.508,5.361,5.714,-999.000,-999.000,-999.000,-999.000,-999.000,-999.000,8.083,8.063,8.114,-4.648,-4.636,-5.555,-4.435,0.659,0.651,0.669,0.712,0.690,0.695,0.681,0.730,0.515,,,,,,,,
2023-01-14,10,7.302,6.896,7.663,7.304,6.916,7.675,7.329,6.918,7.721,7.330,6.908,7.733,6.963,6.640,7.183,7.300,93.848,14.284,0.110,347.445,352.625,9.212,15.078,0.000,338.762,0.000,7354.150,1.620,-999.000,-999.000,100.459,0.200,0.200,8.807,12.620,179.843,6.874,10.960,178.849,0.246,6.506,6.469,6.560,7.111,7.092,7.128,7.555,7.544,7.567,-999.000,-999.000,-999.000,9.125,10.269,5.896,5.707,6.076,-999.000,-999.000,-999.000,-999.000,-999.000,-999.000,8.091,8.050,8.128,-4.006,-4.386,-4.989,-1.566,0.659,0.653,0.668,0.713,0.690,0.695,0.681,0.730,0.515,,,,,,,,
2023-01-14,11,7.851,7.656,8.275,7.859,7.642,8.301,7.911,7.721,8.320,7.898,7.713,8.320,7.493,7.180,7.866,7.856,93.438,23.493,1.818,350.257,355.053,16.879,24.498,0.000,341.923,0.000,7288.717,1.430,-999.000,-999.000,100.271,0.200,0.200,9.110,13.940,179.818,7.057,11.480,178.892,0.245,6.560,6.526,6.604,7.054,7.027,7.101,7.526,7.492,7.570,-999.000,-999.000,-999.000,9.159,10.268,6.278,6.073,6.481,-999.000,-999.000,-999.000,-999.000,-999.000,-999.000,8.077,8.054,8.115,-3.149,-4.032,-4.217,1.008,0.659,0.653,0.668,0.713,0.690,0.695,0.681,0.730,0.515,,,,,,,,
2023-01-14,12,8.620,8.321,8.959,8.617,8.337,8.985,8.675,8.370,9.020,8.657,8.370,9.040,8.187,7.902,8.471,8.608,93.990,30.727,3.399,354.995,358.583,23.740,31.862,0.000,347.030,0.000,6968.383,1.430,-999.000,-999.000,100.065,0.200,0.200,10.359,15.950,189.380,8.064,12.680,187.983,0.245,6.673,6.607,6.724,7.030,7.007,7.047,7.506,7.468,7.525,-999.000,-999.000,-999.000,9.143,10.255,6.743,6.485,6.990,-999.000,-999.000,-999.000,-999.000,-999.000,-999.000,8.096,8.068,8.113,-2.177,-3.564,-3.316,3.798,0.660,0.652,0.668,0.712,0.690,0.695,0.681,0.730,0.515,,,,,,,,
2023-01-14,13,9.240,8.989,9.428,9.246,8.992,9.444,9.277,9.040,9.430,9.258,9.030,9.430,8.672,8.500,8.814,9.212,93.145,21.365,1.354,357.263,360.907,16.368,22.537,0.000,349.443,0.000,6857.800,1.340,-999.000,-999.000,99.898,0.200,0.200,10.907,16.500,198.376,8.431,14.880,197.178,0.244,6.807,6.721,6.897,7.025,7.009,7.042,7.472,7.457,7.484,-999.000,-999.000,-999.000,9.131,10.272,7.218,7.003,7.419,-999.000,-999.000,-999.000,-999.000,-999.000,-999.000,8.085,8.061,8.104,-1.091,-2.983,-2.280,6.550,0.660,0.652,0.667,0.712,0.690,0.695,0.681,0.730,0.514,,,,,,,,
2023-01-14,14,9.567,9.405,9.713,9.540,9.378,9.684,9.583,9.410,9.720,9.559,9.360,9.720,9.181,8.817,9.409,9.524,97.957,23.683,1.945,360.432,363.405,18.811,24.802,0.000,352.667,0.000,6021.650,1.010,-999.000,-999.000,99.756,0.200,0.200,10.039,15.590,200.900,7.867,13.350,199.431,0.243,6.983,6.897,7.076,7.024,6.998,7.038,7.459,7.440,7.473,-999.000,-999.000,-999.000,9.147,10.269,7.604,7.428,7.757,-999.000,-999.000,-999.000,-999.000,-999.000,-999.000,8.099,8.062,8.117,0.001,-2.296,-1.230,8.072,0.660,0.652,0.667,0.712,0.690,0.695,0.681,0.730,0.514,,,,,,,,
2023-01-14,15,10.006,9.679,10.337,10.013,9.651,10.363,10.066,9.720,10.360,10.048,9.720,10.350,9.528,9.343,9.777,10.031,95.695,9.987,0.011,362.462,365.682,7.666,10.807,0.000,355.382,0.000,6588.833,1.890,-999.000,-999.000,99.655,0.200,0.200,9.282,13.990,201.395,7.185,12.230,200.873,0.241,7.115,7.045,7.186,7.003,6.974,7.043,7.413,7.393,7.457,-999.000,-999.000,-999.000,9.153,10.270,7.914,7.760,8.051,-999.000,-999.000,-999.000,-999.000,-999.000,-999.000,8.070,8.046,8.088,0.980,-1.574,-0.250,9.232,0.660,0.652,0.668,0.712,0.690,0.695,0.680,0.730,0.514,,,,,,,,
2023-01-14,16,10.572,10.363,10.760,10.558,10.366,10.756,10.598,10.410,10.770,10.570,10.380,10.740,10.175,9.810,10.392,10.555,95.032,3.330,0.000,366.013,368.623,3.132,4.252,0.000,358.055,0.000,5912.450,0.510,-999.000,-999.000,99.581,0.200,0.200,9.377,15.590,205.375,7.579,12.790,204.359,0.241,7.300,7.189,7.392,7.053,7.030,7.075,7.409,7.392,7.415,-999.000,-999.000,-999.000,9.135,10.250,8.227,8.064,8.371,-999.000,-999.000,-999.000,-999.000,-999.000,-999.000,8.073,8.054,8.081,1.842,-0.876,0.616,9.819,0.660,0.652,0.668,0.712,0.690,0.695,0.680,0.730,0.514,,,,,,,,
2023-01-14,17,10.861,10.770,10.951,10.833,10.719,10.940,10.893,10.770,11.010,10.868,10.760,10.990,10.507,10.392,10.650,10.850,95.832,0.000,0.000,368.067,370.665,-0.052,0.073,0.000,360.270,0.000,5436.167,1.080,-999.000,-999.000,99.534,0.200,0.200,9.100,14.890,208.922,7.154,12.650,207.383,0.240,7.448,7.375,7.531,7.069,7.041,7.090,7.379,7.354,7.412,-999.000,-999.000,-999.000,9.151,10.274,8.500,8.390,8.609,-999.000,-999.000,-999.000,-999.000,-999.000,-999.000,8.042,8.017,8.074,2.614,-0.214,1.390,10.465,0.660,0.652,0.667,0.712,0.690,0.695,0.680,0.730,0.514,,,,,,,,
2023-01-14,18,11.073,10.931,11.207,11.064,10.943,11.196,11.110,11.000,11.220,11.093,10.990,11.210,10.704,10.624,10.787,11.057,96.253,0.000,0.000,369.433,371.918,-0.106,0.000,0.000,362.045,0.000,5320.167,1.680,-999.000,-999.000,99.533,0.200,0.200,8.670,14.070,219.740,6.893,12.050,218.701,0.238,7.607,7.514,7.704,7.122,7.090,7.145,7.370,7.351,7.397,-999.000,-999.000,-999.000,9.123,10.255,8.760,8.605,8.900,-999.000,-999.000,-999.000,-999.000,-999.000,-999.000,8.069,8.046,8.086,3.358,0.414,2.120,10.975,0.660,0.652,0.668,0.712,0.690,0.696,0.680,0.730,0.514,,,,,,,,
2023-01-14,19,11.257,11.108,11.354,11.303,11.095,11.429,11.254,11.070,11.400,11.298,11.080,11.460,10.753,10.543,10.881,11.297,92.128,0.000,0.000,361.847,370.443,-5.729,0.692,0.000,355.460,0.000,6671.367,0.670,-999.000,-999.000,99.590,0.200,0.200,8.424,16.290,242.863,6.604,13.350,242.434,0.237,7.774,7.707,7.858,7.183,7.148,7.211,7.395,7.377,7.413,-999.000,-999.000,-999.000,9.121,10.239,8.985,8.886,9.047,-999.000,-999.000,-999.000,-999.000,-999.000,-999.000,8.076,8.063,8.082,3.986,1.016,2.803,11.396,0.660,0.652,0.668,0.712,0.690,0.696,0.680,0.730,0.514,,,,,,,,
2023-01-14,20,10.795,9.780,11.148,10.800,9.769,11.206,10.854,9.830,11.150,10.860,9.830,11.220,10.150,8.825,10.609,10.803,86.635,0.088,0.000,357.168,364.277,-3.512,0.188,0.000,349.315,0.000,6581.150,0.860,-999.000,-999.000,99.673,0.200,0.200,9.313,17.040,246.650,7.324,14.220,245.693,0.236,7.905,7.855,7.944,7.230,7.194,7.277,7.378,7.374,7.397,-999.000,-999.000,-999.000,9.115,10.267,8.986,8.916,9.050,-999.000,-999.000,-999.000,-999.000,-999.000,-999.000,8.043,8.040,8.072,4.270,1.579,3.381,10.302,0.660,0.654,0.667,0.713,0.691,0.696,0.680,0.730,0.514,,,,,,,,
2023-01-14,21,7.934,7.650,9.531,7.938,7.650,9.517,7.993,7.691,9.590,7.988,7.657,9.610,7.186,6.922,8.596,7.911,85.435,0.000,0.000,338.260,355.103,-13.320,0.892,0.004,330.143,0.000,7594.117,0.190,-999.000,-999.000,99.775,0.200,0.200,7.021,15.870,267.219,5.324,13.990,267.565,0.236,8.012,7.941,8.048,7.305,7.260,7.342,7.409,7.376,7.441,-999.000,-999.000,-999.000,9.153,10.265,8.667,8.328,8.920,-999.000,-999.000,-999.000,-999.000,-999.000,-999.000,8.060,8.020,8.086,4.031,2.017,3.553,6.731,0.660,0.654,0.667,0.713,0.691,0.696,0.680,0.730,0.514,,,,,,,,
2023-01-14,22,7.649,7.547,7.724,7.655,7.527,7.776,7.688,7.549,7.810,7.685,7.554,7.805,7.044,6.897,7.168,7.608,84.892,0.000,0.000,330.353,355.690,-21.460,0.000,0.000,321.740,0.000,7506.783,0.000,-999.000,-999.000,99.783,0.200,0.200,5.061,8.110,243.473,3.888,7.310,243.294,0.236,8.045,8.027,8.070,7.355,7.335,7.385,7.403,7.387,7.420,-999.000,-999.000,-999.000,9.154,10.263,8.006,7.739,8.328,-999.000,-999.000,-999.000,-999.000,-999.000,-999.000,8.039,8.011,8.086,3.106,2.119,2.928,0.807,0.660,0.655,0.667,0.713,0.691,0.696,0.680,0.730,0.514,,,,,,,,
2023-01-14,23,7.878,7.714,8.029,7.898,7.717,8.078,7.936,7.763,8.160,7.936,7.738,8.170,7.185,6.900,7.398,7.868,81.844,0.000,0.000,327.202,352.075,-21.060,0.000,0.000,318.150,0.000,7182.150,0.000,-999.000,-999.000,99.811,0.200,0.200,6.529,11.710,244.647,5.045,9.790,243.903,0.236,8.011,7.977,8.047,7.408,7.388,7.447,7.414,7.401,7.444,-999.000,-999.000,-999.000,9.165,10.265,7.539,7.336,7.729,-999.000,-999.000,-999.000,-999.000,-999.000,-999.000,8.023,8.011,8.038,1.805,1.753,1.695,-2.816,0.660,0.655,0.668,0.713,0.691,0.697,0.680,0.729,0.514,,,,,,,,
2023-01-14,24,7.513,7.275,7.793,7.525,7.288,7.793,7.563,7.359,7.846,7.559,7.347,7.824,6.672,6.465,6.919,7.490,75.935,0.000,0.000,322.077,346.320,-19.875,0.000,0.000,312.742,0.000,7178.350,0.000,-999.000,-999.000,99.790,0.200,0.200,5.966,9.160,242.410,4.638,7.290,241.801,0.235,7.934,7.905,7.981,7.459,7.440,7.494,7.448,7.434,7.477,-999.000,-999.000,-999.000,9.167,10.265,7.124,6.927,7.326,-999.000,-999.000,-999.000,-999.000,-999.000,-999.000,8.030,8.011,8.044,0.673,1.147,0.499,-5.218,0.660,0.654,0.668,0.713,0.691,0.697,0.680,0.729,0.514,,,,,,,,
