2023-01-29,01,1.442,1.358,1.503,1.426,1.362,1.487,1.408,1.352,1.497,1.406,1.341,1.475,0.989,0.852,1.114,1.359,88.257,0.000,0.000,311.947,323.898,-6.438,0.000,0.000,304.337,0.000,7363.633,0.000,-999.000,-999.000,102.981,0.200,0.200,2.118,3.290,170.678,1.583,4.020,163.051,0.350,3.247,3.198,3.277,3.643,3.633,3.663,3.993,3.989,4.005,-999.000,-999.000,-999.000,8.441,10.032,1.991,1.970,2.036,-999.000,-999.000,-999.000,-999.000,-999.000,-999.000,5.089,5.077,5.100,-3.745,-3.781,-4.781,-7.606,0.565,0.603,0.665,0.725,0.660,0.661,0.673,0.722,0.500,,,,,,,,
2023-01-29,02,1.307,1.109,1.496,1.306,1.103,1.497,1.304,1.130,1.463,1.298,1.116,1.468,0.968,0.852,1.094,1.245,88.752,0.000,0.000,313.858,323.848,-4.507,0.000,0.000,306.237,0.000,7322.417,0.000,-999.000,-999.000,102.956,0.200,0.200,2.546,4.080,178.890,1.874,3.740,174.643,0.355,3.191,3.169,3.205,3.629,3.604,3.647,3.993,3.989,4.002,-999.000,-999.000,-999.000,8.440,10.027,1.909,1.882,1.970,-999.000,-999.000,-999.000,-999.000,-999.000,-999.000,5.090,5.080,5.096,-3.848,-3.857,-4.797,-7.466,0.565,0.603,0.665,0.725,0.659,0.661,0.673,0.722,0.500,,,,,,,,
2023-01-29,03,1.178,1.103,1.352,1.196,1.103,1.346,1.194,1.080,1.376,1.189,1.087,1.364,0.994,0.865,1.170,1.137,88.393,0.000,0.000,316.632,323.383,-1.620,0.000,0.000,309.507,0.000,7454.867,0.000,-999.000,-999.000,102.949,0.200,0.200,2.835,4.160,189.281,2.263,4.500,185.742,0.354,3.134,3.113,3.172,3.595,3.565,3.614,4.014,3.992,4.032,-999.000,-999.000,-999.000,8.436,10.033,1.845,1.813,1.902,-999.000,-999.000,-999.000,-999.000,-999.000,-999.000,5.087,5.067,5.106,-3.967,-3.885,-4.799,-7.370,0.565,0.603,0.665,0.725,0.658,0.662,0.672,0.722,0.500,,,,,,,,
2023-01-29,04,1.291,1.188,1.401,1.277,1.152,1.424,1.273,1.178,1.406,1.265,1.152,1.396,1.082,0.977,1.186,1.217,87.977,0.000,0.000,318.843,324.565,-0.227,0.000,0.000,311.727,0.000,7340.200,0.000,-999.000,-999.000,102.931,0.200,0.200,1.836,3.160,168.612,1.461,2.820,164.121,0.355,3.091,3.054,3.123,3.563,3.558,3.575,3.994,3.989,4.019,-999.000,-999.000,-999.000,8.437,10.021,1.816,1.813,1.823,-999.000,-999.000,-999.000,-999.000,-999.000,-999.000,5.091,5.083,5.100,-4.089,-3.902,-4.793,-7.063,0.564,0.603,0.665,0.725,0.658,0.664,0.673,0.722,0.500,,,,,,,,
2023-01-29,05,1.479,1.240,1.598,1.470,1.224,1.608,1.479,1.218,1.584,1.481,1.209,1.596,1.251,1.045,1.346,1.439,85.932,0.000,0.000,319.412,324.852,-0.231,0.000,0.000,311.670,0.000,7245.467,0.000,-999.000,-999.000,102.880,0.200,0.200,2.690,4.800,206.077,2.164,4.170,203.780,0.357,3.039,3.021,3.058,3.558,3.545,3.565,3.991,3.989,4.002,-999.000,-999.000,-999.000,8.436,10.015,1.817,1.813,1.823,-999.000,-999.000,-999.000,-999.000,-999.000,-999.000,5.091,5.086,5.103,-4.132,-3.908,-4.731,-6.629,0.563,0.602,0.665,0.725,0.657,0.660,0.673,0.722,0.500,,,,,,,,
2023-01-29,06,1.707,1.545,1.932,1.698,1.529,1.932,1.739,1.547,1.995,1.737,1.548,1.994,1.448,1.317,1.638,1.653,84.042,0.000,0.000,318.942,324.233,-0.540,0.000,0.000,311.480,0.000,7352.283,0.000,-999.000,-999.000,102.849,0.200,0.200,3.835,5.640,222.755,3.017,5.160,221.412,0.356,3.020,3.015,3.031,3.539,3.512,3.558,3.986,3.975,3.992,-999.000,-999.000,-999.000,8.436,10.028,1.811,1.797,1.820,-999.000,-999.000,-999.000,-999.000,-999.000,-999.000,5.085,5.070,5.093,-4.093,-3.919,-4.648,-6.469,0.561,0.602,0.665,0.725,0.656,0.659,0.673,0.722,0.500,,,,,,,,
2023-01-29,07,2.065,1.915,2.158,2.072,1.916,2.155,2.108,1.968,2.197,2.103,1.963,2.184,1.772,1.641,1.864,2.020,81.637,0.000,0.000,320.492,325.248,-0.103,0.000,0.000,313.102,0.000,7188.883,0.000,-999.000,-999.000,102.823,0.200,0.200,4.307,6.530,217.321,3.439,5.930,216.484,0.354,3.017,3.015,3.021,3.521,3.505,3.535,3.972,3.969,3.979,-999.000,-999.000,-999.000,8.415,10.068,1.773,1.751,1.810,-999.000,-999.000,-999.000,-999.000,-999.000,-999.000,5.075,5.070,5.086,-4.096,-3.967,-4.581,-6.266,0.560,0.601,0.665,0.724,0.656,0.659,0.673,0.722,0.500,,,,,,,,
2023-01-29,08,2.061,1.981,2.168,2.059,1.975,2.171,2.110,2.008,2.220,2.104,1.999,2.214,1.801,1.719,1.932,2.012,81.776,2.233,0.000,321.710,325.317,2.996,2.449,0.000,315.117,0.000,7412.450,0.000,-999.000,-999.000,102.813,0.200,0.200,4.675,6.600,210.808,3.715,5.740,209.501,0.355,3.009,2.988,3.015,3.507,3.479,3.528,3.977,3.969,3.992,-999.000,-999.000,-999.000,8.382,10.071,1.757,1.751,1.774,-999.000,-999.000,-999.000,-999.000,-999.000,-999.000,5.098,5.079,5.116,-4.086,-4.026,-4.517,-5.923,0.560,0.601,0.665,0.725,0.655,0.659,0.673,0.722,0.500,,,,,,,,
2023-01-29,09,2.179,2.096,2.368,2.192,2.112,2.388,2.229,2.152,2.398,2.218,2.129,2.400,2.041,1.929,2.328,2.142,81.244,20.543,0.849,323.110,326.947,17.071,20.545,0.000,316.915,0.000,7370.100,0.000,-999.000,-999.000,102.775,0.200,0.200,4.223,6.420,201.438,3.386,5.400,200.822,0.355,2.955,2.916,3.002,3.469,3.429,3.499,3.990,3.978,4.001,-999.000,-999.000,-999.000,8.377,10.032,1.799,1.764,1.852,-999.000,-999.000,-999.000,-999.000,-999.000,-999.000,5.102,5.075,5.112,-4.060,-4.060,-4.447,-5.372,0.559,0.601,0.665,0.723,0.654,0.658,0.672,0.722,0.500,,,,,,,,
2023-01-29,10,2.699,2.374,2.941,2.701,2.398,2.918,2.730,2.427,2.959,2.725,2.415,2.955,2.651,2.322,3.091,2.656,78.283,41.291,4.670,325.385,329.988,32.017,41.142,0.000,319.012,0.000,7430.400,0.000,-999.000,-999.000,102.755,0.200,0.200,3.978,6.450,205.459,3.260,5.760,204.462,0.354,2.939,2.929,2.962,3.446,3.426,3.462,3.960,3.941,3.985,-999.000,-999.000,-999.000,8.419,10.021,1.962,1.852,2.071,-999.000,-999.000,-999.000,-999.000,-999.000,-999.000,5.083,5.071,5.095,-3.960,-4.008,-4.218,-3.846,0.559,0.601,0.665,0.722,0.654,0.658,0.672,0.722,0.500,,,,,,,,
2023-01-29,11,3.232,2.908,3.446,3.245,2.938,3.466,3.264,2.975,3.449,3.256,2.974,3.452,3.294,3.081,3.451,3.188,75.666,61.508,9.644,326.668,332.863,45.668,61.088,0.000,320.263,0.000,7368.833,0.000,-999.000,-999.000,102.736,0.200,0.200,4.416,8.050,210.069,3.580,6.940,208.524,0.351,2.968,2.935,3.016,3.428,3.399,3.458,3.958,3.930,3.977,-999.000,-999.000,-999.000,8.386,10.032,2.206,2.048,2.362,-999.000,-999.000,-999.000,-999.000,-999.000,-999.000,5.100,5.080,5.127,-3.617,-3.791,-3.643,-1.628,0.558,0.601,0.665,0.722,0.654,0.659,0.672,0.722,0.499,,,,,,,,
2023-01-29,12,3.629,3.449,3.780,3.628,3.466,3.776,3.651,3.447,3.811,3.643,3.453,3.806,3.717,3.440,3.879,3.571,74.946,82.170,14.617,327.477,334.255,60.775,81.666,0.000,321.250,0.000,7466.483,0.000,-999.000,-999.000,102.652,0.200,0.200,5.471,8.700,214.638,4.481,7.870,213.527,0.350,3.051,3.019,3.091,3.408,3.392,3.441,3.962,3.947,3.976,-999.000,-999.000,-999.000,8.403,10.036,2.497,2.358,2.643,-999.000,-999.000,-999.000,-999.000,-999.000,-999.000,5.095,5.086,5.109,-3.039,-3.406,-2.775,0.416,0.558,0.600,0.665,0.721,0.653,0.658,0.672,0.722,0.499,,,,,,,,
2023-01-29,13,3.760,3.710,3.842,3.755,3.704,3.822,3.794,3.741,3.857,3.788,3.739,3.847,3.733,3.640,3.850,3.700,75.830,63.642,10.214,327.825,333.932,47.321,63.250,0.000,321.327,0.000,7210.950,0.000,-999.000,-999.000,102.566,0.200,0.200,5.981,9.280,224.008,4.850,7.860,223.781,0.351,3.147,3.091,3.177,3.432,3.418,3.448,3.959,3.940,3.970,-999.000,-999.000,-999.000,8.375,10.058,2.741,2.630,2.826,-999.000,-999.000,-999.000,-999.000,-999.000,-999.000,5.106,5.102,5.109,-2.377,-2.938,-1.805,1.920,0.558,0.600,0.665,0.721,0.652,0.659,0.672,0.722,0.499,,,,,,,,
2023-01-29,14,3.841,3.753,4.025,3.838,3.763,4.012,3.872,3.791,4.050,3.867,3.798,4.050,3.754,3.597,4.111,3.786,77.427,52.280,7.590,327.382,333.945,38.126,51.953,0.000,320.868,0.000,7056.850,0.000,-999.000,-999.000,102.442,0.200,0.200,6.135,8.970,218.848,4.943,8.040,218.149,0.351,3.232,3.173,3.275,3.429,3.418,3.448,3.936,3.927,3.953,-999.000,-999.000,-999.000,8.371,10.053,2.873,2.816,2.908,-999.000,-999.000,-999.000,-999.000,-999.000,-999.000,5.106,5.106,5.109,-1.806,-2.498,-1.028,1.877,0.557,0.601,0.664,0.720,0.650,0.661,0.671,0.722,0.499,,,,,,,,
2023-01-29,15,4.028,3.917,4.117,4.023,3.907,4.117,4.068,3.962,4.164,4.059,3.947,4.149,3.891,3.679,4.157,3.977,77.283,40.455,4.878,328.472,334.708,29.345,40.136,0.000,321.758,0.000,6928.417,0.000,-999.000,-999.000,102.384,0.200,0.200,5.560,9.170,212.123,4.508,8.630,210.784,0.351,3.307,3.265,3.344,3.453,3.438,3.464,3.936,3.927,3.950,-999.000,-999.000,-999.000,8.372,10.027,2.964,2.908,3.019,-999.000,-999.000,-999.000,-999.000,-999.000,-999.000,5.105,5.099,5.106,-1.476,-2.196,-0.649,1.756,0.557,0.601,0.664,0.718,0.649,0.661,0.671,0.722,0.499,,,,,,,,
2023-01-29,16,3.896,3.861,3.940,3.890,3.842,3.934,3.937,3.863,3.999,3.923,3.839,3.985,3.620,3.486,3.686,3.862,78.216,13.486,0.003,328.992,333.010,10.926,13.470,0.000,322.115,0.000,6909.950,0.000,-999.000,-999.000,102.322,0.200,0.200,5.895,9.080,207.962,4.761,7.940,207.046,0.353,3.360,3.340,3.367,3.458,3.457,3.464,3.927,3.927,3.933,-999.000,-999.000,-999.000,8.361,10.039,2.998,2.980,3.019,-999.000,-999.000,-999.000,-999.000,-999.000,-999.000,5.106,5.106,5.109,-1.279,-1.964,-0.470,1.063,0.557,0.601,0.664,0.717,0.646,0.662,0.672,0.722,0.499,,,,,,,,
2023-01-29,17,3.670,3.285,3.901,3.657,3.272,3.862,3.671,3.283,3.886,3.661,3.261,3.894,3.287,2.913,3.522,3.603,80.551,0.680,0.000,327.702,331.543,1.067,0.859,0.000,320.413,0.000,6828.350,0.000,-999.000,-999.000,102.289,0.200,0.200,5.650,9.300,213.478,4.531,8.070,212.470,0.354,3.375,3.360,3.386,3.468,3.457,3.477,3.930,3.888,3.947,-999.000,-999.000,-999.000,8.389,10.031,2.927,2.872,2.987,-999.000,-999.000,-999.000,-999.000,-999.000,-999.000,5.110,5.057,5.126,-1.313,-1.879,-0.683,-0.380,0.556,0.601,0.664,0.716,0.644,0.662,0.671,0.722,0.499,,,,,,,,
2023-01-29,18,3.405,3.272,3.561,3.422,3.282,3.584,3.445,3.280,3.638,3.433,3.270,3.618,3.069,2.917,3.225,3.360,85.012,0.000,0.000,327.858,330.697,1.172,0.000,0.000,320.767,0.000,6887.517,0.000,-999.000,-999.000,102.244,0.200,0.200,5.203,9.550,215.811,4.240,7.600,215.028,0.355,3.375,3.344,3.397,3.481,3.445,3.517,3.916,3.875,3.928,-999.000,-999.000,-999.000,8.378,10.022,2.821,2.800,2.886,-999.000,-999.000,-999.000,-999.000,-999.000,-999.000,5.088,5.047,5.107,-1.528,-1.956,-1.137,-1.495,0.556,0.601,0.664,0.715,0.642,0.662,0.671,0.722,0.499,,,,,,,,
2023-01-29,19,3.757,3.564,3.823,3.764,3.581,3.823,3.788,3.636,3.852,3.779,3.634,3.846,3.391,3.231,3.499,3.711,82.237,0.000,0.000,328.803,331.735,1.307,0.000,0.000,321.813,0.000,7093.817,0.000,-999.000,-999.000,102.166,0.200,0.200,6.216,10.400,214.364,5.033,9.690,213.571,0.359,3.355,3.337,3.394,3.493,3.477,3.521,3.907,3.881,3.925,-999.000,-999.000,-999.000,8.371,10.014,2.802,2.791,2.814,-999.000,-999.000,-999.000,-999.000,-999.000,-999.000,5.082,5.067,5.107,-1.742,-2.092,-1.557,-1.829,0.556,0.601,0.664,0.714,0.641,0.663,0.671,0.722,0.499,,,,,,,,
2023-01-29,20,3.755,3.685,3.842,3.762,3.682,3.856,3.755,3.694,3.839,3.747,3.678,3.819,3.436,3.346,3.558,3.692,83.522,0.000,0.000,327.900,331.805,0.278,0.000,0.000,320.937,0.000,6813.167,0.000,-999.000,-999.000,102.056,0.200,0.200,6.845,10.980,213.865,5.543,9.610,213.294,0.357,3.346,3.337,3.350,3.500,3.484,3.517,3.907,3.894,3.921,-999.000,-999.000,-999.000,8.376,10.002,2.805,2.790,2.814,-999.000,-999.000,-999.000,-999.000,-999.000,-999.000,5.085,5.080,5.090,-1.860,-2.216,-1.840,-1.823,0.556,0.601,0.664,0.714,0.641,0.663,0.671,0.723,0.498,,,,,,,,
2023-01-29,21,4.058,3.833,4.187,4.061,3.843,4.193,4.052,3.813,4.192,4.044,3.804,4.182,3.741,3.535,3.892,3.983,85.278,0.000,0.000,330.938,333.393,1.747,0.000,0.000,324.012,0.000,6662.583,0.000,-999.000,-999.000,102.014,0.200,0.200,6.462,11.050,222.406,5.296,10.090,221.494,0.357,3.344,3.330,3.350,3.520,3.510,3.539,3.933,3.911,3.947,-999.000,-999.000,-999.000,8.385,10.015,2.826,2.794,2.885,-999.000,-999.000,-999.000,-999.000,-999.000,-999.000,5.089,5.076,5.103,-1.911,-2.301,-2.024,-1.572,0.556,0.601,0.664,0.714,0.640,0.663,0.671,0.723,0.498,,,,,,,,
2023-01-29,22,4.287,4.206,4.452,4.272,4.176,4.452,4.308,4.188,4.483,4.301,4.170,4.472,3.997,3.872,4.190,4.210,87.258,0.000,0.000,332.843,334.658,2.397,0.000,0.000,326.008,0.000,6742.383,0.000,-999.000,-999.000,101.990,0.200,0.200,6.998,10.950,226.732,5.646,9.400,226.459,0.358,3.365,3.340,3.406,3.536,3.526,3.539,3.936,3.924,3.966,-999.000,-999.000,-999.000,8.357,10.032,2.936,2.889,2.980,-999.000,-999.000,-999.000,-999.000,-999.000,-999.000,5.097,5.079,5.106,-1.850,-2.313,-2.076,-0.752,0.555,0.601,0.664,0.714,0.640,0.663,0.671,0.723,0.498,,,,,,,,
2023-01-29,23,4.478,4.428,4.586,4.472,4.422,4.573,4.521,4.446,4.634,4.509,4.437,4.625,4.247,4.170,4.354,4.421,89.067,0.000,0.000,334.518,335.878,2.811,0.000,0.000,327.788,0.000,6638.183,0.000,-999.000,-999.000,101.875,0.200,0.200,7.251,10.690,220.526,5.821,10.130,219.576,0.358,3.396,3.369,3.406,3.526,3.499,3.539,3.963,3.953,3.966,-999.000,-999.000,-999.000,8.352,10.012,3.044,2.950,3.110,-999.000,-999.000,-999.000,-999.000,-999.000,-999.000,5.103,5.089,5.112,-1.665,-2.221,-1.984,0.202,0.556,0.601,0.664,0.713,0.640,0.663,0.671,0.723,0.498,,,,,,,,
2023-01-29,24,5.008,4.589,5.360,5.013,4.586,5.356,5.045,4.634,5.344,5.036,4.658,5.352,4.745,4.383,5.067,4.952,90.418,0.000,0.000,337.387,338.172,3.285,0.000,0.000,330.893,0.000,6480.000,0.000,-999.000,-999.000,101.795,0.200,0.200,7.286,10.910,222.490,5.812,9.640,221.798,0.358,3.422,3.392,3.445,3.526,3.506,3.545,3.922,3.896,3.963,-999.000,-999.000,-999.000,8.359,10.010,3.211,3.107,3.329,-999.000,-999.000,-999.000,-999.000,-999.000,-999.000,5.087,5.065,5.112,-1.396,-2.041,-1.788,1.224,0.556,0.601,0.664,0.713,0.639,0.663,0.671,0.723,0.498,,,,,,,,
