2023-02-02,01,7.422,7.255,7.525,7.419,7.186,7.551,7.476,7.210,7.599,7.466,7.185,7.609,6.903,6.760,7.049,7.380,89.733,0.000,0.000,342.818,348.778,-2.147,0.000,0.000,335.648,0.000,7306.583,0.120,-999.000,-999.000,102.104,0.200,0.200,5.587,9.500,282.734,4.357,8.040,282.087,0.374,5.228,5.206,5.239,4.655,4.648,4.671,4.611,4.594,4.617,-999.000,-999.000,-999.000,8.154,9.910,5.624,5.598,5.641,-999.000,-999.000,-999.000,-999.000,-999.000,-999.000,5.304,5.278,5.324,2.191,2.365,2.246,4.913,0.567,0.614,0.667,0.713,0.651,0.678,0.676,0.728,0.515,,,,,,,,
2023-02-02,02,6.960,6.639,7.246,6.947,6.626,7.163,6.994,6.670,7.201,6.984,6.672,7.181,6.550,6.299,6.754,6.892,92.132,0.000,0.000,347.468,347.212,4.289,0.000,0.000,341.125,0.000,7274.333,0.300,-999.000,-999.000,102.124,0.200,0.200,4.688,7.640,281.901,3.534,6.510,280.997,0.376,5.254,5.229,5.306,4.691,4.668,4.734,4.620,4.611,4.661,-999.000,-999.000,-999.000,8.147,9.907,5.638,5.624,5.647,-999.000,-999.000,-999.000,-999.000,-999.000,-999.000,5.308,5.285,5.324,2.159,2.339,2.213,4.648,0.568,0.615,0.667,0.712,0.653,0.678,0.676,0.729,0.516,,,,,,,,
2023-02-02,03,6.548,6.501,6.643,6.514,6.468,6.596,6.587,6.513,6.669,6.572,6.507,6.673,6.192,6.112,6.289,6.486,94.052,0.000,0.000,346.787,346.278,4.889,0.000,0.000,339.273,0.000,7671.450,0.150,-999.000,-999.000,102.124,0.200,0.200,3.537,6.640,284.096,2.598,5.970,284.156,0.380,5.309,5.299,5.319,4.758,4.734,4.771,4.671,4.641,4.681,-999.000,-999.000,-999.000,8.126,9.861,5.622,5.599,5.644,-999.000,-999.000,-999.000,-999.000,-999.000,-999.000,5.318,5.288,5.338,2.095,2.272,2.136,4.000,0.570,0.618,0.667,0.708,0.657,0.678,0.676,0.731,0.517,,,,,,,,
2023-02-02,04,7.005,6.525,7.617,7.058,6.498,7.656,7.115,6.530,7.723,7.119,6.520,7.727,6.481,5.949,7.013,7.080,89.913,0.000,0.000,336.773,346.502,-5.194,0.000,0.000,326.760,0.000,7401.583,0.000,-999.000,-999.000,102.109,0.200,0.200,5.216,9.710,272.526,4.047,7.920,271.515,0.376,5.322,5.306,5.336,4.788,4.761,4.830,4.696,4.671,4.746,-999.000,-999.000,-999.000,8.125,9.867,5.546,5.487,5.612,-999.000,-999.000,-999.000,-999.000,-999.000,-999.000,5.320,5.281,5.338,1.951,2.119,1.966,3.035,0.572,0.622,0.667,0.707,0.658,0.679,0.676,0.730,0.515,,,,,,,,
2023-02-02,05,7.681,7.584,7.790,7.700,7.593,7.800,7.782,7.647,7.899,7.774,7.644,7.904,6.982,6.841,7.098,7.702,85.273,0.000,0.000,332.800,347.617,-10.293,0.000,0.000,324.603,0.000,7191.300,0.000,-999.000,-999.000,102.113,0.200,0.200,6.440,10.750,275.019,4.836,8.540,275.336,0.376,5.303,5.278,5.332,4.781,4.763,4.828,4.695,4.679,4.723,-999.000,-999.000,-999.000,8.148,9.894,5.547,5.497,5.575,-999.000,-999.000,-999.000,-999.000,-999.000,-999.000,5.294,5.274,5.320,1.768,1.958,1.727,3.169,0.572,0.628,0.667,0.706,0.659,0.679,0.676,0.728,0.511,,,,,,,,
2023-02-02,06,7.922,7.714,8.029,7.939,7.721,8.036,8.002,7.827,8.140,7.992,7.812,8.130,7.272,7.051,7.398,7.918,84.220,0.000,0.000,347.002,349.532,1.788,0.000,0.000,339.400,0.000,7341.733,0.000,-999.000,-999.000,102.139,0.200,0.200,6.906,11.330,275.344,5.237,9.960,274.700,0.376,5.327,5.301,5.343,4.832,4.818,4.851,4.743,4.705,4.754,-999.000,-999.000,-999.000,8.128,9.878,5.632,5.575,5.696,-999.000,-999.000,-999.000,-999.000,-999.000,-999.000,5.330,5.307,5.337,1.715,1.910,1.646,3.564,0.573,0.630,0.667,0.706,0.658,0.679,0.676,0.727,0.511,,,,,,,,
2023-02-02,07,7.810,7.560,7.993,7.795,7.557,8.012,7.828,7.558,8.050,7.818,7.556,8.050,7.178,7.053,7.368,7.728,87.163,0.000,0.000,348.367,349.992,2.045,0.000,0.000,339.345,0.000,7506.483,0.320,-999.000,-999.000,102.165,0.200,0.200,6.642,10.630,276.616,5.055,9.580,276.773,0.383,5.369,5.340,5.399,4.865,4.848,4.884,4.756,4.748,4.768,-999.000,-999.000,-999.000,8.117,9.860,5.750,5.676,5.774,-999.000,-999.000,-999.000,-999.000,-999.000,-999.000,5.327,5.313,5.340,1.771,1.960,1.712,4.479,0.573,0.631,0.667,0.706,0.659,0.679,0.676,0.728,0.511,,,,,,,,
2023-02-02,08,7.589,7.554,7.636,7.594,7.557,7.658,7.638,7.578,7.754,7.628,7.561,7.762,7.112,7.047,7.191,7.550,90.110,3.746,0.000,348.370,349.957,5.256,4.670,0.000,339.300,0.000,7312.183,0.330,-999.000,-999.000,102.208,0.200,0.200,6.966,11.220,273.585,5.373,9.970,273.054,0.381,5.405,5.386,5.412,4.877,4.857,4.897,4.764,4.748,4.791,-999.000,-999.000,-999.000,8.131,9.905,5.819,5.774,5.860,-999.000,-999.000,-999.000,-999.000,-999.000,-999.000,5.336,5.330,5.343,1.915,2.079,1.902,4.955,0.575,0.644,0.667,0.708,0.663,0.678,0.674,0.726,0.517,,,,,,,,
2023-02-02,09,7.755,7.557,8.056,7.791,7.557,8.035,7.850,7.596,8.140,7.846,7.611,8.120,7.399,7.178,7.757,7.765,88.058,38.925,4.432,341.755,350.818,25.486,39.380,0.000,335.057,0.000,7328.733,0.000,-999.000,-999.000,102.265,0.200,0.200,7.237,11.040,274.789,5.391,9.380,275.080,0.382,5.446,5.406,5.484,4.905,4.884,4.933,4.797,4.781,4.826,-999.000,-999.000,-999.000,8.116,9.884,5.950,5.853,6.046,-999.000,-999.000,-999.000,-999.000,-999.000,-999.000,5.337,5.323,5.349,2.075,2.232,2.109,5.546,0.577,0.660,0.667,0.711,0.667,0.676,0.674,0.725,0.517,,,,,,,,
2023-02-02,10,8.260,8.055,8.453,8.271,8.060,8.450,8.335,8.140,8.480,8.329,8.160,8.470,8.096,7.751,8.306,8.233,84.103,103.097,19.051,341.860,354.213,71.692,102.313,0.318,335.263,0.000,7395.100,0.000,-999.000,-999.000,102.339,0.200,0.200,7.626,12.530,278.126,5.761,10.340,278.589,0.379,5.519,5.464,5.564,4.930,4.889,4.964,4.816,4.790,4.861,-999.000,-999.000,-999.000,8.119,9.874,6.193,6.026,6.417,-999.000,-999.000,-999.000,-999.000,-999.000,-999.000,5.336,5.319,5.355,2.356,2.450,2.518,7.283,0.578,0.662,0.667,0.712,0.667,0.676,0.674,0.724,0.514,,,,,,,,
2023-02-02,11,8.436,8.373,8.488,8.425,8.366,8.462,8.482,8.410,8.540,8.469,8.410,8.530,8.261,8.076,8.390,8.390,84.072,85.739,14.124,348.055,355.640,64.030,85.063,0.000,341.565,0.000,7346.650,0.000,-999.000,-999.000,102.394,0.200,0.200,6.680,9.760,275.561,5.150,9.310,275.728,0.378,5.651,5.568,5.705,4.951,4.930,4.980,4.848,4.824,4.864,-999.000,-999.000,-999.000,8.112,9.880,6.553,6.427,6.678,-999.000,-999.000,-999.000,-999.000,-999.000,-999.000,5.341,5.321,5.368,2.947,2.863,3.457,9.955,0.579,0.662,0.666,0.712,0.667,0.676,0.674,0.723,0.512,,,,,,,,
2023-02-02,12,8.517,8.311,8.715,8.505,8.287,8.707,8.568,8.380,8.760,8.560,8.380,8.740,8.267,8.007,8.469,8.465,83.575,66.571,10.088,349.900,355.650,50.732,66.098,0.000,343.372,0.000,7416.517,0.000,-999.000,-999.000,102.410,0.200,0.200,5.777,9.500,266.747,4.495,7.830,265.965,0.379,5.797,5.681,5.859,4.995,4.943,5.036,4.871,4.840,4.900,-999.000,-999.000,-999.000,8.107,9.875,6.760,6.675,6.825,-999.000,-999.000,-999.000,-999.000,-999.000,-999.000,5.330,5.307,5.363,3.666,3.362,4.510,10.399,0.580,0.661,0.667,0.712,0.667,0.676,0.674,0.723,0.512,,,,,,,,
2023-02-02,13,8.596,8.403,8.777,8.587,8.360,8.759,8.649,8.450,8.830,8.634,8.420,8.820,8.200,7.955,8.551,8.557,82.723,40.227,3.724,350.872,355.237,32.144,40.179,0.000,343.022,0.000,7312.883,0.000,-999.000,-999.000,102.397,0.200,0.200,5.869,10.060,260.722,4.661,8.310,260.554,0.380,5.902,5.835,5.974,5.030,4.999,5.101,4.854,4.833,4.900,-999.000,-999.000,-999.000,8.108,9.871,6.864,6.818,6.894,-999.000,-999.000,-999.000,-999.000,-999.000,-999.000,5.335,5.317,5.347,4.119,3.714,5.114,10.047,0.580,0.660,0.666,0.712,0.666,0.677,0.675,0.723,0.512,,,,,,,,
2023-02-02,14,7.854,7.703,8.404,7.802,7.659,8.311,7.865,7.738,8.390,7.829,7.685,8.370,7.700,7.579,7.958,7.721,94.088,37.898,3.772,353.052,353.923,33.255,39.148,0.000,349.360,0.000,6839.300,0.630,-999.000,-999.000,102.394,0.200,0.200,5.436,9.100,251.660,4.337,7.640,251.449,0.381,5.991,5.970,6.013,5.094,5.078,5.112,4.914,4.897,4.927,-999.000,-999.000,-999.000,8.117,9.881,6.881,6.869,6.892,-999.000,-999.000,-999.000,-999.000,-999.000,-999.000,5.375,5.337,5.394,4.309,3.898,5.317,8.818,0.580,0.660,0.666,0.711,0.666,0.677,0.675,0.724,0.516,,,,,,,,
2023-02-02,15,7.788,7.706,7.824,7.787,7.683,7.834,7.840,7.749,7.922,7.834,7.727,7.912,7.851,7.655,7.957,7.759,95.932,56.128,8.980,354.838,355.358,46.628,57.460,0.000,348.255,0.000,6770.733,0.640,-999.000,-999.000,102.417,0.200,0.200,5.630,8.990,255.783,4.453,7.690,256.152,0.378,6.034,6.003,6.063,5.141,5.105,5.167,4.924,4.920,4.927,-999.000,-999.000,-999.000,8.108,9.869,6.945,6.886,7.017,-999.000,-999.000,-999.000,-999.000,-999.000,-999.000,5.364,5.355,5.378,4.311,3.965,5.251,8.978,0.583,0.663,0.666,0.708,0.675,0.679,0.675,0.727,0.519,,,,,,,,
2023-02-02,16,7.747,7.732,7.811,7.749,7.732,7.811,7.806,7.784,7.857,7.806,7.786,7.861,7.672,7.604,7.774,7.708,96.273,23.409,1.704,355.157,354.530,22.347,24.132,0.000,345.610,0.000,6723.917,0.360,-999.000,-999.000,102.446,0.200,0.200,5.578,9.390,259.219,4.404,7.440,258.899,0.377,6.128,6.053,6.181,5.177,5.161,5.207,4.930,4.924,4.950,-999.000,-999.000,-999.000,8.108,9.852,7.020,7.003,7.044,-999.000,-999.000,-999.000,-999.000,-999.000,-999.000,5.355,5.355,5.358,4.454,4.111,5.373,9.093,0.590,0.664,0.666,0.706,0.686,0.690,0.675,0.727,0.520,,,,,,,,
2023-02-02,17,7.726,7.693,7.783,7.737,7.709,7.811,7.805,7.783,7.857,7.807,7.767,7.871,7.520,7.450,7.604,7.729,95.885,1.640,0.000,354.423,353.860,5.680,2.039,0.000,345.012,0.000,7117.833,0.330,-999.000,-999.000,102.490,0.200,0.200,5.513,9.000,259.414,4.293,7.530,259.694,0.379,6.190,6.181,6.198,5.243,5.203,5.299,4.978,4.927,5.020,-999.000,-999.000,-999.000,8.109,9.841,6.997,6.969,7.034,-999.000,-999.000,-999.000,-999.000,-999.000,-999.000,5.359,5.355,5.375,4.560,4.207,5.323,7.741,0.607,0.666,0.666,0.708,0.692,0.697,0.675,0.729,0.520,,,,,,,,
2023-02-02,18,7.840,7.763,7.951,7.847,7.755,7.946,7.900,7.824,8.010,7.899,7.829,8.000,7.436,7.332,7.492,7.788,93.883,0.000,0.000,344.568,352.953,-4.289,0.000,0.000,334.397,0.000,7420.883,0.000,-999.000,-999.000,102.530,0.200,0.200,5.938,8.480,242.168,4.683,7.310,241.399,0.378,6.198,6.192,6.211,5.321,5.286,5.338,5.020,5.010,5.029,-999.000,-999.000,-999.000,8.098,9.848,6.882,6.835,6.949,-999.000,-999.000,-999.000,-999.000,-999.000,-999.000,5.385,5.365,5.405,4.405,4.123,4.915,5.974,0.631,0.673,0.667,0.705,0.694,0.698,0.675,0.733,0.520,,,,,,,,
2023-02-02,19,7.974,7.914,8.036,7.950,7.896,8.050,8.015,7.940,8.090,8.007,7.915,8.100,7.495,7.423,7.571,7.892,92.820,0.000,0.000,344.288,353.277,-4.761,0.000,0.000,336.347,0.000,7487.467,0.130,-999.000,-999.000,102.519,0.200,0.200,6.191,9.260,235.925,4.807,7.550,235.029,0.378,6.203,6.192,6.218,5.355,5.338,5.378,5.049,5.020,5.082,-999.000,-999.000,-999.000,8.093,9.847,6.791,6.750,6.835,-999.000,-999.000,-999.000,-999.000,-999.000,-999.000,5.389,5.372,5.405,4.066,3.893,4.317,4.766,0.638,0.673,0.667,0.705,0.694,0.699,0.675,0.733,0.520,,,,,,,,
2023-02-02,20,7.806,7.577,8.029,7.812,7.586,8.041,7.854,7.593,8.090,7.856,7.592,8.090,7.018,6.661,7.486,7.756,91.467,0.000,0.000,308.930,350.013,-37.433,0.000,0.000,290.993,0.000,7454.183,0.000,-999.000,-999.000,102.503,0.200,0.200,6.381,9.420,241.520,5.005,8.110,241.049,0.379,6.194,6.192,6.212,5.382,5.371,5.397,5.073,5.059,5.088,-999.000,-999.000,-999.000,8.082,9.857,6.667,6.501,6.756,-999.000,-999.000,-999.000,-999.000,-999.000,-999.000,5.407,5.392,5.415,3.740,3.627,3.783,3.773,0.646,0.671,0.667,0.705,0.695,0.701,0.675,0.730,0.520,,,,,,,,
2023-02-02,21,8.028,7.691,8.239,8.047,7.714,8.265,8.092,7.753,8.300,8.091,7.735,8.300,7.351,6.894,7.604,8.017,89.678,0.000,0.000,332.560,351.298,-14.365,0.000,0.000,322.690,0.000,7600.317,0.000,-999.000,-999.000,102.522,0.200,0.200,6.363,10.050,250.886,5.033,8.280,250.933,0.378,6.162,6.139,6.212,5.407,5.381,5.427,5.090,5.062,5.111,-999.000,-999.000,-999.000,8.084,9.860,6.420,6.383,6.491,-999.000,-999.000,-999.000,-999.000,-999.000,-999.000,5.423,5.405,5.454,3.316,3.303,3.090,1.333,0.645,0.672,0.667,0.706,0.696,0.702,0.676,0.730,0.519,,,,,,,,
2023-02-02,22,8.317,8.118,8.446,8.312,8.114,8.447,8.387,8.200,8.570,8.384,8.180,8.560,7.633,7.263,7.856,8.298,89.452,0.000,0.000,333.087,351.470,-13.680,0.000,0.000,323.517,0.000,7518.283,0.000,-999.000,-999.000,102.530,0.200,0.200,6.529,9.890,251.057,5.077,8.280,251.014,0.377,6.142,6.125,6.152,5.446,5.417,5.473,5.130,5.101,5.160,-999.000,-999.000,-999.000,8.081,9.827,6.426,6.385,6.442,-999.000,-999.000,-999.000,-999.000,-999.000,-999.000,5.422,5.394,5.454,2.846,2.947,2.441,1.997,0.641,0.673,0.667,0.705,0.696,0.701,0.676,0.731,0.519,,,,,,,,
2023-02-02,23,8.446,8.398,8.520,8.461,8.401,8.552,8.502,8.430,8.580,8.495,8.430,8.570,7.855,7.799,7.911,8.424,89.187,0.000,0.000,344.285,352.917,-3.883,0.000,0.000,335.912,0.000,7395.083,0.000,-999.000,-999.000,102.512,0.200,0.200,6.263,9.180,245.388,4.999,8.680,245.152,0.377,6.100,6.089,6.125,5.444,5.435,5.468,5.134,5.120,5.185,-999.000,-999.000,-999.000,8.100,9.864,6.490,6.424,6.539,-999.000,-999.000,-999.000,-999.000,-999.000,-999.000,5.430,5.401,5.453,2.662,2.777,2.206,3.188,0.635,0.674,0.668,0.706,0.696,0.700,0.676,0.732,0.518,,,,,,,,
2023-02-02,24,8.638,8.480,8.795,8.646,8.479,8.817,8.692,8.560,8.900,8.693,8.550,8.890,7.939,7.720,8.122,8.620,87.403,0.000,0.000,339.925,353.052,-8.561,0.000,0.000,331.448,0.000,7465.783,0.000,-999.000,-999.000,102.447,0.200,0.200,6.077,10.350,245.828,4.839,8.510,245.770,0.375,6.128,6.105,6.134,5.492,5.465,5.514,5.194,5.176,5.202,-999.000,-999.000,-999.000,8.072,9.865,6.553,6.535,6.604,-999.000,-999.000,-999.000,-999.000,-999.000,-999.000,5.448,5.436,5.459,2.689,2.757,2.228,3.924,0.629,0.673,0.668,0.706,0.695,0.700,0.676,0.733,0.518,,,,,,,,
