2023-07-11,01,16.138,15.962,16.353,16.155,15.974,16.423,16.228,16.040,16.590,16.245,16.050,16.650,13.767,13.354,14.222,16.229,88.207,0.000,0.000,355.597,384.300,-21.516,0.000,0.000,351.943,0.000,7994.833,0.000,-999.000,-999.000,101.610,0.200,0.200,1.626,3.050,197.997,0.837,1.570,246.456,0.766,20.098,19.975,20.216,20.219,20.157,20.291,19.396,19.374,19.418,-999.000,-999.000,-999.000,14.452,12.500,21.205,20.958,21.478,-999.000,-999.000,-999.000,-999.000,-999.000,-999.000,19.854,19.832,19.872,-1.091,-2.782,-3.036,-29.596,0.215,0.294,0.265,0.624,0.239,0.325,0.372,0.660,0.442,,,,,,,,
2023-07-11,02,15.938,15.330,16.492,15.935,15.302,16.519,15.892,15.240,16.660,15.893,15.250,16.710,13.335,12.909,13.723,15.868,89.603,0.000,0.000,356.760,383.585,-18.937,0.000,0.000,353.265,0.000,7978.283,0.000,-999.000,-999.000,101.586,0.200,0.200,1.138,1.680,133.583,0.594,1.440,118.272,0.767,19.856,19.730,19.981,20.106,20.046,20.167,19.399,19.375,19.418,-999.000,-999.000,-999.000,14.449,12.499,20.719,20.423,20.962,-999.000,-999.000,-999.000,-999.000,-999.000,-999.000,19.877,19.841,19.907,-1.500,-3.345,-3.758,-28.503,0.215,0.293,0.265,0.624,0.239,0.324,0.372,0.660,0.440,,,,,,,,
2023-07-11,03,15.298,15.086,15.551,15.296,15.089,15.529,15.323,15.100,15.570,15.323,15.090,15.570,12.143,11.614,12.902,15.271,92.713,0.000,0.000,344.318,376.433,-24.122,0.000,0.000,341.295,0.000,7779.483,0.000,-999.000,-999.000,101.503,0.200,0.200,1.537,2.300,135.634,0.658,1.360,166.738,0.767,19.589,19.452,19.730,20.005,19.933,20.062,19.372,19.347,19.397,-999.000,-999.000,-999.000,14.454,12.501,20.053,19.726,20.434,-999.000,-999.000,-999.000,-999.000,-999.000,-999.000,19.894,19.870,19.923,-1.805,-3.880,-4.303,-30.982,0.215,0.293,0.265,0.625,0.238,0.324,0.372,0.660,0.438,,,,,,,,
2023-07-11,04,15.290,14.860,15.482,15.294,14.847,15.517,15.339,14.950,15.550,15.363,14.910,15.570,12.884,12.277,13.674,15.322,89.503,4.188,0.000,343.095,378.797,-24.765,3.885,5.237,339.477,0.000,7917.350,0.000,-999.000,-999.000,101.429,0.200,0.200,2.298,3.380,146.332,0.962,1.790,162.352,0.768,19.295,19.146,19.449,19.875,19.814,19.941,19.359,19.327,19.383,-999.000,-999.000,-999.000,14.461,12.504,19.497,19.316,19.716,-999.000,-999.000,-999.000,-999.000,-999.000,-999.000,19.918,19.896,19.945,-2.220,-4.704,-5.078,-33.713,0.214,0.292,0.265,0.625,0.238,0.323,0.372,0.660,0.436,,,,,,,,
2023-07-11,05,15.836,14.859,17.117,15.876,14.857,17.182,16.074,14.970,17.560,15.976,14.930,17.400,14.812,12.973,17.376,15.834,89.783,62.071,10.827,339.633,387.987,3.563,31.235,175.437,336.078,5.556,7973.617,0.000,-999.000,-999.000,101.401,0.200,0.200,2.344,3.570,145.941,1.000,2.440,152.626,0.769,19.064,18.989,19.164,19.753,19.670,19.814,19.328,19.303,19.359,-999.000,-999.000,-999.000,14.457,12.506,19.303,19.273,19.391,-999.000,-999.000,-999.000,-999.000,-999.000,-999.000,19.930,19.891,19.961,-2.637,-5.234,-5.654,-30.748,0.214,0.292,0.265,0.625,0.237,0.323,0.371,0.661,0.434,,,,,,,,
2023-07-11,06,18.550,17.134,19.747,18.618,17.211,19.762,18.959,17.560,20.000,18.765,17.420,19.830,18.969,17.256,20.420,18.539,80.117,214.573,52.597,345.013,408.532,98.458,50.437,533.927,338.802,9.833,7983.633,0.000,-999.000,-999.000,101.370,0.200,0.200,3.252,6.060,156.120,2.382,5.170,156.685,0.769,18.996,18.954,19.055,19.624,19.560,19.693,19.300,19.267,19.337,-999.000,-999.000,-999.000,14.455,12.512,19.881,19.387,20.627,-999.000,-999.000,-999.000,-999.000,-999.000,-999.000,19.954,19.918,20.004,-2.644,-4.932,-5.416,-20.405,0.214,0.292,0.265,0.625,0.237,0.323,0.371,0.661,0.434,,,,,,,,
2023-07-11,07,20.865,19.767,22.065,20.876,19.768,22.070,21.022,19.960,22.230,20.916,19.820,22.150,21.965,20.497,23.514,20.853,69.025,371.449,88.871,354.333,425.792,211.120,59.318,689.827,345.257,10.000,7999.000,0.000,-999.000,-999.000,101.341,0.200,0.200,4.496,6.750,181.994,3.353,5.770,181.550,0.770,19.185,19.040,19.329,19.512,19.447,19.568,19.261,19.223,19.309,-999.000,-999.000,-999.000,14.458,12.512,21.699,20.666,22.820,-999.000,-999.000,-999.000,-999.000,-999.000,-999.000,19.979,19.941,20.012,-1.956,-3.487,-3.933,-0.090,0.214,0.291,0.265,0.624,0.237,0.322,0.371,0.661,0.434,,,,,,,,
2023-07-11,08,22.925,22.082,23.775,22.926,22.087,23.800,23.026,22.200,23.940,22.950,22.140,23.850,24.697,23.377,26.114,22.924,60.952,525.017,118.084,365.290,445.315,326.908,62.522,775.572,353.562,10.000,7999.000,0.000,-999.000,-999.000,101.317,0.200,0.200,4.654,7.810,189.676,3.501,5.830,188.686,0.771,19.523,19.345,19.750,19.427,19.394,19.463,19.224,19.186,19.258,-999.000,-999.000,-999.000,14.461,12.521,24.157,22.850,25.550,-999.000,-999.000,-999.000,-999.000,-999.000,-999.000,20.005,19.974,20.035,-0.907,-1.549,-1.616,24.402,0.214,0.291,0.264,0.623,0.237,0.322,0.371,0.659,0.437,,,,,,,,
2023-07-11,09,24.611,23.692,25.440,24.617,23.717,25.498,24.669,23.840,25.540,24.631,23.770,25.530,26.715,25.508,27.970,24.604,54.450,638.332,136.283,377.637,461.320,418.366,94.248,749.193,365.283,10.000,7999.000,0.000,-999.000,-999.000,101.277,0.200,0.200,4.905,9.120,203.186,3.739,7.300,202.495,0.772,19.995,19.750,20.244,19.374,19.348,19.416,19.182,19.133,19.235,-999.000,-999.000,-999.000,14.452,12.519,26.948,25.600,28.151,-999.000,-999.000,-999.000,-999.000,-999.000,-999.000,20.028,19.986,20.055,0.351,0.510,1.543,47.454,0.214,0.291,0.264,0.621,0.238,0.323,0.370,0.657,0.441,,,,,,,,
2023-07-11,10,25.357,24.799,25.914,25.357,24.787,25.897,25.392,24.810,25.930,25.374,24.760,25.930,26.852,24.676,28.434,25.338,51.775,627.226,131.944,382.977,462.647,415.611,189.113,524.356,373.693,8.528,7999.000,0.000,-999.000,-999.000,101.236,0.200,0.200,6.277,10.180,217.727,4.788,8.790,218.016,0.772,20.458,20.242,20.634,19.375,19.348,19.414,19.130,19.105,19.150,-999.000,-999.000,-999.000,14.468,12.523,28.951,28.186,29.464,-999.000,-999.000,-999.000,-999.000,-999.000,-999.000,20.038,20.000,20.075,1.801,2.683,5.222,56.752,0.215,0.292,0.263,0.617,0.238,0.323,0.370,0.656,0.445,,,,,,,,
2023-07-11,11,25.684,24.949,26.586,25.689,24.930,26.544,25.700,24.970,26.580,25.680,24.970,26.580,27.410,25.258,29.718,25.621,50.997,690.678,145.928,392.972,468.465,469.257,318.893,398.128,386.520,8.611,7999.000,0.000,-999.000,-999.000,101.210,0.200,0.200,5.913,9.800,223.168,4.511,8.180,223.225,0.773,20.785,20.634,20.924,19.420,19.381,19.463,19.099,19.062,19.133,-999.000,-999.000,-999.000,14.468,12.521,29.881,29.162,31.143,-999.000,-999.000,-999.000,-999.000,-999.000,-999.000,20.062,20.032,20.101,2.839,4.380,7.876,55.854,0.215,0.292,0.263,0.613,0.239,0.323,0.370,0.654,0.448,,,,,,,,
2023-07-11,12,26.210,25.588,26.794,26.214,25.588,26.774,26.242,25.580,26.800,26.221,25.570,26.750,27.894,26.088,29.376,26.164,51.218,641.420,136.432,399.568,470.443,434.112,387.624,253.063,395.245,2.222,7979.200,0.000,-999.000,-999.000,101.160,0.200,0.200,5.400,10.500,224.883,4.193,8.800,224.597,0.773,21.115,20.930,21.273,19.467,19.417,19.512,19.075,19.058,19.097,-999.000,-999.000,-999.000,14.460,12.523,31.383,30.972,31.641,-999.000,-999.000,-999.000,-999.000,-999.000,-999.000,20.085,20.052,20.114,3.727,5.810,9.928,64.461,0.216,0.293,0.263,0.610,0.240,0.324,0.370,0.653,0.452,,,,,,,,
2023-07-11,13,26.890,26.157,27.520,26.889,26.160,27.543,26.906,26.200,27.560,26.885,26.170,27.560,28.479,26.230,31.094,26.862,48.335,702.505,151.770,403.685,474.108,480.312,380.631,334.034,397.618,3.666,7999.000,0.000,-999.000,-999.000,101.117,0.200,0.200,6.812,11.700,217.000,5.235,10.090,216.543,0.774,21.433,21.263,21.586,19.551,19.486,19.595,19.041,19.016,19.083,-999.000,-999.000,-999.000,14.466,12.534,32.383,31.685,32.862,-999.000,-999.000,-999.000,-999.000,-999.000,-999.000,20.086,20.056,20.113,4.707,7.237,11.790,69.026,0.216,0.293,0.262,0.607,0.241,0.324,0.370,0.651,0.455,,,,,,,,
2023-07-11,14,27.014,26.446,27.696,27.005,26.445,27.687,27.022,26.410,27.820,27.009,26.410,27.780,28.756,26.907,30.506,26.994,49.373,619.593,134.672,401.028,473.715,412.234,350.221,299.056,395.952,5.778,7999.000,0.000,-999.000,-999.000,101.079,0.200,0.200,4.872,7.860,222.767,3.708,6.910,222.318,0.774,21.677,21.583,21.787,19.636,19.579,19.710,19.045,19.006,19.071,-999.000,-999.000,-999.000,14.460,12.536,32.470,32.176,33.163,-999.000,-999.000,-999.000,-999.000,-999.000,-999.000,20.110,20.092,20.136,5.541,8.129,12.476,57.081,0.217,0.293,0.262,0.604,0.241,0.325,0.370,0.648,0.457,,,,,,,,
2023-07-11,15,27.590,27.153,28.537,27.570,27.141,28.475,27.589,27.110,28.480,27.568,27.110,28.480,28.996,27.270,31.413,27.574,48.699,537.199,117.552,407.822,473.575,353.894,321.431,265.606,403.463,4.861,7999.000,0.000,-999.000,-999.000,101.026,0.200,0.200,4.258,7.320,221.152,3.233,6.540,220.332,0.775,21.921,21.786,22.043,19.752,19.689,19.813,19.038,19.019,19.052,-999.000,-999.000,-999.000,14.468,12.521,33.354,33.083,33.605,-999.000,-999.000,-999.000,-999.000,-999.000,-999.000,20.120,20.097,20.135,6.093,8.730,12.768,61.071,0.217,0.294,0.262,0.602,0.242,0.325,0.370,0.643,0.459,,,,,,,,
2023-07-11,16,27.552,27.009,28.050,27.525,26.996,27.999,27.563,27.060,28.030,27.548,27.030,28.010,28.080,26.573,30.123,27.570,49.087,403.563,89.460,413.285,463.955,263.433,254.116,204.256,408.908,4.583,7999.000,0.000,-999.000,-999.000,100.971,0.200,0.200,4.888,8.920,219.184,3.674,7.010,217.527,0.776,22.129,22.039,22.189,19.860,19.799,19.916,19.052,19.032,19.087,-999.000,-999.000,-999.000,14.470,12.531,32.972,32.209,33.401,-999.000,-999.000,-999.000,-999.000,-999.000,-999.000,20.129,20.108,20.158,6.695,9.328,12.940,47.584,0.217,0.294,0.262,0.600,0.242,0.325,0.370,0.639,0.460,,,,,,,,
2023-07-11,17,26.864,25.987,27.871,26.816,25.990,27.848,26.895,25.970,27.890,26.884,25.970,27.900,27.063,25.507,29.204,26.837,55.094,301.443,64.823,405.222,457.205,184.636,212.385,150.509,400.498,2.972,7999.000,0.000,-999.000,-999.000,100.931,0.200,0.200,3.683,7.080,290.370,2.571,6.010,287.369,0.776,22.185,22.166,22.220,19.967,19.905,20.046,19.082,19.052,19.114,-999.000,-999.000,-999.000,14.461,12.538,32.010,31.366,32.352,-999.000,-999.000,-999.000,-999.000,-999.000,-999.000,20.139,20.118,20.164,6.659,9.187,11.962,30.896,0.217,0.294,0.262,0.598,0.242,0.326,0.370,0.637,0.460,,,,,,,,
2023-07-11,18,25.352,24.986,26.030,25.328,24.961,26.015,25.337,24.980,26.060,25.329,24.990,26.060,25.558,24.917,26.691,25.426,62.814,221.652,50.213,396.532,445.972,121.999,143.471,220.922,391.512,4.889,7999.000,0.000,-999.000,-999.000,100.903,0.200,0.200,3.842,6.250,333.951,2.552,4.990,332.477,0.777,22.168,22.124,22.219,20.069,20.016,20.115,19.102,19.078,19.126,-999.000,-999.000,-999.000,14.473,12.545,30.641,30.151,31.347,-999.000,-999.000,-999.000,-999.000,-999.000,-999.000,20.145,20.122,20.174,6.107,8.539,10.923,13.914,0.217,0.295,0.262,0.596,0.242,0.326,0.370,0.636,0.459,,,,,,,,
2023-07-11,19,23.894,22.727,24.970,23.880,22.741,24.941,23.891,22.850,24.980,23.875,22.810,24.980,23.162,21.172,24.897,23.961,67.462,79.846,12.266,379.980,429.855,18.026,50.647,114.254,375.430,3.222,7999.000,0.000,-999.000,-999.000,100.840,0.200,0.200,2.802,5.700,338.748,1.532,3.540,337.443,0.777,22.070,21.975,22.124,20.158,20.113,20.206,19.141,19.116,19.171,-999.000,-999.000,-999.000,14.468,12.535,29.247,28.386,30.131,-999.000,-999.000,-999.000,-999.000,-999.000,-999.000,20.155,20.129,20.183,5.398,7.488,9.388,1.433,0.217,0.295,0.262,0.595,0.242,0.326,0.370,0.635,0.457,,,,,,,,
2023-07-11,20,22.031,21.263,22.679,22.037,21.204,22.692,22.059,21.210,22.770,22.047,21.220,22.740,20.211,19.529,21.072,22.010,73.923,11.025,0.000,382.063,416.405,-16.325,9.902,0.056,377.885,0.000,7999.000,0.000,-999.000,-999.000,100.794,0.200,0.200,2.770,4.560,321.586,1.380,2.730,319.599,0.778,21.883,21.760,21.979,20.228,20.196,20.260,19.182,19.143,19.220,-999.000,-999.000,-999.000,14.475,12.538,27.553,26.777,28.366,-999.000,-999.000,-999.000,-999.000,-999.000,-999.000,20.162,20.119,20.196,4.493,6.157,7.254,-16.001,0.216,0.295,0.262,0.595,0.242,0.326,0.371,0.635,0.453,,,,,,,,
2023-07-11,21,21.133,20.584,21.699,21.138,20.535,21.740,21.161,20.530,21.790,21.161,20.510,21.780,19.861,19.198,20.252,21.115,76.484,0.020,0.000,392.497,414.928,-14.950,0.032,0.000,388.253,0.000,7999.000,0.000,-999.000,-999.000,100.864,0.200,0.200,3.380,6.450,287.156,1.926,4.550,284.518,0.779,21.634,21.509,21.770,20.270,20.230,20.292,19.232,19.201,19.272,-999.000,-999.000,-999.000,14.474,12.544,26.187,25.667,26.747,-999.000,-999.000,-999.000,-999.000,-999.000,-999.000,20.176,20.147,20.212,3.313,4.620,5.069,-23.014,0.216,0.294,0.262,0.595,0.241,0.326,0.371,0.635,0.450,,,,,,,,
2023-07-11,22,18.385,17.215,20.943,18.376,17.199,20.983,18.453,17.240,20.970,18.412,17.240,20.990,17.570,16.531,20.094,18.332,88.673,0.000,0.000,412.580,405.207,11.450,0.193,0.002,402.423,0.000,7627.967,7.660,-999.000,-999.000,100.888,0.200,0.200,3.440,7.860,226.230,2.343,6.780,222.546,0.775,21.200,20.913,21.502,20.321,20.265,20.377,19.303,19.234,19.377,-999.000,-999.000,-999.000,14.476,12.539,24.120,22.581,25.664,-999.000,-999.000,-999.000,-999.000,-999.000,-999.000,20.189,20.149,20.222,1.998,3.393,3.115,-41.711,0.224,0.319,0.299,0.636,0.241,0.327,0.371,0.671,0.449,,,,,,,,
2023-07-11,23,16.819,16.559,17.185,16.838,16.580,17.186,16.734,16.360,17.230,16.718,16.330,17.200,15.402,14.345,16.511,16.644,95.250,0.000,0.000,405.508,392.030,17.067,0.000,0.000,390.567,0.000,7999.000,0.000,-999.000,-999.000,100.843,0.200,0.200,1.447,2.940,136.372,0.990,2.300,114.601,0.773,20.803,20.653,20.931,20.311,20.274,20.364,19.385,19.352,19.419,-999.000,-999.000,-999.000,14.473,12.550,21.957,21.339,22.562,-999.000,-999.000,-999.000,-999.000,-999.000,-999.000,20.191,20.162,20.218,0.380,1.697,0.692,-48.559,0.224,0.337,0.301,0.665,0.240,0.328,0.369,0.696,0.454,,,,,,,,
2023-07-11,24,17.021,16.749,17.178,17.023,16.769,17.159,17.034,16.840,17.190,17.044,16.810,17.180,16.376,15.878,16.714,16.986,95.058,0.000,0.000,407.738,398.747,13.280,0.000,0.000,372.713,0.000,7999.000,0.000,-999.000,-999.000,100.842,0.200,0.200,2.275,3.910,204.784,1.479,2.760,201.471,0.774,20.522,20.420,20.650,20.233,20.175,20.284,19.403,19.386,19.418,-999.000,-999.000,-999.000,14.470,12.549,21.063,20.719,21.339,-999.000,-999.000,-999.000,-999.000,-999.000,-999.000,20.206,20.189,20.224,-0.477,0.334,-0.918,-43.199,0.221,0.325,0.292,0.659,0.239,0.325,0.368,0.694,0.454,,,,,,,,
