2023-03-05,01,3.554,3.442,3.629,3.571,3.466,3.630,3.618,3.499,3.717,3.617,3.502,3.724,2.886,2.717,3.031,3.528,86.237,0.000,0.000,318.103,331.645,-7.659,0.000,0.000,309.127,0.000,7506.900,0.000,-999.000,-999.000,102.236,0.200,0.200,2.627,3.750,284.893,1.842,3.570,284.980,0.475,5.168,5.117,5.199,5.129,5.098,5.155,5.043,5.015,5.081,-999.000,-999.000,-999.000,7.882,9.212,4.292,4.211,4.346,-999.000,-999.000,-999.000,-999.000,-999.000,-999.000,5.520,5.502,5.535,-1.177,-1.131,-1.803,-5.524,0.521,0.583,0.669,0.702,0.578,0.643,0.674,0.725,0.448,,,,,,,,
2023-03-05,02,3.512,3.439,3.603,3.501,3.420,3.613,3.552,3.484,3.648,3.553,3.504,3.660,2.813,2.717,2.940,3.448,85.915,0.000,0.000,318.113,331.233,-7.127,0.000,0.000,309.310,0.000,7475.250,0.000,-999.000,-999.000,102.179,0.200,0.200,2.682,4.000,266.864,1.881,3.410,267.848,0.475,5.094,5.048,5.130,5.128,5.115,5.142,5.096,5.065,5.118,-999.000,-999.000,-999.000,7.881,9.221,4.151,4.107,4.215,-999.000,-999.000,-999.000,-999.000,-999.000,-999.000,5.527,5.512,5.545,-1.434,-1.372,-2.049,-5.685,0.521,0.583,0.669,0.702,0.578,0.643,0.674,0.725,0.447,,,,,,,,
2023-03-05,03,3.307,3.246,3.452,3.307,3.236,3.436,3.364,3.272,3.504,3.356,3.267,3.514,2.715,2.560,2.877,3.260,87.675,0.000,0.000,315.602,330.562,-9.022,0.000,0.000,306.742,0.000,7382.650,0.000,-999.000,-999.000,102.091,0.200,0.200,2.746,4.030,259.178,2.119,3.780,258.358,0.476,5.022,4.976,5.058,5.097,5.070,5.132,5.109,5.095,5.127,-999.000,-999.000,-999.000,7.876,9.227,4.035,3.953,4.110,-999.000,-999.000,-999.000,-999.000,-999.000,-999.000,5.555,5.529,5.586,-1.677,-1.577,-2.274,-5.774,0.521,0.583,0.669,0.702,0.578,0.643,0.674,0.726,0.447,,,,,,,,
2023-03-05,04,3.225,3.128,3.288,3.232,3.108,3.331,3.279,3.188,3.352,3.267,3.143,3.358,2.780,2.671,2.868,3.170,88.453,0.000,0.000,317.320,330.327,-7.559,0.000,0.000,308.953,0.000,7522.667,0.000,-999.000,-999.000,102.017,0.200,0.200,3.677,6.760,262.151,2.826,5.530,261.955,0.476,4.933,4.901,4.980,5.065,5.044,5.070,5.103,5.091,5.118,-999.000,-999.000,-999.000,7.871,9.221,3.924,3.874,3.973,-999.000,-999.000,-999.000,-999.000,-999.000,-999.000,5.573,5.556,5.592,-1.896,-1.762,-2.472,-5.896,0.520,0.582,0.669,0.702,0.578,0.643,0.674,0.725,0.447,,,,,,,,
2023-03-05,05,3.141,3.095,3.174,3.146,3.092,3.174,3.198,3.151,3.252,3.195,3.139,3.240,2.764,2.668,2.849,3.088,89.685,0.000,0.000,321.098,330.580,-4.080,0.000,0.000,312.988,0.000,7567.433,0.000,-999.000,-999.000,101.956,0.200,0.200,3.304,4.820,262.355,2.492,4.590,262.758,0.477,4.858,4.822,4.901,5.033,5.008,5.050,5.101,5.091,5.111,-999.000,-999.000,-999.000,7.867,9.212,3.853,3.812,3.911,-999.000,-999.000,-999.000,-999.000,-999.000,-999.000,5.577,5.559,5.595,-2.099,-1.952,-2.653,-5.854,0.520,0.582,0.669,0.702,0.578,0.643,0.674,0.725,0.447,,,,,,,,
2023-03-05,06,2.852,2.675,3.095,2.843,2.649,3.095,2.885,2.689,3.118,2.870,2.674,3.115,2.397,2.109,2.806,2.775,91.853,0.000,0.000,320.507,328.675,-3.053,0.000,0.000,317.980,0.000,7597.233,0.030,-999.000,-999.000,101.912,0.200,0.200,2.900,4.950,266.159,2.261,3.840,265.839,0.477,4.777,4.744,4.822,4.986,4.965,5.014,5.087,5.068,5.108,-999.000,-999.000,-999.000,7.855,9.225,3.800,3.718,3.852,-999.000,-999.000,-999.000,-999.000,-999.000,-999.000,5.568,5.540,5.599,-2.264,-2.126,-2.794,-5.717,0.520,0.582,0.669,0.702,0.578,0.643,0.674,0.725,0.447,,,,,,,,
2023-03-05,07,2.817,2.669,2.951,2.791,2.630,2.941,2.853,2.704,2.979,2.845,2.683,2.983,2.453,2.109,2.816,2.750,92.310,8.951,0.080,315.538,329.568,-1.403,8.984,0.000,306.642,0.000,7555.017,0.000,-999.000,-999.000,101.881,0.200,0.200,2.803,4.510,267.934,2.147,4.010,268.580,0.477,4.714,4.665,4.764,4.953,4.932,4.976,5.091,5.082,5.099,-999.000,-999.000,-999.000,7.882,9.232,3.673,3.639,3.721,-999.000,-999.000,-999.000,-999.000,-999.000,-999.000,5.559,5.543,5.573,-2.395,-2.273,-2.941,-6.074,0.520,0.582,0.669,0.702,0.578,0.642,0.674,0.725,0.447,,,,,,,,
2023-03-05,08,3.153,2.892,3.393,3.175,2.931,3.390,3.211,2.948,3.426,3.200,2.923,3.417,3.318,2.816,3.650,3.116,91.858,72.433,12.434,307.162,334.338,32.822,71.527,0.696,297.742,0.000,7776.617,0.000,-999.000,-999.000,101.873,0.200,0.200,3.126,4.660,264.081,2.462,4.570,264.835,0.477,4.660,4.638,4.681,4.928,4.892,4.952,5.091,5.068,5.114,-999.000,-999.000,-999.000,7.857,9.226,3.737,3.659,3.874,-999.000,-999.000,-999.000,-999.000,-999.000,-999.000,5.595,5.563,5.618,-2.510,-2.413,-3.057,-5.168,0.519,0.581,0.668,0.702,0.578,0.640,0.674,0.725,0.447,,,,,,,,
2023-03-05,09,3.823,3.393,4.185,3.846,3.400,4.201,3.866,3.388,4.272,3.857,3.370,4.278,4.603,3.738,4.976,3.767,89.630,132.193,28.919,322.740,341.028,84.986,126.508,14.064,316.923,0.972,7860.267,0.030,-999.000,-999.000,101.857,0.200,0.200,3.339,5.250,280.669,2.696,4.700,280.688,0.477,4.648,4.623,4.685,4.888,4.870,4.947,5.083,5.065,5.122,-999.000,-999.000,-999.000,7.873,9.238,4.076,3.854,4.324,-999.000,-999.000,-999.000,-999.000,-999.000,-999.000,5.595,5.566,5.617,-2.303,-2.367,-2.603,-2.068,0.519,0.581,0.668,0.702,0.578,0.640,0.674,0.725,0.447,,,,,,,,
2023-03-05,10,4.478,4.135,4.763,4.488,4.168,4.744,4.507,4.170,4.809,4.494,4.157,4.805,5.608,4.821,6.094,4.386,84.667,162.234,34.841,324.480,347.380,104.492,159.476,0.801,317.262,0.000,7647.650,0.000,-999.000,-999.000,101.826,0.200,0.200,2.701,4.380,277.841,2.237,4.060,277.605,0.478,4.742,4.688,4.818,4.870,4.843,4.890,5.082,5.064,5.108,-999.000,-999.000,-999.000,7.860,9.223,4.618,4.324,4.964,-999.000,-999.000,-999.000,-999.000,-999.000,-999.000,5.609,5.564,5.620,-1.626,-2.024,-1.426,2.031,0.519,0.581,0.668,0.702,0.577,0.640,0.674,0.726,0.447,,,,,,,,
2023-03-05,11,4.973,4.645,5.258,4.982,4.652,5.225,4.998,4.636,5.309,4.986,4.629,5.294,6.214,5.595,6.906,4.879,78.713,179.816,38.858,323.798,350.818,113.938,177.293,0.000,316.283,0.000,7743.333,0.000,-999.000,-999.000,101.788,0.200,0.200,2.435,4.390,305.069,1.994,3.810,305.908,0.478,4.898,4.818,5.003,4.852,4.832,4.885,5.081,5.062,5.119,-999.000,-999.000,-999.000,7.858,9.223,5.208,4.944,5.506,-999.000,-999.000,-999.000,-999.000,-999.000,-999.000,5.602,5.563,5.625,-0.558,-1.393,0.227,6.006,0.520,0.581,0.668,0.702,0.577,0.640,0.674,0.726,0.447,,,,,,,,
2023-03-05,12,5.650,5.139,6.277,5.662,5.142,6.287,5.684,5.274,6.344,5.658,5.258,6.270,7.773,6.932,9.370,5.509,73.016,302.812,69.659,304.752,359.967,177.938,276.042,35.039,295.942,0.389,7702.700,0.000,-999.000,-999.000,101.725,0.200,0.200,2.391,4.620,285.723,1.972,3.890,287.062,0.478,5.125,5.010,5.255,4.858,4.827,4.874,5.074,5.045,5.116,-999.000,-999.000,-999.000,7.857,9.222,5.925,5.516,6.425,-999.000,-999.000,-999.000,-999.000,-999.000,-999.000,5.620,5.604,5.655,0.658,-0.590,1.919,9.623,0.520,0.582,0.668,0.702,0.577,0.640,0.674,0.726,0.448,,,,,,,,
2023-03-05,13,6.042,5.647,6.321,6.041,5.663,6.354,6.134,5.723,6.558,6.100,5.655,6.530,7.831,7.078,9.354,5.958,71.634,275.936,66.312,313.528,358.258,164.894,245.081,43.796,305.112,0.222,7639.767,0.000,-999.000,-999.000,101.628,0.200,0.200,3.121,5.080,254.697,2.655,4.680,254.671,0.478,5.412,5.268,5.575,4.871,4.847,4.887,5.062,5.049,5.078,-999.000,-999.000,-999.000,7.858,9.224,6.756,6.464,7.036,-999.000,-999.000,-999.000,-999.000,-999.000,-999.000,5.623,5.601,5.663,2.137,0.323,3.933,14.413,0.520,0.582,0.668,0.702,0.577,0.640,0.674,0.726,0.448,,,,,,,,
2023-03-05,14,6.249,5.794,7.054,6.257,5.820,7.083,6.282,5.846,7.061,6.263,5.820,7.042,7.345,6.283,9.907,6.154,66.520,197.009,49.631,326.300,354.425,119.253,157.511,76.301,317.530,2.222,7679.900,0.000,-999.000,-999.000,101.525,0.200,0.200,3.005,6.000,266.372,2.433,5.980,266.099,0.478,5.692,5.559,5.815,4.908,4.860,4.952,5.062,5.045,5.086,-999.000,-999.000,-999.000,7.864,9.233,7.005,6.939,7.079,-999.000,-999.000,-999.000,-999.000,-999.000,-999.000,5.627,5.608,5.666,3.608,1.294,5.960,14.242,0.521,0.583,0.668,0.702,0.577,0.640,0.674,0.726,0.449,,,,,,,,
2023-03-05,15,6.009,5.604,6.688,5.994,5.590,6.668,6.024,5.642,6.762,6.010,5.632,6.738,6.084,5.140,7.920,5.907,67.195,82.877,17.449,327.222,346.282,46.368,66.454,32.379,317.572,0.889,7709.400,0.000,-999.000,-999.000,101.442,0.200,0.200,3.937,6.050,272.266,3.043,4.970,274.479,0.479,5.876,5.797,5.988,4.979,4.942,5.023,5.065,5.042,5.093,-999.000,-999.000,-999.000,7.863,9.231,7.104,6.870,7.233,-999.000,-999.000,-999.000,-999.000,-999.000,-999.000,5.637,5.608,5.685,4.208,1.942,6.620,12.143,0.521,0.583,0.668,0.702,0.577,0.640,0.674,0.726,0.449,,,,,,,,
2023-03-05,16,5.504,4.819,5.707,5.492,4.822,5.694,5.536,4.832,5.750,5.530,4.836,5.747,5.200,4.489,5.541,5.433,71.599,48.126,5.654,321.708,341.803,22.430,47.408,0.000,312.612,0.000,7718.017,0.000,-999.000,-999.000,101.368,0.200,0.200,3.799,6.550,269.736,2.920,5.430,269.704,0.479,5.973,5.922,5.997,5.049,5.011,5.095,5.078,5.055,5.106,-999.000,-999.000,-999.000,7.857,9.219,6.582,6.365,6.857,-999.000,-999.000,-999.000,-999.000,-999.000,-999.000,5.646,5.626,5.685,4.116,2.225,6.230,6.353,0.522,0.582,0.668,0.702,0.577,0.640,0.674,0.726,0.449,,,,,,,,
2023-03-05,17,4.610,4.447,4.832,4.603,4.486,4.816,4.661,4.508,4.840,4.651,4.485,4.841,3.991,3.812,4.456,4.556,77.631,7.877,0.000,324.515,336.260,0.431,7.534,0.000,316.170,0.000,7756.250,0.000,-999.000,-999.000,101.292,0.200,0.200,2.960,5.830,270.672,2.140,4.060,268.997,0.479,5.905,5.842,5.949,5.117,5.072,5.145,5.078,5.064,5.131,-999.000,-999.000,-999.000,7.853,9.236,6.110,5.876,6.372,-999.000,-999.000,-999.000,-999.000,-999.000,-999.000,5.652,5.630,5.687,3.170,1.937,4.861,2.231,0.522,0.582,0.668,0.702,0.577,0.640,0.674,0.726,0.448,,,,,,,,
2023-03-05,18,4.222,3.792,4.648,4.221,3.789,4.648,4.250,3.790,4.686,4.238,3.779,4.662,3.213,2.762,3.796,4.163,80.386,0.827,0.000,316.213,333.282,-9.608,0.829,0.000,306.752,0.000,7747.833,0.000,-999.000,-999.000,101.240,0.200,0.200,2.178,3.310,251.415,1.422,2.450,247.952,0.479,5.811,5.765,5.862,5.182,5.129,5.222,5.113,5.069,5.146,-999.000,-999.000,-999.000,7.865,9.227,5.672,5.469,5.873,-999.000,-999.000,-999.000,-999.000,-999.000,-999.000,5.658,5.631,5.695,2.094,1.328,3.352,-0.836,0.521,0.582,0.668,0.702,0.577,0.640,0.674,0.726,0.448,,,,,,,,
2023-03-05,19,4.036,3.865,4.219,4.039,3.881,4.245,4.063,3.877,4.226,4.068,3.880,4.240,3.097,2.854,3.404,4.006,80.837,0.000,0.000,315.613,332.400,-10.749,0.000,0.000,306.127,0.000,7729.767,0.000,-999.000,-999.000,101.208,0.200,0.200,2.583,4.440,269.271,1.738,3.420,267.303,0.479,5.675,5.608,5.765,5.209,5.193,5.223,5.150,5.133,5.162,-999.000,-999.000,-999.000,7.848,9.237,5.270,5.099,5.465,-999.000,-999.000,-999.000,-999.000,-999.000,-999.000,5.661,5.640,5.682,1.106,0.776,1.912,-3.197,0.521,0.582,0.668,0.702,0.577,0.640,0.674,0.726,0.448,,,,,,,,
2023-03-05,20,3.710,3.626,3.862,3.721,3.626,3.862,3.747,3.650,3.861,3.743,3.646,3.857,2.753,2.448,2.956,3.655,80.537,0.000,0.000,317.012,331.210,-8.146,0.000,0.000,307.537,0.000,7771.433,0.000,-999.000,-999.000,101.152,0.200,0.200,2.326,3.590,274.370,1.522,3.050,274.291,0.479,5.536,5.494,5.605,5.219,5.203,5.246,5.157,5.136,5.189,-999.000,-999.000,-999.000,7.868,9.221,4.936,4.807,5.099,-999.000,-999.000,-999.000,-999.000,-999.000,-999.000,5.638,5.637,5.647,0.236,0.149,0.658,-4.646,0.521,0.581,0.668,0.701,0.577,0.640,0.674,0.727,0.447,,,,,,,,
2023-03-05,21,3.476,3.383,3.695,3.472,3.390,3.630,3.498,3.365,3.717,3.489,3.340,3.679,2.824,2.638,2.956,3.404,84.162,0.000,0.000,317.330,331.378,-8.003,0.000,0.000,308.303,0.000,7855.683,0.000,-999.000,-999.000,101.102,0.200,0.200,2.786,4.890,254.733,2.086,3.760,253.291,0.479,5.421,5.366,5.501,5.241,5.217,5.253,5.210,5.173,5.226,-999.000,-999.000,-999.000,7.832,9.218,4.668,4.578,4.791,-999.000,-999.000,-999.000,-999.000,-999.000,-999.000,5.658,5.637,5.687,-0.433,-0.421,-0.321,-5.479,0.520,0.581,0.668,0.702,0.576,0.640,0.674,0.726,0.447,,,,,,,,
2023-03-05,22,2.953,2.784,3.377,2.937,2.728,3.397,2.986,2.772,3.438,2.976,2.742,3.432,2.061,1.765,2.710,2.883,85.390,0.000,0.000,299.537,326.680,-21.372,0.000,0.000,289.433,0.000,7791.433,0.000,-999.000,-999.000,101.043,0.200,0.200,2.921,4.350,265.003,2.178,3.500,265.358,0.480,5.289,5.219,5.373,5.229,5.211,5.247,5.196,5.160,5.226,-999.000,-999.000,-999.000,7.832,9.223,4.439,4.258,4.581,-999.000,-999.000,-999.000,-999.000,-999.000,-999.000,5.687,5.667,5.697,-0.984,-0.943,-1.050,-6.149,0.520,0.581,0.668,0.702,0.576,0.640,0.674,0.726,0.447,,,,,,,,
2023-03-05,23,2.725,2.482,2.778,2.703,2.447,2.775,2.764,2.475,2.868,2.754,2.490,2.867,2.050,1.863,2.154,2.658,89.380,0.000,0.000,307.427,327.352,-14.085,0.000,0.000,297.915,0.000,7797.267,0.000,-999.000,-999.000,100.973,0.200,0.200,2.680,4.100,260.787,2.014,3.250,260.958,0.480,5.149,5.078,5.239,5.200,5.182,5.228,5.174,5.167,5.194,-999.000,-999.000,-999.000,7.860,9.218,4.151,4.052,4.255,-999.000,-999.000,-999.000,-999.000,-999.000,-999.000,5.671,5.658,5.688,-1.514,-1.472,-1.769,-7.321,0.520,0.581,0.668,0.702,0.576,0.640,0.674,0.726,0.446,,,,,,,,
2023-03-05,24,2.074,1.397,2.489,2.067,1.375,2.493,2.100,1.473,2.467,2.088,1.466,2.468,0.958,-0.581,1.893,1.989,91.263,0.000,0.000,285.643,321.173,-29.715,0.000,0.000,274.425,0.000,7684.267,0.000,-999.000,-999.000,100.905,0.200,0.200,2.527,4.770,260.278,1.803,3.770,259.481,0.480,5.051,4.981,5.109,5.189,5.150,5.216,5.220,5.184,5.237,-999.000,-999.000,-999.000,7.839,9.222,3.934,3.778,4.042,-999.000,-999.000,-999.000,-999.000,-999.000,-999.000,5.678,5.648,5.706,-1.999,-1.947,-2.397,-7.740,0.519,0.580,0.668,0.702,0.576,0.640,0.674,0.725,0.446,,,,,,,,
