2023-05-30,01,8.302,7.923,8.642,8.301,7.933,8.645,8.269,7.908,8.560,8.271,7.908,8.530,6.720,6.323,6.972,8.209,84.998,0.000,0.000,598.090,659.168,-56.513,0.000,0.000,278.648,0.000,7999.000,0.000,-999.000,-999.000,102.697,0.200,0.200,2.934,5.580,11.169,1.652,3.780,11.343,0.616,14.809,14.571,15.014,15.453,15.352,15.523,14.721,14.679,14.742,-999.000,-999.000,-999.000,10.741,10.223,14.041,13.709,14.426,-999.000,-999.000,-999.000,-999.000,-999.000,-999.000,15.007,14.984,15.030,-6.588,-0.715,-8.699,-34.572,0.298,0.463,0.617,0.730,0.393,0.573,0.695,0.746,0.457,,,,,,,,
2023-05-30,02,7.614,7.340,7.844,7.613,7.329,7.857,7.633,7.370,7.874,7.621,7.344,7.845,6.071,5.734,7.203,7.548,88.737,0.000,0.000,610.198,655.405,-39.778,0.000,0.000,291.480,0.000,7999.000,0.000,-999.000,-999.000,102.709,0.200,0.200,2.401,4.120,1.304,1.208,2.680,357.072,0.617,14.379,14.194,14.571,15.271,15.188,15.352,14.701,14.666,14.740,-999.000,-999.000,-999.000,10.729,10.207,13.393,13.196,13.695,-999.000,-999.000,-999.000,-999.000,-999.000,-999.000,15.003,14.968,15.018,-7.231,-1.724,-9.510,-34.419,0.297,0.462,0.617,0.730,0.393,0.572,0.695,0.747,0.455,,,,,,,,
2023-05-30,03,8.364,7.826,8.689,8.363,7.805,8.671,8.396,7.833,8.770,8.415,7.836,8.780,7.804,7.286,8.218,8.341,87.108,0.000,0.000,651.507,668.857,-12.248,0.007,0.000,333.048,0.000,7999.000,0.000,-999.000,-999.000,102.738,0.200,0.200,2.809,4.570,7.658,1.699,3.460,9.341,0.618,14.029,13.896,14.185,15.087,14.998,15.191,14.683,14.656,14.733,-999.000,-999.000,-999.000,10.739,10.217,13.316,13.199,13.386,-999.000,-999.000,-999.000,-999.000,-999.000,-999.000,15.023,14.993,15.053,-7.683,-2.775,-9.979,-29.246,0.296,0.461,0.617,0.730,0.392,0.571,0.695,0.747,0.454,,,,,,,,
2023-05-30,04,9.023,8.652,9.387,9.029,8.668,9.389,9.143,8.760,9.530,9.147,8.780,9.540,8.574,8.204,9.168,9.066,83.302,6.782,0.015,660.170,672.805,-1.879,7.440,0.000,341.990,0.000,7999.000,0.000,-999.000,-999.000,102.759,0.200,0.200,3.047,6.060,25.203,1.997,3.940,26.506,0.618,13.834,13.755,13.913,14.922,14.794,15.005,14.650,14.577,14.693,-999.000,-999.000,-999.000,10.743,10.218,13.393,13.357,13.452,-999.000,-999.000,-999.000,-999.000,-999.000,-999.000,15.040,15.004,15.071,-7.681,-3.328,-9.708,-24.533,0.296,0.461,0.616,0.730,0.391,0.571,0.694,0.747,0.453,,,,,,,,
2023-05-30,05,9.695,9.383,9.995,9.702,9.392,10.031,9.781,9.540,10.070,9.775,9.540,10.040,9.689,9.178,10.086,9.704,80.782,33.922,2.296,667.123,678.252,20.497,34.160,0.000,349.103,0.000,7999.000,0.000,-999.000,-999.000,102.781,0.200,0.200,3.219,7.210,21.954,2.142,5.100,22.346,0.620,13.733,13.684,13.768,14.744,14.671,14.814,14.607,14.580,14.623,-999.000,-999.000,-999.000,10.751,10.230,13.617,13.449,13.739,-999.000,-999.000,-999.000,-999.000,-999.000,-999.000,15.052,15.026,15.073,-7.360,-3.397,-9.132,-19.480,0.295,0.460,0.616,0.730,0.391,0.571,0.694,0.747,0.453,,,,,,,,
2023-05-30,06,10.276,10.005,10.561,10.299,10.054,10.607,10.298,10.050,10.590,10.287,10.030,10.580,10.727,10.126,11.500,10.210,77.193,91.968,16.754,668.968,683.348,60.834,91.796,0.000,350.685,0.000,7999.000,0.000,-999.000,-999.000,102.789,0.200,0.200,4.598,7.580,26.545,3.094,6.760,28.550,0.620,13.685,13.660,13.703,14.586,14.517,14.678,14.544,14.485,14.580,-999.000,-999.000,-999.000,10.751,10.222,13.963,13.749,14.213,-999.000,-999.000,-999.000,-999.000,-999.000,-999.000,15.069,15.045,15.087,-6.789,-3.280,-8.292,-14.765,0.295,0.460,0.615,0.730,0.390,0.570,0.693,0.747,0.452,,,,,,,,
2023-05-30,07,11.264,10.641,11.860,11.299,10.663,11.916,11.234,10.670,11.870,11.191,10.650,11.840,13.346,11.578,14.849,11.090,72.775,255.365,58.747,663.225,697.075,162.768,243.564,12.854,345.978,0.333,7999.000,0.000,-999.000,-999.000,102.808,0.200,0.200,4.774,8.030,29.670,3.417,6.530,31.691,0.621,13.764,13.687,13.872,14.463,14.396,14.520,14.490,14.444,14.544,-999.000,-999.000,-999.000,10.750,10.225,14.914,14.230,15.627,-999.000,-999.000,-999.000,-999.000,-999.000,-999.000,15.080,15.058,15.107,-6.118,-3.061,-7.331,-5.308,0.295,0.459,0.615,0.730,0.390,0.568,0.693,0.746,0.452,,,,,,,,
2023-05-30,08,12.385,11.471,13.252,12.422,11.496,13.301,12.358,11.450,13.390,12.259,11.380,13.290,16.499,13.407,19.392,12.113,68.532,477.063,114.741,630.963,713.672,279.613,191.686,437.972,308.232,6.694,7999.000,0.000,-999.000,-999.000,102.847,0.200,0.200,4.645,7.310,20.324,3.307,6.110,21.386,0.622,14.019,13.878,14.170,14.356,14.303,14.404,14.432,14.391,14.458,-999.000,-999.000,-999.000,10.760,10.224,16.472,15.663,18.004,-999.000,-999.000,-999.000,-999.000,-999.000,-999.000,15.098,15.075,15.129,-4.846,-2.673,-5.508,8.411,0.295,0.458,0.614,0.731,0.389,0.567,0.693,0.746,0.453,,,,,,,,
2023-05-30,09,14.266,13.188,15.381,14.337,13.246,15.439,14.145,13.390,14.910,14.009,13.240,14.820,21.218,19.053,22.250,13.832,62.471,710.547,164.397,652.693,735.047,463.796,147.554,759.094,300.577,10.000,7999.000,0.000,-999.000,-999.000,102.848,0.200,0.200,3.739,7.390,23.716,2.754,5.670,26.055,0.624,14.469,14.151,14.849,14.271,14.233,14.308,14.367,14.317,14.410,-999.000,-999.000,-999.000,10.757,10.226,19.725,18.063,21.250,-999.000,-999.000,-999.000,-999.000,-999.000,-999.000,15.107,15.082,15.123,-2.642,-1.904,-2.496,37.103,0.295,0.457,0.612,0.730,0.388,0.566,0.693,0.745,0.454,,,,,,,,
2023-05-30,10,15.307,14.645,16.175,15.337,14.647,16.248,15.360,14.690,16.090,15.269,14.620,15.980,21.473,19.540,23.111,15.183,59.132,778.320,178.520,639.350,753.468,485.681,147.590,752.845,303.380,10.000,7792.067,0.000,-999.000,-999.000,102.804,0.200,0.200,3.960,8.760,2.133,2.793,6.890,2.306,0.624,15.410,14.846,15.972,14.247,14.216,14.268,14.315,14.279,14.333,-999.000,-999.000,-999.000,10.766,10.232,22.068,21.293,22.514,-999.000,-999.000,-999.000,-999.000,-999.000,-999.000,15.121,15.099,15.148,1.247,-0.416,2.827,54.369,0.295,0.455,0.609,0.730,0.378,0.567,0.692,0.745,0.457,,,,,,,,
2023-05-30,11,16.576,15.640,17.155,16.605,15.639,17.243,16.585,15.700,17.370,16.502,15.570,17.370,22.008,19.715,23.423,16.417,55.445,865.602,196.844,639.967,774.897,533.828,129.163,840.185,308.120,10.000,7999.000,0.000,-999.000,-999.000,102.765,0.200,0.200,4.146,7.720,8.297,2.994,6.200,13.131,0.625,16.481,15.986,16.995,14.284,14.225,14.337,14.253,14.216,14.290,-999.000,-999.000,-999.000,10.769,10.227,22.976,22.161,23.861,-999.000,-999.000,-999.000,-999.000,-999.000,-999.000,15.117,15.099,15.149,6.179,1.686,8.914,66.277,0.295,0.454,0.607,0.731,0.370,0.568,0.692,0.745,0.460,,,,,,,,
2023-05-30,12,17.692,17.024,18.172,17.699,17.015,18.226,17.781,17.220,18.220,17.710,17.130,18.200,22.698,21.702,23.574,17.656,53.088,890.014,199.562,645.018,780.887,554.585,125.586,854.351,312.282,10.000,7999.000,0.000,-999.000,-999.000,102.724,0.200,0.200,4.647,7.930,358.633,3.308,6.930,359.278,0.626,17.481,17.015,17.904,14.425,14.337,14.514,14.213,14.191,14.229,-999.000,-999.000,-999.000,10.746,10.235,24.782,23.921,25.628,-999.000,-999.000,-999.000,-999.000,-999.000,-999.000,15.148,15.122,15.168,11.806,3.715,14.934,73.356,0.295,0.454,0.605,0.731,0.369,0.568,0.692,0.745,0.463,,,,,,,,
2023-05-30,13,17.827,17.423,18.407,17.820,17.408,18.418,17.907,17.580,18.330,17.845,17.490,18.280,22.371,21.636,23.481,17.826,57.650,869.460,194.274,647.160,774.915,547.431,135.447,837.560,315.232,10.000,7999.000,0.000,-999.000,-999.000,102.686,0.200,0.200,5.912,10.250,355.985,4.136,8.660,357.551,0.626,18.394,17.951,18.777,14.628,14.514,14.755,14.195,14.171,14.220,-999.000,-999.000,-999.000,10.756,10.231,26.134,25.635,26.528,-999.000,-999.000,-999.000,-999.000,-999.000,-999.000,15.150,15.133,15.175,15.922,5.044,19.200,72.491,0.296,0.454,0.602,0.732,0.368,0.568,0.692,0.745,0.466,,,,,,,,
2023-05-30,14,17.270,16.618,17.870,17.284,16.659,17.845,17.303,16.610,17.900,17.239,16.520,17.890,21.564,20.055,22.509,17.215,62.812,802.104,182.314,647.805,765.812,501.784,173.943,763.264,318.247,9.722,7999.000,0.000,-999.000,-999.000,102.677,0.200,0.200,6.266,10.480,4.940,4.325,9.140,5.659,0.627,19.068,18.777,19.334,14.867,14.761,15.014,14.196,14.180,14.213,-999.000,-999.000,-999.000,10.775,10.241,26.700,26.535,26.881,-999.000,-999.000,-999.000,-999.000,-999.000,-999.000,15.156,15.134,15.183,17.934,5.807,21.117,63.391,0.296,0.454,0.600,0.733,0.367,0.568,0.692,0.745,0.468,,,,,,,,
2023-05-30,15,-999.000,-999.000,-999.000,-999.000,-999.000,-999.000,16.500,16.120,17.040,16.440,16.000,17.030,-999.000,-999.000,-999.000,16.395,65.518,-999.000,-999.000,-999.000,-999.000,-999.000,-999.000,-999.000,-999.000,8.305,-999.000,0.000,-999.000,-999.000,102.675,0.200,0.200,5.585,10.120,8.375,3.854,7.510,9.622,-999.000,-999.000,-999.000,-999.000,-999.000,-999.000,-999.000,-999.000,-999.000,-999.000,-999.000,-999.000,-999.000,-999.000,-999.000,-999.000,-999.000,-999.000,-999.000,-999.000,-999.000,-999.000,-999.000,-999.000,-999.000,-999.000,-999.000,-999.000,-999.000,-999.000,-999.000,-999.000,-999.000,-999.000,-999.000,-999.000,-999.000,-999.000,-999.000,-999.000,,,,,,,,
2023-05-30,16,16.007,15.641,16.400,16.031,15.628,16.425,15.948,15.630,16.370,15.900,15.560,16.360,19.120,18.212,20.830,15.834,66.541,395.128,95.763,366.475,423.592,242.248,334.848,93.870,364.978,1.944,7999.000,0.000,-999.000,-999.000,102.659,0.200,0.200,4.542,7.730,11.062,3.115,6.130,12.944,0.629,19.645,19.564,19.689,15.385,15.247,15.524,14.244,14.220,14.272,-999.000,-999.000,-999.000,10.776,10.233,26.206,25.630,26.916,-999.000,-999.000,-999.000,-999.000,-999.000,-999.000,15.153,15.133,15.186,16.972,5.833,19.564,37.188,0.296,0.454,0.597,0.733,0.366,0.567,0.691,0.745,0.470,,,,,,,,
2023-05-30,17,16.212,15.581,16.978,16.257,15.609,17.068,16.006,15.300,16.720,15.972,15.310,16.720,18.905,16.783,22.496,15.900,64.928,328.080,80.155,344.463,415.128,177.260,193.793,270.868,339.872,4.055,7999.000,0.000,-999.000,-999.000,102.631,0.200,0.200,4.555,7.560,21.352,3.146,6.630,22.892,0.629,19.461,19.325,19.561,15.608,15.512,15.722,14.304,14.264,14.351,-999.000,-999.000,-999.000,10.781,10.234,25.265,24.706,25.776,-999.000,-999.000,-999.000,-999.000,-999.000,-999.000,15.160,15.134,15.194,14.656,5.332,16.766,23.407,0.295,0.453,0.596,0.732,0.365,0.567,0.691,0.745,0.469,,,,,,,,
2023-05-30,18,15.426,15.055,15.909,15.452,15.069,15.916,15.258,14.940,15.660,15.236,14.940,15.620,16.245,15.572,17.093,15.169,66.588,151.047,32.559,353.990,397.580,74.898,144.699,18.207,351.375,0.278,7999.000,0.000,-999.000,-999.000,102.629,0.200,0.200,4.902,7.480,27.784,3.444,6.580,30.093,0.630,19.120,18.893,19.322,15.791,15.736,15.845,14.396,14.341,14.438,-999.000,-999.000,-999.000,10.786,10.242,23.823,23.036,24.700,-999.000,-999.000,-999.000,-999.000,-999.000,-999.000,15.165,15.142,15.199,11.849,4.561,13.421,7.897,0.294,0.453,0.596,0.731,0.364,0.566,0.691,0.745,0.467,,,,,,,,
2023-05-30,19,14.629,14.196,15.123,14.665,14.241,15.169,14.436,13.960,14.940,14.427,13.950,14.940,14.951,14.458,15.530,14.377,68.435,85.532,20.540,324.180,384.530,4.642,66.632,143.269,320.325,4.556,7999.000,0.000,-999.000,-999.000,102.643,0.200,0.200,4.573,6.970,29.792,3.037,5.540,32.072,0.631,18.619,18.358,18.893,15.909,15.838,15.945,14.476,14.418,14.514,-999.000,-999.000,-999.000,10.784,10.240,22.222,21.413,22.999,-999.000,-999.000,-999.000,-999.000,-999.000,-999.000,15.162,15.131,15.194,8.690,3.438,9.583,-5.524,0.293,0.452,0.595,0.731,0.363,0.565,0.691,0.745,0.465,,,,,,,,
2023-05-30,20,13.397,12.730,14.186,13.422,12.772,14.225,13.237,12.650,13.960,13.242,12.670,13.960,12.640,11.343,14.787,13.191,72.584,16.578,1.838,309.397,370.500,-43.828,12.568,52.690,305.515,1.778,7999.000,0.000,-999.000,-999.000,102.635,0.200,0.200,3.829,7.370,27.710,2.397,6.780,28.727,0.632,18.022,17.718,18.335,15.988,15.945,16.031,14.555,14.507,14.595,-999.000,-999.000,-999.000,10.789,10.244,20.530,19.738,21.373,-999.000,-999.000,-999.000,-999.000,-999.000,-999.000,15.170,15.146,15.191,5.449,2.058,5.659,-17.999,0.291,0.451,0.595,0.730,0.362,0.564,0.691,0.746,0.463,,,,,,,,
2023-05-30,21,12.590,12.467,12.757,12.596,12.468,12.763,12.565,12.430,12.810,12.576,12.420,12.830,11.172,10.957,11.402,12.533,76.545,0.034,0.000,318.490,366.512,-43.006,0.066,0.000,315.065,0.000,7999.000,0.000,-999.000,-999.000,102.625,0.200,0.200,3.420,5.750,23.165,1.966,4.240,24.358,0.633,17.407,17.127,17.699,15.999,15.971,16.036,14.631,14.572,14.678,-999.000,-999.000,-999.000,10.789,10.243,19.080,18.501,19.712,-999.000,-999.000,-999.000,-999.000,-999.000,-999.000,15.165,15.144,15.186,2.414,0.616,2.059,-26.393,0.290,0.450,0.595,0.730,0.361,0.563,0.691,0.746,0.460,,,,,,,,
2023-05-30,22,12.368,12.234,12.573,12.369,12.229,12.565,12.336,12.010,12.530,12.342,11.990,12.540,11.100,10.959,11.200,12.304,77.856,0.000,0.000,321.160,366.077,-40.056,0.000,0.000,317.458,0.000,7999.000,0.000,-999.000,-999.000,102.612,0.200,0.200,3.484,6.180,27.313,2.158,4.370,28.446,0.633,16.870,16.635,17.117,15.958,15.917,15.999,14.697,14.671,14.719,-999.000,-999.000,-999.000,10.803,10.250,18.039,17.584,18.479,-999.000,-999.000,-999.000,-999.000,-999.000,-999.000,15.176,15.142,15.201,0.129,-0.578,-0.552,-29.199,0.289,0.449,0.596,0.730,0.359,0.562,0.691,0.746,0.458,,,,,,,,
2023-05-30,23,11.440,10.893,12.220,11.451,10.906,12.223,11.364,10.810,12.040,11.360,10.810,12.070,10.036,9.571,10.910,11.310,83.180,0.000,0.000,305.275,359.692,-49.550,0.000,0.000,301.450,0.000,7999.000,0.000,-999.000,-999.000,102.629,0.200,0.200,3.089,5.810,16.708,1.745,4.390,16.338,0.634,16.408,16.203,16.628,15.877,15.838,15.927,14.737,14.712,14.786,-999.000,-999.000,-999.000,10.799,10.250,17.095,16.646,17.561,-999.000,-999.000,-999.000,-999.000,-999.000,-999.000,15.178,15.153,15.208,-1.465,-1.531,-2.377,-31.032,0.288,0.448,0.596,0.730,0.359,0.561,0.691,0.747,0.456,,,,,,,,
2023-05-30,24,10.798,10.398,11.003,10.816,10.431,11.009,10.773,10.310,10.980,10.779,10.300,11.010,9.572,8.838,9.846,10.720,88.567,0.000,0.000,299.213,358.138,-54.379,0.000,0.000,295.087,0.000,7999.000,0.000,-999.000,-999.000,102.642,0.200,0.200,3.340,6.200,22.745,1.986,4.230,22.970,0.635,15.987,15.786,16.204,15.777,15.717,15.840,14.804,14.783,14.826,-999.000,-999.000,-999.000,10.800,10.246,16.250,15.851,16.623,-999.000,-999.000,-999.000,-999.000,-999.000,-999.000,15.189,15.170,15.206,-2.750,-2.328,-3.915,-32.417,0.288,0.447,0.596,0.730,0.358,0.560,0.691,0.747,0.454,,,,,,,,
