2023-09-11,01,19.573,19.220,19.892,19.590,19.245,19.930,19.627,19.270,19.970,19.622,19.250,19.980,17.457,17.235,17.638,19.643,92.068,0.000,0.000,375.382,404.822,-22.937,0.000,0.000,374.978,0.000,7999.000,0.000,-999.000,-999.000,101.390,0.200,0.200,2.271,2.940,156.508,1.294,1.700,187.996,0.549,20.839,20.768,20.911,20.109,20.086,20.138,19.103,19.074,19.132,-999.000,-999.000,-999.000,15.530,14.010,22.133,21.920,22.347,-999.000,-999.000,-999.000,-999.000,-999.000,-999.000,19.262,19.222,19.294,1.095,1.900,0.579,-19.413,0.355,0.545,0.681,0.750,0.460,0.606,0.693,0.751,0.402,,,,,,,,
2023-09-11,02,19.250,18.954,19.453,19.249,18.968,19.443,19.304,19.010,19.510,19.296,19.000,19.510,17.241,16.930,17.586,19.342,92.323,0.000,0.000,372.917,402.293,-23.926,0.000,0.000,372.538,0.000,7999.000,0.000,-999.000,-999.000,101.358,0.200,0.200,2.239,2.890,155.481,1.240,1.770,185.901,0.550,20.688,20.617,20.779,20.072,20.045,20.100,19.160,19.112,19.185,-999.000,-999.000,-999.000,15.519,13.997,21.678,21.452,21.911,-999.000,-999.000,-999.000,-999.000,-999.000,-999.000,19.285,19.246,19.346,0.486,1.582,-0.093,-19.465,0.356,0.546,0.681,0.750,0.459,0.606,0.693,0.751,0.401,,,,,,,,
2023-09-11,03,18.914,18.545,19.190,18.911,18.555,19.200,18.952,18.630,19.210,18.950,18.600,19.240,16.972,16.716,17.171,18.958,93.098,0.000,0.000,370.508,399.935,-24.699,0.000,0.000,370.143,0.000,7999.000,0.000,-999.000,-999.000,101.336,0.200,0.200,2.028,3.010,157.768,1.226,1.820,191.992,0.550,20.517,20.436,20.600,20.026,19.995,20.057,19.152,19.136,19.172,-999.000,-999.000,-999.000,15.537,13.989,21.211,21.009,21.448,-999.000,-999.000,-999.000,-999.000,-999.000,-999.000,19.328,19.294,19.349,-0.030,1.282,-0.669,-19.753,0.355,0.544,0.681,0.750,0.459,0.606,0.693,0.751,0.401,,,,,,,,
2023-09-11,04,18.992,18.756,19.332,19.015,18.778,19.344,19.029,18.820,19.400,19.043,18.800,19.470,16.702,16.333,17.065,19.073,92.147,0.000,0.000,365.400,398.942,-27.198,0.000,0.000,365.150,0.000,7999.000,0.000,-999.000,-999.000,101.288,0.200,0.200,2.605,3.290,148.982,1.287,1.900,164.807,0.551,20.384,20.308,20.460,19.980,19.953,20.012,19.151,19.136,19.170,-999.000,-999.000,-999.000,15.537,14.011,20.854,20.653,21.026,-999.000,-999.000,-999.000,-999.000,-999.000,-999.000,19.329,19.294,19.373,-0.536,0.881,-1.252,-20.299,0.355,0.544,0.681,0.750,0.459,0.607,0.693,0.751,0.400,,,,,,,,
2023-09-11,05,18.902,18.253,19.365,18.914,18.265,19.397,18.955,18.350,19.380,18.956,18.320,19.410,16.406,15.848,16.825,18.983,90.957,0.332,0.000,361.743,396.407,-28.480,0.435,0.000,361.543,0.000,7999.000,0.000,-999.000,-999.000,101.245,0.200,0.200,2.194,3.000,149.082,1.204,1.870,169.677,0.551,20.239,20.170,20.318,19.939,19.899,19.971,19.157,19.139,19.177,-999.000,-999.000,-999.000,15.524,14.010,20.462,20.261,20.653,-999.000,-999.000,-999.000,-999.000,-999.000,-999.000,19.337,19.307,19.373,-1.023,0.475,-1.841,-20.745,0.354,0.544,0.681,0.750,0.459,0.607,0.693,0.751,0.399,,,,,,,,
2023-09-11,06,18.884,18.085,19.722,18.912,18.090,19.764,19.002,18.190,19.950,18.963,18.170,19.810,17.034,16.019,18.440,18.931,91.933,37.831,7.929,363.847,402.480,-7.085,28.761,76.771,363.662,2.361,7999.000,0.000,-999.000,-999.000,101.239,0.200,0.200,2.681,3.760,152.272,1.493,2.600,164.770,0.552,20.102,20.039,20.171,19.873,19.833,19.912,19.162,19.138,19.212,-999.000,-999.000,-999.000,15.518,13.995,20.220,20.136,20.399,-999.000,-999.000,-999.000,-999.000,-999.000,-999.000,19.366,19.315,19.429,-1.484,0.022,-2.415,-19.582,0.355,0.544,0.681,0.750,0.458,0.606,0.693,0.751,0.398,,,,,,,,
2023-09-11,07,20.430,19.767,21.255,20.469,19.807,21.297,20.661,20.010,21.550,20.540,19.870,21.400,19.835,18.498,21.446,20.454,87.023,137.293,37.635,370.403,418.098,51.963,74.594,244.148,370.053,8.194,7999.000,0.000,-999.000,-999.000,101.279,0.200,0.200,2.722,3.850,167.866,1.868,2.900,170.311,0.552,19.993,19.956,20.047,19.813,19.777,19.851,19.153,19.129,19.199,-999.000,-999.000,-999.000,15.514,13.983,20.934,20.387,21.359,-999.000,-999.000,-999.000,-999.000,-999.000,-999.000,19.383,19.333,19.422,-1.615,-0.260,-2.510,-9.458,0.354,0.543,0.681,0.750,0.458,0.606,0.693,0.751,0.398,,,,,,,,
2023-09-11,08,22.273,21.282,22.916,22.295,21.356,22.928,22.451,21.540,23.110,22.351,21.400,23.070,23.059,21.176,24.467,22.277,76.855,285.635,80.088,376.103,432.892,148.759,98.392,457.469,374.700,9.500,7999.000,0.000,-999.000,-999.000,101.297,0.200,0.200,2.561,4.490,192.300,1.993,3.890,189.717,0.553,19.980,19.939,20.008,19.760,19.718,19.798,19.153,19.125,19.188,-999.000,-999.000,-999.000,15.523,13.990,22.501,21.405,23.654,-999.000,-999.000,-999.000,-999.000,-999.000,-999.000,19.417,19.370,19.465,-0.790,0.046,-1.536,5.700,0.353,0.543,0.681,0.750,0.458,0.604,0.693,0.750,0.400,,,,,,,,
2023-09-11,09,23.800,22.820,24.503,23.806,22.844,24.479,23.895,22.850,24.710,23.857,22.840,24.630,26.219,23.528,27.479,23.711,71.838,442.088,119.590,380.828,447.108,256.218,98.537,644.827,376.747,10.000,7999.000,0.000,-999.000,-999.000,101.330,0.200,0.200,2.633,4.370,232.195,2.176,4.370,231.229,0.554,20.055,20.001,20.134,19.720,19.678,19.757,19.152,19.131,19.186,-999.000,-999.000,-999.000,15.528,13.993,24.913,23.696,26.232,-999.000,-999.000,-999.000,-999.000,-999.000,-999.000,19.445,19.398,19.509,0.713,0.978,0.219,24.228,0.353,0.542,0.681,0.750,0.458,0.602,0.692,0.750,0.402,,,,,,,,
2023-09-11,10,25.236,24.487,25.928,25.202,24.441,25.875,25.312,24.460,26.160,25.273,24.460,26.070,29.010,27.465,30.272,25.110,65.248,559.305,137.063,387.448,459.430,350.260,104.288,710.112,380.897,10.000,7995.650,0.000,-999.000,-999.000,101.335,0.200,0.200,2.850,4.880,265.313,2.383,4.430,265.931,0.554,20.243,20.124,20.386,19.684,19.650,19.715,19.144,19.120,19.168,-999.000,-999.000,-999.000,15.533,13.994,27.578,26.299,28.748,-999.000,-999.000,-999.000,-999.000,-999.000,-999.000,19.465,19.419,19.508,2.415,2.399,2.615,41.668,0.349,0.538,0.680,0.748,0.446,0.598,0.693,0.748,0.406,,,,,,,,
2023-09-11,11,26.501,25.859,27.125,26.466,25.799,27.110,26.621,25.900,27.180,26.559,25.890,27.140,31.023,30.176,31.733,26.365,60.145,628.283,139.856,392.648,476.963,404.112,107.744,741.090,384.903,10.000,7999.000,0.000,-999.000,-999.000,101.316,0.200,0.200,3.332,6.000,260.364,2.795,5.260,260.686,0.555,20.596,20.369,20.840,19.660,19.641,19.693,19.128,19.111,19.144,-999.000,-999.000,-999.000,15.535,13.988,29.782,28.764,30.648,-999.000,-999.000,-999.000,-999.000,-999.000,-999.000,19.491,19.461,19.534,4.606,4.011,6.094,51.903,0.341,0.532,0.679,0.745,0.438,0.595,0.693,0.747,0.410,,,,,,,,
2023-09-11,12,27.315,26.859,27.747,27.265,26.795,27.735,27.452,26.770,28.210,27.422,26.760,28.150,31.888,31.057,33.358,27.248,57.828,652.608,144.047,399.252,487.905,419.908,122.437,729.921,391.565,10.000,7999.000,0.000,-999.000,-999.000,101.303,0.200,0.200,3.490,6.740,265.416,2.901,6.040,266.168,0.555,21.132,20.849,21.431,19.684,19.663,19.720,19.103,19.083,19.139,-999.000,-999.000,-999.000,15.523,13.985,31.460,30.678,32.216,-999.000,-999.000,-999.000,-999.000,-999.000,-999.000,19.499,19.463,19.545,7.508,5.621,10.544,56.979,0.338,0.526,0.679,0.745,0.438,0.597,0.693,0.747,0.413,,,,,,,,
2023-09-11,13,27.608,27.376,27.948,27.584,27.394,27.959,27.756,27.560,28.240,27.703,27.500,28.170,31.065,30.322,31.851,27.541,57.430,592.332,130.594,402.342,485.768,378.311,184.353,563.409,397.930,10.000,7999.000,0.000,-999.000,-999.000,101.306,0.200,0.200,3.964,7.060,261.160,3.225,5.970,262.050,0.555,21.730,21.454,22.002,19.748,19.701,19.805,19.112,19.087,19.136,-999.000,-999.000,-999.000,15.533,13.988,32.355,32.233,32.584,-999.000,-999.000,-999.000,-999.000,-999.000,-999.000,19.526,19.477,19.571,10.269,7.125,14.264,54.910,0.335,0.523,0.679,0.745,0.438,0.599,0.693,0.749,0.415,,,,,,,,
2023-09-11,14,27.720,27.464,27.948,27.656,27.380,27.900,27.749,27.550,28.010,27.726,27.550,27.980,30.127,29.289,31.194,27.611,54.142,518.490,114.841,402.323,480.562,325.411,206.987,466.806,399.550,10.000,7999.000,0.000,-999.000,-999.000,101.298,0.200,0.200,3.768,6.130,273.548,3.005,5.700,274.217,0.555,22.215,21.998,22.417,19.861,19.805,19.936,19.109,19.094,19.136,-999.000,-999.000,-999.000,15.541,13.986,32.403,32.231,32.597,-999.000,-999.000,-999.000,-999.000,-999.000,-999.000,19.541,19.496,19.580,12.074,8.428,16.373,46.783,0.333,0.520,0.679,0.746,0.438,0.602,0.693,0.750,0.415,,,,,,,,
2023-09-11,15,27.477,26.929,27.963,27.395,26.853,27.919,27.464,26.860,28.010,27.445,26.850,27.970,29.097,27.519,30.408,27.343,55.226,431.268,97.640,399.875,472.780,260.723,166.173,467.156,396.438,9.833,7999.000,0.000,-999.000,-999.000,101.287,0.200,0.200,3.748,5.700,270.854,3.025,5.240,271.731,0.556,22.571,22.406,22.686,19.992,19.933,20.061,19.112,19.083,19.148,-999.000,-999.000,-999.000,15.537,13.995,32.079,31.620,32.331,-999.000,-999.000,-999.000,-999.000,-999.000,-999.000,19.550,19.507,19.585,12.712,8.988,16.494,38.168,0.331,0.516,0.679,0.747,0.437,0.606,0.693,0.750,0.415,,,,,,,,
2023-09-11,16,26.005,24.914,26.840,25.936,24.824,26.731,25.990,24.820,26.760,25.983,24.820,26.730,25.813,23.736,27.199,25.900,61.347,242.897,52.628,398.552,452.965,135.855,165.830,178.602,397.155,6.555,7999.000,0.000,-999.000,-999.000,101.302,0.200,0.200,4.500,7.560,272.232,3.461,7.500,272.142,0.556,22.745,22.683,22.786,20.139,20.051,20.220,19.135,19.098,19.169,-999.000,-999.000,-999.000,15.534,13.996,30.697,29.932,31.598,-999.000,-999.000,-999.000,-999.000,-999.000,-999.000,19.569,19.536,19.610,12.336,9.093,15.316,21.930,0.329,0.514,0.679,0.747,0.437,0.602,0.693,0.750,0.414,,,,,,,,
2023-09-11,17,24.097,23.474,24.836,24.069,23.487,24.770,24.087,23.500,24.740,24.080,23.450,24.750,22.923,22.442,23.697,24.035,68.839,87.570,11.698,404.333,436.767,43.439,84.459,1.237,403.732,0.000,7999.000,0.000,-999.000,-999.000,101.308,0.200,0.200,3.063,6.570,289.781,2.057,5.110,290.081,0.556,22.697,22.624,22.757,20.280,20.207,20.345,19.166,19.132,19.196,-999.000,-999.000,-999.000,15.538,13.997,28.949,28.194,29.904,-999.000,-999.000,-999.000,-999.000,-999.000,-999.000,19.578,19.516,19.617,10.786,8.615,12.802,6.907,0.331,0.513,0.679,0.746,0.436,0.601,0.694,0.749,0.411,,,,,,,,
2023-09-11,18,22.838,21.484,23.578,22.814,21.465,23.601,22.728,21.470,23.640,22.731,21.480,23.620,21.193,19.761,22.637,22.679,75.749,17.775,0.749,398.393,423.762,-2.385,18.007,0.000,398.022,0.000,7999.000,0.000,-999.000,-999.000,101.245,0.200,0.200,1.632,3.260,337.082,1.093,2.040,327.490,0.556,22.532,22.396,22.626,20.401,20.349,20.474,19.210,19.169,19.249,-999.000,-999.000,-999.000,15.534,13.995,27.452,26.651,28.154,-999.000,-999.000,-999.000,-999.000,-999.000,-999.000,19.591,19.555,19.631,8.707,7.676,9.965,-2.875,0.329,0.512,0.680,0.746,0.436,0.601,0.694,0.749,0.408,,,,,,,,
2023-09-11,19,21.243,21.017,21.543,21.248,21.039,21.525,21.279,21.040,21.560,21.276,21.050,21.540,19.689,19.453,19.969,21.227,85.503,0.042,0.000,402.235,418.782,-8.290,0.028,0.000,400.110,0.000,7999.000,0.000,-999.000,-999.000,101.289,0.200,0.200,2.656,4.190,313.346,1.511,2.700,312.364,0.557,22.299,22.173,22.428,20.479,20.451,20.504,19.253,19.211,19.287,-999.000,-999.000,-999.000,15.539,13.999,26.018,25.472,26.634,-999.000,-999.000,-999.000,-999.000,-999.000,-999.000,19.603,19.564,19.649,6.695,6.644,7.320,-11.229,0.328,0.512,0.680,0.745,0.435,0.602,0.695,0.749,0.405,,,,,,,,
2023-09-11,20,20.574,20.018,21.308,20.582,20.036,21.325,20.533,20.050,21.360,20.512,20.050,21.360,19.427,19.067,19.797,20.467,88.553,0.000,0.000,401.057,413.437,-5.282,0.000,0.000,400.370,0.000,7999.000,0.050,-999.000,-999.000,101.343,0.200,0.200,1.285,3.450,323.147,0.891,2.610,317.760,0.557,22.019,21.911,22.166,20.521,20.487,20.559,19.306,19.287,19.322,-999.000,-999.000,-999.000,15.543,13.997,25.018,24.650,25.456,-999.000,-999.000,-999.000,-999.000,-999.000,-999.000,19.615,19.582,19.648,4.839,5.675,5.001,-14.227,0.328,0.512,0.680,0.745,0.436,0.602,0.695,0.749,0.403,,,,,,,,
2023-09-11,21,19.754,19.117,20.253,19.732,19.119,20.297,19.709,19.210,20.050,19.697,19.190,20.030,18.470,17.895,19.313,19.655,93.998,0.000,0.000,427.320,408.860,23.274,0.000,0.000,412.703,0.000,7999.000,0.640,-999.000,-999.000,101.325,0.200,0.200,1.388,3.460,157.074,1.017,2.490,157.725,0.557,21.776,21.674,21.918,20.534,20.515,20.551,19.347,19.304,19.368,-999.000,-999.000,-999.000,15.539,13.996,24.107,23.580,24.644,-999.000,-999.000,-999.000,-999.000,-999.000,-999.000,19.620,19.590,19.654,3.398,4.778,3.257,-17.841,0.328,0.511,0.680,0.745,0.435,0.606,0.695,0.749,0.402,,,,,,,,
2023-09-11,22,19.357,19.068,19.577,19.350,19.063,19.584,19.429,19.160,19.620,19.425,19.150,19.630,18.368,18.025,18.592,19.364,95.602,0.000,0.000,396.963,411.017,-7.888,0.000,0.000,395.413,0.000,7999.000,0.000,-999.000,-999.000,101.348,0.200,0.200,2.220,3.230,262.383,1.317,2.050,267.596,0.558,21.534,21.410,21.668,20.513,20.497,20.542,19.414,19.378,19.440,-999.000,-999.000,-999.000,15.540,13.995,23.235,22.932,23.570,-999.000,-999.000,-999.000,-999.000,-999.000,-999.000,19.646,19.611,19.686,2.199,3.941,1.791,-20.305,0.327,0.511,0.680,0.746,0.434,0.611,0.696,0.750,0.400,,,,,,,,
2023-09-11,23,19.239,19.043,19.401,19.239,19.048,19.382,19.312,19.080,19.470,19.300,19.100,19.460,18.402,18.091,18.811,19.244,96.185,0.000,0.000,393.417,410.435,-9.463,0.000,0.000,394.982,0.000,7999.000,0.000,-999.000,-999.000,101.343,0.200,0.200,1.595,3.390,316.313,1.000,1.950,314.543,0.558,21.317,21.231,21.410,20.487,20.448,20.512,19.443,19.427,19.460,-999.000,-999.000,-999.000,15.541,13.991,22.715,22.499,22.925,-999.000,-999.000,-999.000,-999.000,-999.000,-999.000,19.673,19.648,19.699,1.314,3.275,0.793,-19.460,0.326,0.511,0.680,0.746,0.433,0.612,0.696,0.750,0.398,,,,,,,,
2023-09-11,24,18.890,18.716,19.058,18.897,18.721,19.041,18.899,18.610,19.080,18.902,18.590,19.110,18.049,17.422,18.474,18.853,95.807,0.000,0.000,421.142,407.868,19.262,0.000,0.000,409.285,0.000,7949.017,1.060,-999.000,-999.000,101.304,0.200,0.263,1.486,2.820,66.831,0.948,2.480,73.939,0.558,21.134,21.048,21.231,20.448,20.429,20.483,19.452,19.436,19.463,-999.000,-999.000,-999.000,15.550,13.989,22.194,21.842,22.499,-999.000,-999.000,-999.000,-999.000,-999.000,-999.000,19.683,19.667,19.703,0.731,2.821,0.154,-19.858,0.328,0.515,0.680,0.744,0.435,0.599,0.695,0.748,0.398,,,,,,,,
