2023-02-06,01,1.865,1.640,2.021,1.871,1.638,2.034,1.946,1.567,2.298,1.933,1.582,2.257,-0.012,-0.627,0.695,1.879,97.243,0.000,0.000,281.218,316.020,-29.888,0.000,0.000,270.093,0.000,5680.367,0.000,-999.000,-999.000,104.296,0.200,0.200,1.109,2.580,17.338,0.644,1.620,43.957,0.373,5.201,5.105,5.295,5.937,5.894,5.975,6.061,6.030,6.086,-999.000,-999.000,-999.000,8.003,9.738,2.651,2.557,2.796,-999.000,-999.000,-999.000,-999.000,-999.000,-999.000,6.262,6.245,6.275,-5.501,-5.198,-7.915,-19.555,0.576,0.614,0.669,0.717,0.664,0.667,0.677,0.727,0.508,,,,,,,,
2023-02-06,02,2.123,1.883,2.352,2.099,1.831,2.349,2.140,1.833,2.435,2.125,1.841,2.456,0.352,-0.444,0.767,2.031,97.872,0.000,0.000,290.925,318.765,-22.241,0.000,0.000,279.898,0.000,5825.733,0.000,-999.000,-999.000,104.303,0.200,0.200,2.119,3.210,337.689,1.189,2.260,332.566,0.374,5.013,4.927,5.105,5.855,5.818,5.897,6.018,6.004,6.034,-999.000,-999.000,-999.000,8.004,9.741,2.448,2.377,2.564,-999.000,-999.000,-999.000,-999.000,-999.000,-999.000,6.267,6.249,6.282,-6.047,-5.686,-8.408,-18.817,0.575,0.614,0.669,0.717,0.662,0.666,0.677,0.726,0.508,,,,,,,,
2023-02-06,03,2.360,1.525,2.821,2.338,1.519,2.805,2.312,1.448,2.830,2.310,1.463,2.822,1.166,0.266,1.969,2.244,97.425,0.000,0.000,305.265,322.525,-12.063,0.000,0.000,295.582,0.000,6028.133,0.000,-999.000,-999.000,104.291,0.200,0.200,1.966,4.110,356.769,1.187,3.370,18.943,0.375,4.860,4.769,4.931,5.777,5.685,5.824,6.029,6.003,6.052,-999.000,-999.000,-999.000,7.988,9.739,2.389,2.344,2.439,-999.000,-999.000,-999.000,-999.000,-999.000,-999.000,6.279,6.261,6.307,-6.409,-6.002,-8.627,-16.827,0.575,0.613,0.669,0.718,0.662,0.666,0.677,0.726,0.508,,,,,,,,
2023-02-06,04,1.496,0.768,2.096,1.478,0.671,2.054,1.506,0.803,2.127,1.503,0.731,2.137,-0.333,-1.648,0.623,1.432,98.283,0.000,0.000,274.062,317.357,-37.723,0.000,0.000,261.290,0.000,4192.650,0.000,-999.000,-999.000,104.261,0.200,0.200,0.826,2.000,297.740,0.839,1.490,237.763,0.375,4.750,4.691,4.785,5.688,5.628,5.742,6.006,5.977,6.046,-999.000,-999.000,-999.000,7.989,9.741,2.358,2.243,2.426,-999.000,-999.000,-999.000,-999.000,-999.000,-999.000,6.287,6.266,6.307,-6.511,-6.122,-8.460,-15.076,0.574,0.613,0.669,0.718,0.661,0.666,0.677,0.726,0.508,,,,,,,,
2023-02-06,05,0.283,-0.114,0.804,0.261,-0.106,0.723,0.239,-0.106,0.904,0.233,-0.112,0.854,-0.964,-1.534,-0.680,0.158,98.423,0.000,0.000,289.405,313.517,-18.076,0.000,0.000,278.415,0.000,1688.508,0.000,-999.000,-999.000,104.259,0.200,0.200,0.868,1.660,295.442,0.455,1.210,313.235,0.377,4.650,4.571,4.712,5.601,5.541,5.665,5.959,5.920,5.999,-999.000,-999.000,-999.000,7.998,9.733,2.080,2.008,2.249,-999.000,-999.000,-999.000,-999.000,-999.000,-999.000,6.304,6.282,6.316,-6.556,-6.225,-8.512,-17.168,0.573,0.613,0.669,0.719,0.658,0.664,0.677,0.726,0.508,,,,,,,,
2023-02-06,06,0.052,-0.140,0.227,0.037,-0.162,0.218,0.056,-0.198,0.312,0.036,-0.199,0.321,-1.005,-1.609,-0.654,-0.051,98.685,0.000,0.000,280.367,312.945,-27.388,0.000,0.000,268.528,0.000,3342.550,0.000,-999.000,-999.000,104.282,0.200,0.200,1.517,2.280,331.785,0.774,1.330,6.855,0.370,4.501,4.434,4.578,5.511,5.469,5.538,5.935,5.920,5.971,-999.000,-999.000,-999.000,8.005,9.741,1.950,1.873,2.018,-999.000,-999.000,-999.000,-999.000,-999.000,-999.000,6.302,6.284,6.320,-6.818,-6.535,-9.034,-16.920,0.573,0.612,0.669,0.724,0.659,0.665,0.677,0.726,0.507,,,,,,,,
2023-02-06,07,-0.111,-0.346,0.090,-0.126,-0.359,0.104,-0.106,-0.472,0.156,-0.119,-0.474,0.154,-1.031,-1.452,-0.755,-0.209,98.692,0.010,0.000,291.883,312.630,-14.406,0.072,0.000,281.668,0.000,1916.233,0.000,-999.000,-999.000,104.292,0.200,0.200,0.815,1.300,341.845,0.263,0.670,333.311,0.374,4.401,4.329,4.471,5.452,5.427,5.506,5.906,5.902,5.954,-999.000,-999.000,-999.000,7.976,9.720,1.764,1.716,1.873,-999.000,-999.000,-999.000,-999.000,-999.000,-999.000,6.302,6.288,6.328,-7.076,-6.834,-9.426,-16.840,0.572,0.611,0.669,0.725,0.657,0.664,0.677,0.726,0.507,,,,,,,,
2023-02-06,08,-0.051,-0.127,0.050,-0.072,-0.149,0.051,0.061,-0.123,0.414,0.032,-0.126,0.335,-0.552,-1.014,0.352,-0.064,99.018,12.125,0.000,305.387,317.950,3.937,12.666,0.000,295.637,0.000,2096.817,0.000,-999.000,-999.000,104.254,0.200,0.200,0.828,1.530,330.843,0.339,0.830,10.244,0.372,4.249,4.201,4.329,5.380,5.324,5.431,5.870,5.841,5.902,-999.000,-999.000,-999.000,7.998,9.740,1.699,1.670,1.716,-999.000,-999.000,-999.000,-999.000,-999.000,-999.000,6.311,6.290,6.334,-7.359,-7.175,-9.838,-15.929,0.571,0.610,0.669,0.724,0.656,0.663,0.677,0.726,0.506,,,,,,,,
2023-02-06,09,0.837,0.067,1.739,0.837,0.061,1.736,0.986,0.355,2.036,0.963,0.308,1.981,1.043,0.165,2.853,0.875,99.280,64.122,8.483,308.280,325.425,38.494,63.585,0.000,298.828,0.000,4339.567,0.000,-999.000,-999.000,104.182,0.200,0.200,0.856,1.340,327.264,0.674,1.460,49.989,0.373,4.159,4.117,4.211,5.286,5.230,5.351,5.838,5.800,5.871,-999.000,-999.000,-999.000,7.987,9.727,1.798,1.706,1.984,-999.000,-999.000,-999.000,-999.000,-999.000,-999.000,6.315,6.284,6.346,-7.481,-7.341,-9.802,-13.633,0.571,0.610,0.668,0.722,0.655,0.662,0.676,0.726,0.506,,,,,,,,
2023-02-06,10,3.502,1.890,4.579,3.486,1.913,4.556,3.515,2.047,4.552,3.493,2.028,4.538,4.605,2.899,5.733,3.383,98.910,152.396,31.583,304.150,342.978,81.985,147.374,2.217,294.987,0.000,6488.167,0.030,-999.000,-999.000,104.209,0.200,0.200,1.649,3.140,346.937,1.374,2.700,348.010,0.374,4.140,4.095,4.192,5.203,5.157,5.245,5.788,5.749,5.836,-999.000,-999.000,-999.000,7.979,9.716,2.409,1.967,2.963,-999.000,-999.000,-999.000,-999.000,-999.000,-999.000,6.305,6.279,6.335,-7.133,-7.106,-8.875,-7.218,0.571,0.610,0.668,0.722,0.655,0.662,0.676,0.726,0.506,,,,,,,,
2023-02-06,11,5.154,4.533,5.781,5.246,4.514,5.918,5.256,4.501,5.940,5.309,4.473,6.096,7.617,5.726,9.902,5.254,94.812,261.648,62.356,301.737,356.247,144.783,206.162,120.170,290.540,4.889,6901.700,0.000,-999.000,-999.000,104.249,0.200,0.200,2.084,3.340,358.086,1.653,2.810,357.539,0.374,4.275,4.168,4.410,5.114,5.059,5.156,5.734,5.690,5.781,-999.000,-999.000,-999.000,7.974,9.710,3.739,2.976,4.648,-999.000,-999.000,-999.000,-999.000,-999.000,-999.000,6.292,6.261,6.322,-5.751,-6.294,-6.729,3.664,0.571,0.610,0.668,0.721,0.654,0.661,0.676,0.726,0.507,,,,,,,,
2023-02-06,12,6.278,5.466,7.329,6.431,5.754,7.289,6.481,5.749,7.197,6.465,5.777,7.129,9.153,7.275,11.511,6.365,87.254,346.637,90.339,284.287,363.038,177.547,150.606,467.334,267.830,8.583,6831.750,0.050,-999.000,-999.000,104.241,0.200,0.200,2.066,3.660,338.374,1.702,3.320,339.465,0.373,4.614,4.407,4.804,5.069,5.051,5.098,5.703,5.677,5.744,-999.000,-999.000,-999.000,7.977,9.710,5.303,4.658,6.152,-999.000,-999.000,-999.000,-999.000,-999.000,-999.000,6.306,6.273,6.345,-3.192,-4.845,-3.622,14.195,0.571,0.610,0.668,0.721,0.655,0.662,0.676,0.726,0.507,,,,,,,,
2023-02-06,13,7.360,6.753,8.068,7.365,6.874,8.014,7.443,6.858,8.060,7.391,6.812,8.020,9.691,8.123,11.285,7.331,74.743,314.216,79.929,306.422,366.343,174.365,199.457,269.003,292.208,4.583,7474.667,0.000,-999.000,-999.000,104.202,0.200,0.200,2.346,4.530,353.542,1.860,4.250,354.504,0.377,5.057,4.804,5.309,5.067,5.035,5.095,5.673,5.642,5.714,-999.000,-999.000,-999.000,7.985,9.720,6.860,6.165,7.424,-999.000,-999.000,-999.000,-999.000,-999.000,-999.000,6.322,6.290,6.347,-0.321,-3.185,-0.795,21.826,0.571,0.610,0.668,0.721,0.655,0.662,0.676,0.726,0.507,,,,,,,,
2023-02-06,14,8.083,7.076,8.971,8.130,7.036,8.993,7.836,7.119,8.370,7.808,7.088,8.360,9.412,7.073,10.759,7.714,68.800,289.641,79.616,288.713,360.628,138.110,114.376,500.925,271.937,8.333,7470.300,0.000,-999.000,-999.000,104.124,0.200,0.200,3.261,7.730,26.679,2.486,6.870,26.225,0.383,5.526,5.312,5.722,5.094,5.054,5.139,5.641,5.621,5.689,-999.000,-999.000,-999.000,7.985,9.713,7.614,7.437,7.891,-999.000,-999.000,-999.000,-999.000,-999.000,-999.000,6.320,6.284,6.351,2.353,-1.591,1.531,22.470,0.571,0.610,0.668,0.720,0.654,0.662,0.676,0.726,0.507,,,,,,,,
2023-02-06,15,8.262,8.034,8.630,8.285,8.060,8.679,7.900,7.663,8.330,7.879,7.656,8.340,8.280,7.607,9.541,7.787,67.255,130.615,29.847,327.193,356.348,71.613,112.512,61.169,317.323,1.417,7652.567,0.000,-999.000,-999.000,104.098,0.200,0.200,3.095,5.810,44.533,2.387,4.790,43.659,0.382,5.884,5.722,6.032,5.155,5.110,5.216,5.611,5.568,5.644,-999.000,-999.000,-999.000,7.987,9.724,7.863,7.692,7.991,-999.000,-999.000,-999.000,-999.000,-999.000,-999.000,6.321,6.287,6.352,3.989,-0.337,2.703,19.320,0.571,0.610,0.668,0.720,0.653,0.665,0.675,0.726,0.506,,,,,,,,
2023-02-06,16,7.603,6.902,8.097,7.602,6.882,8.137,7.326,6.516,7.828,7.307,6.480,7.810,6.527,4.790,7.581,7.230,70.669,45.448,5.232,315.533,347.075,8.732,44.173,0.464,304.908,0.000,7845.417,0.000,-999.000,-999.000,104.083,0.200,0.200,2.621,4.730,44.767,1.884,3.520,44.104,0.382,6.136,6.029,6.220,5.254,5.196,5.318,5.595,5.568,5.632,-999.000,-999.000,-999.000,7.988,9.719,7.436,7.089,7.709,-999.000,-999.000,-999.000,-999.000,-999.000,-999.000,6.319,6.292,6.356,4.563,0.522,3.185,13.354,0.571,0.610,0.668,0.719,0.652,0.666,0.675,0.726,0.505,,,,,,,,
2023-02-06,17,5.551,4.048,6.843,5.524,4.028,6.833,5.232,4.002,6.455,5.201,3.975,6.415,1.906,-0.091,4.709,5.128,80.906,6.438,0.000,268.397,322.300,-42.444,5.533,0.000,253.502,0.000,7926.033,0.000,-999.000,-999.000,104.081,0.200,0.200,1.845,3.590,49.255,1.038,2.540,31.033,0.382,6.204,6.164,6.242,5.352,5.295,5.411,5.589,5.564,5.617,-999.000,-999.000,-999.000,7.992,9.720,6.567,5.992,7.092,-999.000,-999.000,-999.000,-999.000,-999.000,-999.000,6.316,6.292,6.348,4.055,0.860,2.710,4.541,0.570,0.610,0.668,0.719,0.651,0.665,0.675,0.726,0.504,,,,,,,,
2023-02-06,18,2.692,2.063,3.999,2.664,2.040,3.992,2.663,1.866,3.962,2.652,1.887,3.966,-0.286,-0.686,0.233,2.620,90.153,0.000,0.000,264.677,313.090,-42.920,0.000,0.000,250.200,0.000,7860.867,0.000,-999.000,-999.000,104.072,0.200,0.200,1.368,1.840,335.606,0.786,1.350,302.912,0.383,6.053,5.910,6.187,5.442,5.383,5.485,5.594,5.561,5.621,-999.000,-999.000,-999.000,7.991,9.719,5.389,4.863,5.980,-999.000,-999.000,-999.000,-999.000,-999.000,-999.000,6.314,6.268,6.341,2.316,0.268,0.537,-5.897,0.569,0.610,0.668,0.718,0.651,0.664,0.675,0.726,0.504,,,,,,,,
2023-02-06,19,1.752,1.421,2.090,1.736,1.399,2.100,1.713,1.332,2.032,1.687,1.306,1.993,-0.925,-1.377,-0.329,1.603,94.157,0.000,0.000,261.550,308.820,-41.571,0.000,0.000,247.125,0.000,7508.633,0.000,-999.000,-999.000,104.039,0.200,0.200,0.947,1.750,323.433,0.554,1.270,355.009,0.383,5.775,5.614,5.944,5.511,5.466,5.560,5.607,5.577,5.631,-999.000,-999.000,-999.000,7.997,9.720,4.371,3.934,4.860,-999.000,-999.000,-999.000,-999.000,-999.000,-999.000,6.310,6.276,6.332,-0.115,-1.144,-2.538,-12.657,0.568,0.609,0.668,0.718,0.650,0.665,0.675,0.726,0.503,,,,,,,,
2023-02-06,20,1.039,0.562,1.444,1.001,0.517,1.428,1.006,0.523,1.434,0.987,0.500,1.452,-1.846,-2.437,-1.246,0.927,96.512,0.000,0.000,260.353,306.420,-40.091,0.000,0.000,245.412,0.000,5422.033,0.000,-999.000,-999.000,104.011,0.200,0.200,0.680,1.460,322.434,0.489,1.240,345.797,0.382,5.446,5.275,5.615,5.543,5.498,5.567,5.623,5.592,5.656,-999.000,-999.000,-999.000,7.988,9.716,3.542,3.155,3.917,-999.000,-999.000,-999.000,-999.000,-999.000,-999.000,6.308,6.274,6.334,-2.379,-2.771,-5.328,-16.770,0.567,0.610,0.668,0.718,0.649,0.665,0.674,0.726,0.503,,,,,,,,
2023-02-06,21,0.085,-0.396,0.483,0.114,-0.451,0.454,0.091,-0.586,0.447,0.059,-0.596,0.435,-2.498,-3.733,-1.750,-0.039,97.972,0.000,0.000,257.948,303.430,-40.316,0.000,0.000,243.937,0.000,5919.167,0.000,-999.000,-999.000,104.011,0.200,0.200,0.755,1.340,20.506,0.673,1.110,27.458,0.382,5.110,4.963,5.265,5.517,5.490,5.552,5.628,5.607,5.664,-999.000,-999.000,-999.000,7.989,9.717,2.882,2.628,3.138,-999.000,-999.000,-999.000,-999.000,-999.000,-999.000,6.287,6.266,6.324,-4.289,-4.344,-7.607,-19.423,0.566,0.610,0.668,0.717,0.647,0.666,0.675,0.726,0.502,,,,,,,,
2023-02-06,22,-0.719,-1.422,-0.120,-0.772,-1.608,-0.169,-0.742,-1.440,-0.218,-0.755,-1.529,-0.190,-3.638,-4.061,-2.923,-0.863,98.435,0.000,0.000,257.072,301.595,-39.291,0.000,0.002,243.485,0.000,4934.033,0.000,-999.000,-999.000,103.991,0.200,0.200,0.794,1.790,303.930,0.694,1.490,286.619,0.382,4.810,4.653,4.968,5.483,5.413,5.547,5.644,5.619,5.664,-999.000,-999.000,-999.000,7.987,9.712,2.410,2.245,2.585,-999.000,-999.000,-999.000,-999.000,-999.000,-999.000,6.291,6.267,6.330,-5.860,-5.713,-9.409,-20.277,0.564,0.610,0.668,0.716,0.647,0.666,0.676,0.726,0.501,,,,,,,,
2023-02-06,23,-1.435,-1.983,-1.071,-1.466,-2.018,-1.113,-1.462,-2.133,-1.032,-1.470,-2.140,-1.035,-3.752,-4.438,-3.087,-1.528,98.555,0.000,0.000,255.843,299.935,-38.926,0.000,0.000,242.158,0.000,7130.667,0.000,-999.000,-999.000,103.971,0.200,0.200,0.971,1.960,328.634,0.697,1.280,352.233,0.381,4.518,4.398,4.660,5.426,5.395,5.467,5.661,5.619,5.679,-999.000,-999.000,-999.000,7.982,9.699,2.083,1.953,2.252,-999.000,-999.000,-999.000,-999.000,-999.000,-999.000,6.297,6.271,6.315,-7.106,-6.873,-10.789,-19.560,0.563,0.609,0.668,0.714,0.645,0.666,0.676,0.726,0.499,,,,,,,,
2023-02-06,24,-1.565,-1.856,-1.318,-1.589,-1.903,-1.346,-1.595,-1.916,-1.413,-1.613,-1.904,-1.420,-4.043,-4.432,-3.680,-1.662,99.108,0.000,0.000,252.647,297.502,-39.893,0.000,0.000,239.492,0.000,5218.750,0.000,-999.000,-999.000,103.973,0.200,0.200,0.990,1.440,319.083,0.646,0.950,320.780,0.383,4.255,4.139,4.401,5.326,5.280,5.398,5.634,5.620,5.656,-999.000,-999.000,-999.000,7.988,9.722,1.835,1.731,1.957,-999.000,-999.000,-999.000,-999.000,-999.000,-999.000,6.266,6.259,6.299,-8.073,-7.738,-11.806,-18.756,0.562,0.608,0.668,0.713,0.645,0.665,0.676,0.726,0.497,,,,,,,,
