2023-12-18,01,6.312,6.236,6.378,6.327,6.259,6.421,6.373,6.326,6.407,6.362,6.320,6.424,5.242,5.197,5.279,6.296,86.652,0.000,0.000,340.853,343.105,3.361,0.000,0.000,337.103,0.000,6410.267,0.000,-999.000,-999.000,103.231,0.200,0.200,4.639,7.220,211.440,3.674,7.460,209.951,0.321,6.910,6.876,6.959,7.272,7.223,7.323,7.354,7.326,7.382,-999.000,-999.000,-999.000,10.018,11.645,5.262,5.165,5.336,-999.000,-999.000,-999.000,-999.000,-999.000,-999.000,7.628,7.577,7.689,-4.907,-1.795,-4.017,-3.857,0.691,0.691,0.691,0.726,0.703,0.706,0.684,0.737,0.579,,,,,,,,
2023-12-18,02,6.455,6.345,6.569,6.465,6.325,6.579,6.499,6.395,6.573,6.492,6.406,6.561,5.383,5.279,5.457,6.428,87.132,0.000,0.000,341.172,343.910,2.836,0.000,0.000,337.610,0.000,6281.367,0.000,-999.000,-999.000,103.212,0.200,0.200,4.333,7.190,210.194,3.371,6.840,209.874,0.321,6.864,6.832,6.896,7.222,7.170,7.273,7.328,7.291,7.355,-999.000,-999.000,-999.000,10.024,11.640,5.418,5.336,5.491,-999.000,-999.000,-999.000,-999.000,-999.000,-999.000,7.628,7.540,7.722,-4.520,-1.879,-3.705,-3.305,0.691,0.691,0.690,0.726,0.703,0.706,0.684,0.737,0.579,,,,,,,,
2023-12-18,03,6.387,6.222,6.503,6.402,6.236,6.516,6.436,6.282,6.524,6.420,6.260,6.508,5.413,5.322,5.464,6.359,87.823,0.000,0.000,341.268,343.962,2.967,0.000,0.000,337.845,0.000,6360.600,0.000,-999.000,-999.000,103.192,0.200,0.200,4.278,7.370,206.786,3.314,5.800,205.419,0.322,6.825,6.792,6.852,7.168,7.130,7.203,7.300,7.278,7.324,-999.000,-999.000,-999.000,10.030,11.646,5.534,5.495,5.570,-999.000,-999.000,-999.000,-999.000,-999.000,-999.000,7.637,7.547,7.712,-4.170,-1.919,-3.446,-2.847,0.691,0.691,0.690,0.726,0.703,0.706,0.684,0.738,0.579,,,,,,,,
2023-12-18,04,6.214,6.146,6.302,6.223,6.150,6.315,6.257,6.206,6.334,6.247,6.180,6.325,5.316,5.269,5.369,6.191,88.797,0.000,0.000,341.238,343.423,3.423,0.000,0.000,337.935,0.000,6355.117,0.000,-999.000,-999.000,103.176,0.200,0.200,3.985,6.060,200.946,3.051,5.100,200.923,0.322,6.808,6.783,6.829,7.143,7.113,7.167,7.306,7.281,7.332,-999.000,-999.000,-999.000,10.024,11.635,5.555,5.531,5.577,-999.000,-999.000,-999.000,-999.000,-999.000,-999.000,7.640,7.586,7.689,-3.857,-1.932,-3.223,-3.190,0.691,0.691,0.690,0.726,0.703,0.706,0.684,0.738,0.579,,,,,,,,
2023-12-18,05,6.457,6.285,6.649,6.470,6.292,6.685,6.501,6.340,6.686,6.497,6.320,6.701,5.500,5.352,5.662,6.432,89.140,0.000,0.000,342.197,344.352,3.359,0.000,0.000,338.635,0.000,6247.333,0.000,-999.000,-999.000,103.165,0.200,0.200,4.398,6.770,203.270,3.434,5.890,201.921,0.322,6.794,6.773,6.826,7.115,7.074,7.150,7.293,7.255,7.322,-999.000,-999.000,-999.000,10.022,11.632,5.631,5.544,5.712,-999.000,-999.000,-999.000,-999.000,-999.000,-999.000,7.652,7.573,7.715,-3.626,-1.931,-3.055,-2.923,0.691,0.691,0.690,0.726,0.703,0.706,0.684,0.737,0.579,,,,,,,,
2023-12-18,06,6.634,6.371,6.764,6.636,6.354,6.771,6.654,6.400,6.751,6.645,6.371,6.744,5.695,5.586,5.751,6.614,89.628,0.000,0.000,342.570,345.198,2.905,0.000,0.000,339.032,0.000,6254.900,0.000,-999.000,-999.000,103.150,0.200,0.200,4.495,6.860,197.851,3.415,5.830,197.939,0.323,6.787,6.769,6.812,7.084,7.060,7.117,7.269,7.255,7.294,-999.000,-999.000,-999.000,10.021,11.647,5.772,5.702,5.818,-999.000,-999.000,-999.000,-999.000,-999.000,-999.000,7.662,7.593,7.721,-3.443,-1.923,-2.920,-1.934,0.691,0.691,0.690,0.726,0.703,0.706,0.684,0.737,0.579,,,,,,,,
2023-12-18,07,6.274,6.156,6.437,6.273,6.169,6.417,6.305,6.211,6.425,6.288,6.212,6.421,5.474,5.375,5.619,6.264,91.230,0.000,0.000,341.847,344.130,3.159,0.000,0.000,338.432,0.000,6243.150,0.000,-999.000,-999.000,103.143,0.200,0.200,4.854,7.090,187.890,3.554,5.970,186.686,0.323,6.776,6.753,6.809,7.055,7.027,7.103,7.260,7.231,7.284,-999.000,-999.000,-999.000,10.022,11.639,5.783,5.749,5.821,-999.000,-999.000,-999.000,-999.000,-999.000,-999.000,7.664,7.583,7.718,-3.237,-1.910,-2.774,-2.127,0.691,0.691,0.690,0.726,0.703,0.706,0.684,0.738,0.579,,,,,,,,
2023-12-18,08,6.449,6.259,6.625,6.465,6.265,6.635,6.490,6.301,6.643,6.481,6.305,6.641,5.559,5.408,5.731,6.431,90.867,2.182,0.000,342.793,344.827,5.094,2.275,0.000,339.360,0.000,6541.867,0.000,-999.000,-999.000,103.141,0.200,0.200,4.326,7.860,190.954,3.313,5.880,189.987,0.324,6.761,6.736,6.783,7.036,7.008,7.064,7.246,7.222,7.272,-999.000,-999.000,-999.000,10.021,11.628,5.813,5.752,5.903,-999.000,-999.000,-999.000,-999.000,-999.000,-999.000,7.667,7.580,7.731,-3.055,-1.887,-2.658,-2.342,0.690,0.691,0.690,0.726,0.703,0.706,0.684,0.738,0.579,,,,,,,,
2023-12-18,09,6.801,6.559,7.061,6.804,6.576,7.050,6.816,6.598,7.080,6.812,6.588,7.082,5.963,5.715,6.199,6.777,90.132,15.272,0.000,343.308,346.945,13.693,14.808,0.000,340.317,0.000,6402.283,0.000,-999.000,-999.000,103.131,0.200,0.200,3.959,7.740,196.242,3.067,6.010,194.048,0.324,6.780,6.756,6.819,7.032,7.001,7.060,7.248,7.222,7.274,-999.000,-999.000,-999.000,9.998,11.638,6.063,5.884,6.236,-999.000,-999.000,-999.000,-999.000,-999.000,-999.000,7.693,7.619,7.764,-2.932,-1.865,-2.567,-0.408,0.690,0.691,0.690,0.726,0.703,0.706,0.684,0.738,0.579,,,,,,,,
2023-12-18,10,7.249,7.034,7.651,7.258,7.023,7.643,7.304,7.098,7.721,7.304,7.097,7.737,6.651,6.196,7.451,7.244,88.453,57.641,7.950,344.600,350.402,43.892,55.569,0.000,341.748,0.000,6371.033,0.000,-999.000,-999.000,103.109,0.200,0.200,4.879,7.520,203.034,3.782,6.450,201.476,0.324,6.796,6.761,6.825,7.027,6.980,7.070,7.253,7.206,7.291,-999.000,-999.000,-999.000,10.000,11.614,6.562,6.246,7.118,-999.000,-999.000,-999.000,-999.000,-999.000,-999.000,7.698,7.607,7.777,-2.738,-1.837,-2.373,3.544,0.690,0.691,0.690,0.726,0.703,0.706,0.684,0.737,0.579,,,,,,,,
2023-12-18,11,7.880,7.665,8.283,7.882,7.629,8.305,7.946,7.707,8.310,7.936,7.709,8.300,7.692,7.328,8.217,7.877,86.865,107.382,19.820,345.627,354.945,78.244,103.101,0.000,343.280,0.000,6221.600,0.000,-999.000,-999.000,103.079,0.200,0.200,5.266,9.400,207.841,4.113,7.710,207.187,0.325,6.804,6.752,6.838,7.010,6.967,7.058,7.233,7.191,7.262,-999.000,-999.000,-999.000,10.004,11.620,7.546,7.154,8.078,-999.000,-999.000,-999.000,-999.000,-999.000,-999.000,7.688,7.634,7.759,-2.340,-1.776,-1.913,12.003,0.690,0.691,0.690,0.726,0.703,0.706,0.684,0.737,0.580,,,,,,,,
2023-12-18,12,8.233,8.129,8.328,8.231,8.112,8.340,8.287,8.180,8.420,8.283,8.160,8.410,7.963,7.692,8.292,8.207,85.712,100.171,17.178,343.065,355.698,70.360,95.761,0.008,340.443,0.000,6400.450,0.000,-999.000,-999.000,103.027,0.200,0.200,5.847,9.990,208.830,4.597,8.280,208.075,0.325,6.874,6.808,6.929,7.017,6.979,7.043,7.233,7.213,7.263,-999.000,-999.000,-999.000,9.988,11.607,8.160,8.048,8.236,-999.000,-999.000,-999.000,-999.000,-999.000,-999.000,7.701,7.620,7.752,-1.539,-1.642,-0.958,16.187,0.690,0.691,0.690,0.726,0.703,0.706,0.684,0.737,0.580,,,,,,,,
2023-12-18,13,8.253,8.040,8.492,8.262,8.043,8.499,8.318,8.110,8.540,8.306,8.100,8.520,7.923,7.501,8.586,8.228,85.543,90.305,15.898,347.172,355.673,65.905,86.934,0.000,344.430,0.000,6459.633,0.000,-999.000,-999.000,102.972,0.200,0.200,5.916,9.060,212.681,4.625,8.450,211.482,0.326,6.967,6.903,7.025,6.999,6.966,7.026,7.226,7.203,7.260,-999.000,-999.000,-999.000,9.999,11.602,8.313,8.147,8.575,-999.000,-999.000,-999.000,-999.000,-999.000,-999.000,7.696,7.637,7.769,-0.465,-1.400,0.180,14.320,0.690,0.691,0.690,0.726,0.703,0.706,0.684,0.737,0.580,,,,,,,,
2023-12-18,14,7.856,7.748,8.043,7.856,7.757,8.063,7.901,7.807,8.110,7.892,7.798,8.110,7.234,7.000,7.653,7.829,86.632,42.267,3.903,345.647,352.203,31.815,40.664,0.000,342.525,0.000,6117.683,0.000,-999.000,-999.000,102.912,0.200,0.200,5.621,8.780,208.444,4.394,8.130,207.662,0.326,7.040,6.999,7.068,7.009,6.977,7.046,7.211,7.177,7.243,-999.000,-999.000,-999.000,9.992,11.620,7.937,7.696,8.219,-999.000,-999.000,-999.000,-999.000,-999.000,-999.000,7.696,7.578,7.752,0.424,-1.104,1.048,8.387,0.690,0.691,0.690,0.726,0.703,0.706,0.684,0.737,0.580,,,,,,,,
2023-12-18,15,7.464,7.160,7.843,7.471,7.156,7.853,7.541,7.255,7.845,7.528,7.250,7.852,6.721,6.478,7.036,7.476,88.265,13.993,0.060,344.750,349.860,11.493,13.485,0.000,341.628,0.000,6358.650,0.000,-999.000,-999.000,102.865,0.200,0.200,5.116,9.780,198.654,3.917,7.210,197.079,0.326,7.112,7.045,7.150,7.021,6.977,7.058,7.204,7.161,7.239,-999.000,-999.000,-999.000,9.996,11.613,7.447,7.237,7.683,-999.000,-999.000,-999.000,-999.000,-999.000,-999.000,7.695,7.595,7.775,0.898,-0.826,1.401,2.347,0.691,0.691,0.690,0.726,0.703,0.706,0.684,0.737,0.580,,,,,,,,
2023-12-18,16,7.107,6.937,7.257,7.104,6.937,7.253,7.153,7.015,7.277,7.143,7.003,7.278,6.263,6.105,6.455,7.096,89.322,1.438,0.000,343.625,347.787,2.707,1.514,0.000,340.552,0.000,6394.233,0.000,-999.000,-999.000,102.855,0.200,0.200,4.518,7.390,196.634,3.547,6.950,194.781,0.326,7.142,7.104,7.174,7.037,7.002,7.066,7.198,7.173,7.227,-999.000,-999.000,-999.000,10.007,11.618,7.015,6.838,7.230,-999.000,-999.000,-999.000,-999.000,-999.000,-999.000,7.684,7.623,7.745,0.853,-0.639,1.222,-1.907,0.691,0.691,0.690,0.726,0.703,0.706,0.684,0.737,0.579,,,,,,,,
2023-12-18,17,6.878,6.743,6.993,6.879,6.736,7.013,6.936,6.813,7.037,6.936,6.813,7.020,6.075,5.978,6.165,6.875,89.873,0.000,0.000,342.813,346.868,1.437,0.000,0.000,339.582,0.000,6264.033,0.000,-999.000,-999.000,102.815,0.200,0.200,4.348,7.610,191.646,3.375,6.270,190.694,0.327,7.175,7.152,7.198,7.073,7.033,7.120,7.216,7.198,7.231,-999.000,-999.000,-999.000,9.986,11.596,6.731,6.625,6.842,-999.000,-999.000,-999.000,-999.000,-999.000,-999.000,7.706,7.651,7.757,0.481,-0.562,0.769,-3.958,0.691,0.691,0.690,0.726,0.703,0.706,0.684,0.737,0.579,,,,,,,,
2023-12-18,18,6.834,6.430,6.991,6.819,6.415,6.970,6.874,6.481,7.012,6.870,6.467,7.020,6.011,5.837,6.104,6.801,89.572,0.000,0.000,342.332,346.488,1.333,0.000,0.000,338.740,0.000,6248.067,0.000,-999.000,-999.000,102.788,0.200,0.200,4.844,9.520,197.594,3.805,7.810,196.369,0.327,7.175,7.159,7.202,7.090,7.064,7.113,7.218,7.192,7.238,-999.000,-999.000,-999.000,9.969,11.584,6.559,6.457,6.632,-999.000,-999.000,-999.000,-999.000,-999.000,-999.000,7.709,7.662,7.764,-0.003,-0.571,0.259,-4.619,0.691,0.691,0.690,0.726,0.703,0.707,0.684,0.737,0.579,,,,,,,,
2023-12-18,19,6.194,5.945,6.456,6.185,5.955,6.425,6.209,5.995,6.458,6.197,5.984,6.425,5.592,5.415,5.820,6.152,91.803,0.000,0.000,339.975,344.067,1.259,0.000,0.000,336.290,0.000,6285.400,0.000,-999.000,-999.000,102.737,0.200,0.200,5.081,7.860,189.916,3.908,6.960,188.589,0.328,7.131,7.096,7.172,7.078,7.054,7.113,7.189,7.172,7.218,-999.000,-999.000,-999.000,9.993,11.612,6.312,6.174,6.467,-999.000,-999.000,-999.000,-999.000,-999.000,-999.000,7.684,7.613,7.748,-0.467,-0.633,-0.182,-5.868,0.691,0.691,0.690,0.726,0.703,0.707,0.684,0.737,0.579,,,,,,,,
2023-12-18,20,6.068,5.938,6.206,6.086,5.955,6.222,6.118,5.995,6.242,6.110,5.997,6.245,5.386,5.319,5.464,6.052,90.888,0.000,0.000,339.062,343.390,1.071,0.000,0.000,335.728,0.000,6407.200,0.000,-999.000,-999.000,102.736,0.200,0.200,4.604,7.800,200.054,3.620,8.410,199.395,0.328,7.121,7.081,7.154,7.101,7.064,7.128,7.221,7.169,7.254,-999.000,-999.000,-999.000,9.991,11.594,6.082,6.019,6.174,-999.000,-999.000,-999.000,-999.000,-999.000,-999.000,7.678,7.606,7.736,-0.923,-0.724,-0.606,-6.905,0.691,0.691,0.690,0.726,0.703,0.707,0.684,0.737,0.579,,,,,,,,
2023-12-18,21,6.020,5.958,6.074,6.034,5.981,6.090,6.090,6.065,6.118,6.089,6.040,6.121,5.360,5.306,5.452,6.000,91.355,0.000,0.000,339.292,343.153,1.640,0.000,0.000,335.818,0.000,6291.850,0.000,-999.000,-999.000,102.705,0.200,0.200,4.603,7.920,207.208,3.625,6.540,204.907,0.328,7.101,7.075,7.128,7.118,7.088,7.148,7.234,7.214,7.257,-999.000,-999.000,-999.000,9.979,11.600,5.958,5.907,6.016,-999.000,-999.000,-999.000,-999.000,-999.000,-999.000,7.692,7.610,7.760,-1.383,-0.840,-0.999,-6.981,0.691,0.691,0.690,0.726,0.703,0.707,0.684,0.737,0.579,,,,,,,,
2023-12-18,22,5.915,5.773,6.137,5.927,5.803,6.130,5.989,5.873,6.153,5.973,5.869,6.141,5.385,5.320,5.491,5.908,92.968,0.000,0.000,339.467,343.118,1.817,0.000,0.000,336.205,0.000,6188.967,0.000,-999.000,-999.000,102.628,0.200,0.200,4.125,8.210,197.318,3.226,6.610,196.130,0.329,7.059,7.016,7.098,7.121,7.099,7.148,7.233,7.217,7.254,-999.000,-999.000,-999.000,9.979,11.597,5.907,5.871,5.943,-999.000,-999.000,-999.000,-999.000,-999.000,-999.000,7.694,7.625,7.756,-1.783,-0.968,-1.321,-6.413,0.691,0.691,0.690,0.726,0.703,0.706,0.684,0.737,0.579,,,,,,,,
2023-12-18,23,5.890,5.783,5.978,5.893,5.790,5.981,5.966,5.865,6.028,5.952,5.872,6.029,5.385,5.317,5.442,5.868,94.118,0.000,0.000,339.792,342.978,2.236,0.000,0.000,335.972,0.000,6062.400,0.000,-999.000,-999.000,102.594,0.200,0.200,5.387,9.320,207.350,4.263,7.920,205.767,0.329,7.012,6.976,7.042,7.112,7.082,7.135,7.227,7.211,7.247,-999.000,-999.000,-999.000,9.983,11.589,5.871,5.841,5.901,-999.000,-999.000,-999.000,-999.000,-999.000,-999.000,7.703,7.648,7.754,-2.087,-1.095,-1.577,-6.056,0.691,0.691,0.690,0.726,0.703,0.706,0.684,0.737,0.579,,,,,,,,
2023-12-18,24,5.815,5.770,5.892,5.811,5.763,5.866,5.909,5.854,5.950,5.885,5.846,5.921,5.380,5.327,5.429,5.800,95.550,0.000,0.000,339.933,342.898,2.219,0.000,0.000,336.153,0.000,5782.967,0.000,-999.000,-999.000,102.557,0.200,0.200,5.221,9.330,212.761,4.011,8.260,211.373,0.330,6.968,6.943,6.993,7.097,7.072,7.132,7.219,7.201,7.237,-999.000,-999.000,-999.000,9.983,11.594,5.864,5.835,5.889,-999.000,-999.000,-999.000,-999.000,-999.000,-999.000,7.700,7.631,7.767,-2.305,-1.210,-1.778,-5.784,0.691,0.691,0.690,0.726,0.703,0.706,0.684,0.737,0.579,,,,,,,,
