2023-02-16,01,4.586,4.323,4.756,4.595,4.287,4.798,4.685,4.337,4.945,4.680,4.338,4.957,2.040,1.657,2.610,4.590,85.282,0.000,0.000,277.750,324.117,-41.717,0.000,0.000,265.635,0.000,6347.767,0.000,-999.000,-999.000,102.382,0.200,0.200,2.315,3.580,145.593,1.861,3.240,132.952,0.444,4.219,4.154,4.292,4.610,4.579,4.638,4.815,4.803,4.830,-999.000,-999.000,-999.000,7.819,9.489,3.043,2.939,3.187,-999.000,-999.000,-999.000,-999.000,-999.000,-999.000,5.826,5.815,5.838,-3.212,-2.853,-4.452,-10.687,0.515,0.573,0.666,0.707,0.574,0.651,0.672,0.724,0.459,,,,,,,,
2023-02-16,02,4.291,4.070,4.654,4.301,4.064,4.680,4.288,4.041,4.700,4.299,4.035,4.743,2.193,1.605,2.786,4.219,87.132,0.000,0.000,278.385,324.775,-41.590,0.000,0.000,266.593,0.000,6437.650,0.000,-999.000,-999.000,102.354,0.200,0.200,2.943,4.440,155.198,2.081,3.620,148.701,0.447,4.111,4.066,4.167,4.574,4.553,4.592,4.818,4.813,4.830,-999.000,-999.000,-999.000,7.814,9.491,2.823,2.729,2.916,-999.000,-999.000,-999.000,-999.000,-999.000,-999.000,5.834,5.818,5.845,-3.618,-3.223,-4.924,-10.967,0.515,0.573,0.666,0.706,0.574,0.651,0.672,0.724,0.458,,,,,,,,
2023-02-16,03,4.567,4.395,4.719,4.564,4.392,4.719,4.566,4.384,4.728,4.578,4.401,4.748,3.298,2.518,3.831,4.522,86.410,0.000,0.000,296.300,330.490,-29.541,0.000,0.000,286.403,0.000,6537.800,0.000,-999.000,-999.000,102.313,0.200,0.200,4.133,5.740,169.669,2.967,4.450,164.119,0.450,3.996,3.943,4.039,4.536,4.519,4.553,4.838,4.793,4.872,-999.000,-999.000,-999.000,7.797,9.468,2.725,2.692,2.807,-999.000,-999.000,-999.000,-999.000,-999.000,-999.000,5.820,5.815,5.844,-3.936,-3.557,-5.267,-10.447,0.515,0.572,0.666,0.706,0.574,0.652,0.672,0.724,0.458,,,,,,,,
2023-02-16,04,4.662,4.426,4.909,4.662,4.407,4.902,4.659,4.424,4.923,4.674,4.445,4.921,3.458,2.999,4.086,4.609,85.440,0.000,0.000,294.263,331.033,-32.077,0.000,0.000,284.513,0.000,6683.667,0.000,-999.000,-999.000,102.279,0.200,0.200,3.986,5.690,165.712,3.034,5.060,160.340,0.452,3.937,3.933,3.947,4.476,4.460,4.516,4.818,4.812,4.858,-999.000,-999.000,-999.000,7.774,9.470,2.848,2.810,2.879,-999.000,-999.000,-999.000,-999.000,-999.000,-999.000,5.815,5.804,5.827,-3.989,-3.736,-5.278,-8.277,0.515,0.572,0.666,0.706,0.574,0.651,0.672,0.724,0.458,,,,,,,,
2023-02-16,05,4.975,4.809,5.197,4.974,4.793,5.210,4.981,4.809,5.163,4.985,4.817,5.177,4.263,4.115,4.377,4.924,85.183,0.000,0.000,330.877,336.640,-0.479,0.000,0.000,323.702,0.000,6881.200,0.000,-999.000,-999.000,102.291,0.200,0.200,3.214,5.350,161.975,2.478,4.500,157.717,0.451,3.927,3.917,3.943,4.459,4.439,4.479,4.841,4.811,4.870,-999.000,-999.000,-999.000,7.786,9.460,2.971,2.869,3.084,-999.000,-999.000,-999.000,-999.000,-999.000,-999.000,5.823,5.810,5.836,-3.773,-3.709,-4.942,-6.637,0.514,0.572,0.666,0.707,0.575,0.650,0.672,0.724,0.458,,,,,,,,
2023-02-16,06,5.171,5.005,5.252,5.175,5.002,5.245,5.204,5.031,5.304,5.206,5.042,5.317,4.469,4.317,4.582,5.138,85.237,0.000,0.000,330.428,337.678,-1.908,0.000,0.000,323.083,0.000,6673.067,0.000,-999.000,-999.000,102.277,0.200,0.200,3.542,4.950,165.688,2.712,4.350,161.924,0.452,3.930,3.916,3.949,4.408,4.383,4.456,4.828,4.810,4.870,-999.000,-999.000,-999.000,7.800,9.487,3.196,3.081,3.310,-999.000,-999.000,-999.000,-999.000,-999.000,-999.000,5.809,5.796,5.832,-3.388,-3.535,-4.333,-4.259,0.515,0.572,0.666,0.706,0.574,0.651,0.672,0.724,0.458,,,,,,,,
2023-02-16,07,5.302,5.150,5.491,5.314,5.130,5.553,5.302,5.159,5.501,5.301,5.159,5.507,4.642,4.438,4.899,5.256,85.707,0.778,0.000,331.830,338.643,-0.643,0.878,0.000,324.402,0.000,6654.667,0.000,-999.000,-999.000,102.275,0.200,0.200,2.876,4.650,167.794,2.215,4.270,162.846,0.453,3.977,3.925,3.994,4.374,4.360,4.396,4.798,4.790,4.814,-999.000,-999.000,-999.000,7.819,9.483,3.391,3.320,3.477,-999.000,-999.000,-999.000,-999.000,-999.000,-999.000,5.809,5.798,5.822,-2.895,-3.244,-3.638,-2.911,0.515,0.571,0.666,0.706,0.574,0.651,0.672,0.725,0.458,,,,,,,,
2023-02-16,08,5.711,5.504,6.198,5.710,5.500,6.208,5.726,5.500,6.262,5.731,5.508,6.264,5.300,4.886,6.144,5.693,85.090,21.734,1.886,339.405,342.415,18.942,21.931,0.000,332.445,0.000,6597.533,0.000,-999.000,-999.000,102.296,0.200,0.200,2.930,5.160,178.951,2.221,4.480,175.891,0.457,4.038,3.994,4.073,4.369,4.342,4.379,4.790,4.769,4.800,-999.000,-999.000,-999.000,7.776,9.454,3.541,3.480,3.672,-999.000,-999.000,-999.000,-999.000,-999.000,-999.000,5.811,5.787,5.831,-2.470,-2.937,-3.067,-1.972,0.515,0.571,0.666,0.706,0.575,0.651,0.672,0.725,0.458,,,,,,,,
2023-02-16,09,6.421,6.198,6.685,6.424,6.197,6.675,6.454,6.279,6.751,6.446,6.254,6.730,6.212,5.988,6.512,6.392,84.008,38.013,3.372,347.322,346.735,35.227,37.962,0.000,341.130,0.000,6735.733,0.000,-999.000,-999.000,102.337,0.200,0.200,3.769,5.400,204.248,2.949,4.710,202.668,0.458,4.110,4.032,4.159,4.362,4.338,4.378,4.792,4.772,4.809,-999.000,-999.000,-999.000,7.780,9.462,3.892,3.675,4.093,-999.000,-999.000,-999.000,-999.000,-999.000,-999.000,5.808,5.769,5.817,-1.996,-2.604,-2.416,0.484,0.515,0.571,0.666,0.706,0.574,0.651,0.672,0.725,0.458,,,,,,,,
2023-02-16,10,6.841,6.672,6.953,6.823,6.675,6.901,6.894,6.733,6.998,6.877,6.731,6.969,6.871,6.571,7.130,6.813,86.470,60.196,8.887,354.328,350.647,54.990,61.122,0.000,348.062,0.000,6558.700,0.330,-999.000,-999.000,102.365,0.200,0.200,3.586,5.530,210.377,2.849,4.690,208.395,0.458,4.215,4.162,4.299,4.346,4.325,4.367,4.752,4.735,4.772,-999.000,-999.000,-999.000,7.796,9.476,4.299,4.100,4.538,-999.000,-999.000,-999.000,-999.000,-999.000,-999.000,5.808,5.775,5.835,-1.221,-2.091,-1.372,3.278,0.515,0.571,0.666,0.707,0.574,0.651,0.672,0.725,0.459,,,,,,,,
2023-02-16,11,6.907,6.825,6.966,6.896,6.825,6.966,6.941,6.907,7.035,6.932,6.880,6.996,6.873,6.668,7.120,6.861,90.997,45.329,5.778,356.340,350.693,45.197,46.536,0.000,350.398,0.000,5973.850,0.420,-999.000,-999.000,102.365,0.200,0.200,3.370,5.100,213.702,2.667,4.200,213.714,0.458,4.374,4.303,4.473,4.356,4.344,4.364,4.748,4.728,4.768,-999.000,-999.000,-999.000,7.821,9.477,4.746,4.557,4.897,-999.000,-999.000,-999.000,-999.000,-999.000,-999.000,5.809,5.805,5.818,-0.280,-1.418,-0.148,5.856,0.516,0.572,0.666,0.707,0.575,0.651,0.672,0.725,0.460,,,,,,,,
2023-02-16,12,7.176,6.888,7.603,7.197,6.884,7.595,7.233,6.929,7.667,7.231,6.933,7.663,7.472,6.910,8.157,7.167,92.103,106.987,20.195,349.903,353.962,82.733,107.990,0.000,352.105,0.000,6288.100,0.050,-999.000,-999.000,102.348,0.200,0.200,3.905,6.590,198.157,3.151,5.930,197.123,0.458,4.548,4.463,4.656,4.367,4.357,4.419,4.750,4.722,4.787,-999.000,-999.000,-999.000,7.785,9.461,5.085,4.904,5.319,-999.000,-999.000,-999.000,-999.000,-999.000,-999.000,5.808,5.794,5.814,0.624,-0.687,0.979,6.966,0.517,0.572,0.666,0.707,0.575,0.651,0.672,0.725,0.462,,,,,,,,
2023-02-16,13,8.271,7.474,9.227,8.286,7.476,9.203,8.327,7.517,9.340,8.319,7.525,9.340,9.302,8.131,10.698,8.252,89.587,262.242,60.557,335.070,363.803,172.952,242.136,37.812,336.143,0.472,6406.500,0.000,-999.000,-999.000,102.282,0.200,0.200,4.994,7.560,183.837,3.963,6.510,183.034,0.458,4.742,4.648,4.859,4.406,4.376,4.434,4.746,4.706,4.786,-999.000,-999.000,-999.000,7.777,9.455,5.724,5.309,6.201,-999.000,-999.000,-999.000,-999.000,-999.000,-999.000,5.797,5.775,5.835,1.518,0.035,2.138,10.789,0.518,0.573,0.666,0.707,0.576,0.652,0.672,0.726,0.463,,,,,,,,
2023-02-16,14,9.382,8.970,9.726,9.386,9.015,9.724,9.430,8.990,9.810,9.422,8.980,9.790,10.065,9.776,10.680,9.380,86.277,227.372,53.616,331.008,366.457,138.307,192.716,70.912,322.658,2.805,6639.917,0.000,-999.000,-999.000,102.197,0.200,0.200,5.646,8.490,186.928,4.422,7.010,185.975,0.457,5.030,4.855,5.187,4.439,4.395,4.466,4.728,4.706,4.779,-999.000,-999.000,-999.000,7.802,9.462,6.661,6.214,6.932,-999.000,-999.000,-999.000,-999.000,-999.000,-999.000,5.799,5.774,5.825,3.121,1.075,4.291,16.692,0.519,0.574,0.666,0.706,0.576,0.652,0.672,0.726,0.463,,,,,,,,
2023-02-16,15,10.095,9.699,10.342,10.097,9.724,10.360,10.132,9.740,10.380,10.121,9.740,10.370,10.238,9.839,10.654,10.096,82.385,153.954,33.873,331.857,365.747,86.191,144.464,20.786,323.747,0.278,7070.683,0.000,-999.000,-999.000,102.127,0.200,0.200,5.591,8.470,187.750,4.329,6.850,187.208,0.457,5.367,5.210,5.497,4.502,4.459,4.538,4.725,4.713,4.733,-999.000,-999.000,-999.000,7.814,9.465,7.091,6.925,7.239,-999.000,-999.000,-999.000,-999.000,-999.000,-999.000,5.802,5.797,5.811,5.017,2.353,6.549,17.203,0.520,0.575,0.666,0.706,0.577,0.651,0.672,0.726,0.464,,,,,,,,
2023-02-16,16,10.499,10.285,10.645,10.485,10.277,10.613,10.512,10.280,10.660,10.498,10.250,10.660,10.155,9.620,10.477,10.470,81.388,64.517,10.808,355.050,365.328,43.452,63.239,2.992,346.270,0.000,6968.133,0.000,-999.000,-999.000,102.106,0.200,0.200,5.022,8.610,205.159,3.782,6.600,204.906,0.458,5.646,5.491,5.793,4.579,4.531,4.663,4.737,4.716,4.783,-999.000,-999.000,-999.000,7.804,9.465,7.302,7.232,7.375,-999.000,-999.000,-999.000,-999.000,-999.000,-999.000,5.796,5.781,5.808,6.085,3.381,7.719,15.811,0.521,0.576,0.666,0.706,0.577,0.651,0.672,0.726,0.464,,,,,,,,
2023-02-16,17,9.757,9.313,10.268,9.721,9.244,10.264,9.773,9.330,10.270,9.747,9.290,10.240,9.227,8.898,9.646,9.673,89.102,5.876,0.004,363.565,360.837,12.091,7.050,0.000,356.325,0.000,6180.550,0.510,-999.000,-999.000,102.089,0.200,0.200,5.245,8.580,221.451,4.094,7.720,220.654,0.459,5.834,5.787,5.903,4.686,4.647,4.746,4.771,4.747,4.786,-999.000,-999.000,-999.000,7.771,9.445,7.290,7.249,7.329,-999.000,-999.000,-999.000,-999.000,-999.000,-999.000,5.794,5.770,5.807,6.463,4.099,8.053,13.326,0.521,0.577,0.667,0.705,0.578,0.651,0.672,0.726,0.464,,,,,,,,
2023-02-16,18,9.320,9.274,9.347,9.298,9.244,9.329,9.361,9.290,9.410,9.329,9.270,9.420,8.998,8.915,9.058,9.271,95.442,0.000,0.000,362.943,359.903,6.584,0.001,0.000,358.678,0.000,6107.017,0.250,-999.000,-999.000,102.045,0.200,0.200,5.559,8.180,203.843,4.282,7.380,203.629,0.459,5.923,5.893,5.962,4.783,4.736,4.822,4.785,4.778,4.791,-999.000,-999.000,-999.000,7.786,9.464,7.213,7.187,7.243,-999.000,-999.000,-999.000,-999.000,-999.000,-999.000,5.788,5.765,5.804,6.274,4.446,7.626,10.991,0.522,0.577,0.667,0.705,0.577,0.653,0.672,0.727,0.466,,,,,,,,
2023-02-16,19,9.333,9.278,9.357,9.319,9.247,9.405,9.393,9.320,9.430,9.382,9.310,9.440,9.032,9.006,9.068,9.296,95.407,0.000,0.000,360.593,360.210,4.375,0.000,0.000,357.687,0.000,5957.150,0.080,-999.000,-999.000,102.020,0.200,0.200,5.754,9.330,205.446,4.509,8.110,205.116,0.456,5.992,5.952,6.015,4.857,4.809,4.917,4.793,4.784,4.820,-999.000,-999.000,-999.000,7.802,9.468,7.199,7.184,7.220,-999.000,-999.000,-999.000,-999.000,-999.000,-999.000,5.769,5.765,5.778,5.960,4.514,7.055,9.940,0.523,0.578,0.667,0.704,0.578,0.654,0.672,0.727,0.468,,,,,,,,
2023-02-16,20,9.344,9.285,9.423,9.315,9.254,9.392,9.403,9.330,9.480,9.383,9.320,9.450,9.081,9.012,9.176,9.306,96.565,0.000,0.000,362.728,360.793,5.545,0.000,0.000,358.100,0.000,4900.000,0.360,-999.000,-999.000,102.025,0.200,0.200,5.700,8.720,212.741,4.447,7.850,211.787,0.456,6.070,6.014,6.100,4.949,4.907,4.995,4.822,4.801,4.833,-999.000,-999.000,-999.000,7.788,9.455,7.242,7.197,7.283,-999.000,-999.000,-999.000,-999.000,-999.000,-999.000,5.764,5.745,5.775,5.764,4.516,6.684,9.481,0.524,0.578,0.667,0.704,0.578,0.655,0.672,0.727,0.469,,,,,,,,
2023-02-16,21,9.495,9.396,9.629,9.475,9.369,9.631,9.555,9.460,9.680,9.536,9.430,9.670,9.263,9.134,9.392,9.473,97.015,0.000,0.000,364.495,362.022,5.933,0.000,0.000,357.233,0.000,5183.250,0.360,-999.000,-999.000,102.005,0.200,0.200,5.371,8.520,213.495,4.187,7.630,212.587,0.460,6.124,6.076,6.178,5.033,4.979,5.083,4.855,4.823,4.909,-999.000,-999.000,-999.000,7.762,9.450,7.311,7.262,7.348,-999.000,-999.000,-999.000,-999.000,-999.000,-999.000,5.753,5.739,5.768,5.652,4.540,6.470,9.459,0.526,0.579,0.668,0.703,0.580,0.654,0.673,0.728,0.473,,,,,,,,
2023-02-16,22,9.785,9.622,9.956,9.826,9.611,10.035,9.851,9.670,10.040,9.844,9.670,10.030,9.488,9.389,9.620,9.822,96.022,0.000,0.000,363.988,362.895,4.607,0.000,0.000,355.273,0.000,6335.933,0.270,-999.000,-999.000,101.980,0.200,0.200,5.918,9.850,223.582,4.648,8.510,222.324,0.460,6.216,6.178,6.270,5.115,5.077,5.159,4.905,4.895,4.925,-999.000,-999.000,-999.000,7.728,9.454,7.425,7.341,7.501,-999.000,-999.000,-999.000,-999.000,-999.000,-999.000,5.766,5.748,5.778,5.649,4.619,6.424,9.632,0.529,0.581,0.668,0.702,0.582,0.655,0.673,0.728,0.477,,,,,,,,
2023-02-16,23,10.042,9.937,10.150,10.077,9.972,10.189,10.079,9.980,10.170,10.078,9.940,10.180,9.574,9.495,9.623,10.042,93.140,0.000,0.000,359.370,362.213,1.497,0.000,0.000,352.108,0.000,7316.450,0.030,-999.000,-999.000,101.953,0.200,0.200,6.050,9.610,233.257,4.714,8.170,232.704,0.460,6.311,6.263,6.348,5.184,5.148,5.217,4.967,4.925,4.980,-999.000,-999.000,-999.000,7.741,9.442,7.539,7.498,7.577,-999.000,-999.000,-999.000,-999.000,-999.000,-999.000,5.775,5.751,5.791,5.743,4.757,6.476,9.777,0.531,0.583,0.669,0.702,0.584,0.657,0.673,0.728,0.480,,,,,,,,
2023-02-16,24,10.159,10.068,10.262,10.178,10.064,10.303,10.206,10.110,10.350,10.206,10.090,10.370,9.632,9.567,9.714,10.136,91.725,0.000,0.000,361.753,362.360,4.268,0.000,0.000,355.147,0.000,7452.483,0.000,-999.000,-999.000,101.954,0.200,0.200,6.159,10.270,234.934,4.716,8.250,234.161,0.460,6.400,6.348,6.446,5.257,5.220,5.296,4.974,4.960,5.006,-999.000,-999.000,-999.000,7.767,9.431,7.607,7.570,7.655,-999.000,-999.000,-999.000,-999.000,-999.000,-999.000,5.771,5.744,5.794,5.779,4.935,6.492,9.472,0.532,0.584,0.669,0.702,0.586,0.657,0.674,0.728,0.480,,,,,,,,
