2023-05-02,01,10.089,9.909,10.219,10.090,9.887,10.218,10.137,9.970,10.250,10.131,9.930,10.270,9.690,9.120,9.909,10.069,89.818,0.000,0.000,352.958,364.375,-5.293,0.000,0.000,345.333,0.000,6721.800,0.000,-999.000,-999.000,102.011,0.200,0.200,4.352,6.910,299.985,2.937,5.360,300.549,0.425,11.548,11.478,11.599,10.796,10.766,10.824,10.134,10.121,10.164,-999.000,-999.000,-999.000,9.137,9.451,11.606,11.513,11.750,-999.000,-999.000,-999.000,-999.000,-999.000,-999.000,10.398,10.395,10.398,1.741,2.461,1.895,-12.932,0.566,0.624,0.690,0.713,0.595,0.660,0.691,0.737,0.485,,,,,,,,
2023-05-02,02,10.275,10.176,10.387,10.275,10.175,10.390,10.324,10.210,10.420,10.313,10.190,10.430,9.989,9.833,10.150,10.252,89.988,0.000,0.000,363.498,366.202,3.508,0.000,0.000,356.207,0.000,6813.367,0.000,-999.000,-999.000,102.030,0.200,0.200,4.598,8.180,312.212,3.170,6.650,312.771,0.426,11.429,11.381,11.485,10.783,10.769,10.793,10.160,10.144,10.184,-999.000,-999.000,-999.000,9.144,9.458,11.486,11.433,11.516,-999.000,-999.000,-999.000,-999.000,-999.000,-999.000,10.423,10.398,10.454,1.300,2.100,1.491,-11.693,0.565,0.624,0.690,0.714,0.594,0.660,0.692,0.737,0.485,,,,,,,,
2023-05-02,03,9.824,9.567,10.288,9.823,9.560,10.290,9.862,9.590,10.340,9.855,9.570,10.340,9.559,9.239,10.071,9.796,88.907,0.000,0.000,359.497,363.097,2.270,0.000,0.000,352.212,0.000,7633.283,0.000,-999.000,-999.000,102.094,0.200,0.200,5.999,9.920,337.478,4.130,8.010,336.402,0.427,11.350,11.302,11.381,10.770,10.746,10.789,10.180,10.167,10.184,-999.000,-999.000,-999.000,9.144,9.458,11.354,11.199,11.437,-999.000,-999.000,-999.000,-999.000,-999.000,-999.000,10.458,10.438,10.474,0.970,1.787,1.206,-10.590,0.565,0.623,0.690,0.714,0.594,0.660,0.692,0.737,0.485,,,,,,,,
2023-05-02,04,9.395,9.205,9.595,9.408,9.237,9.594,9.478,9.360,9.660,9.472,9.340,9.650,8.826,8.627,9.239,9.388,83.875,0.035,0.000,338.440,358.983,-14.573,0.087,0.000,330.230,0.000,7804.150,0.000,-999.000,-999.000,102.159,0.200,0.200,4.882,7.630,331.223,3.556,7.110,330.622,0.428,11.291,11.226,11.344,10.763,10.730,10.789,10.211,10.167,10.240,-999.000,-999.000,-999.000,9.160,9.455,11.032,10.790,11.199,-999.000,-999.000,-999.000,-999.000,-999.000,-999.000,10.451,10.422,10.481,0.745,1.472,0.901,-11.631,0.564,0.623,0.689,0.714,0.594,0.660,0.692,0.737,0.484,,,,,,,,
2023-05-02,05,9.247,9.146,9.359,9.226,9.122,9.350,9.322,9.250,9.420,9.314,9.230,9.420,8.781,8.453,8.925,9.234,82.385,9.965,0.135,344.898,358.832,0.121,10.205,0.000,337.215,0.000,7679.533,0.000,-999.000,-999.000,102.229,0.200,0.200,4.626,7.870,333.731,3.266,6.560,331.119,0.429,11.183,11.147,11.230,10.722,10.713,10.740,10.209,10.207,10.220,-999.000,-999.000,-999.000,9.157,9.453,10.634,10.559,10.800,-999.000,-999.000,-999.000,-999.000,-999.000,-999.000,10.481,10.477,10.481,0.458,1.089,0.437,-13.592,0.564,0.623,0.690,0.714,0.594,0.659,0.692,0.737,0.484,,,,,,,,
2023-05-02,06,8.834,8.541,9.183,8.827,8.543,9.165,8.916,8.640,9.260,8.912,8.650,9.280,8.633,8.331,8.925,8.840,78.283,38.412,4.802,347.747,357.748,24.617,38.614,0.000,340.343,0.000,7754.333,0.000,-999.000,-999.000,102.324,0.200,0.200,5.488,9.380,351.599,3.788,6.950,351.103,0.430,11.106,11.055,11.151,10.696,10.680,10.720,10.228,10.213,10.247,-999.000,-999.000,-999.000,9.157,9.455,10.488,10.420,10.559,-999.000,-999.000,-999.000,-999.000,-999.000,-999.000,10.482,10.481,10.491,0.088,0.638,-0.050,-12.784,0.564,0.623,0.690,0.715,0.593,0.659,0.692,0.737,0.483,,,,,,,,
2023-05-02,07,8.761,8.550,9.053,8.764,8.580,9.055,8.837,8.650,9.090,8.822,8.650,9.080,9.371,8.760,10.254,8.755,74.593,145.656,32.082,340.892,360.580,93.886,144.435,0.000,334.743,0.000,7677.133,0.000,-999.000,-999.000,102.427,0.200,0.200,5.817,8.930,357.850,4.144,7.880,357.884,0.431,11.043,11.022,11.068,10.676,10.656,10.684,10.233,10.220,10.246,-999.000,-999.000,-999.000,9.166,9.459,10.562,10.430,10.794,-999.000,-999.000,-999.000,-999.000,-999.000,-999.000,10.519,10.481,10.553,-0.196,0.169,-0.439,-10.800,0.563,0.622,0.689,0.715,0.593,0.659,0.692,0.737,0.483,,,,,,,,
2023-05-02,08,8.943,8.416,9.246,8.942,8.415,9.242,8.988,8.450,9.300,8.961,8.430,9.250,10.108,8.941,10.773,8.904,71.195,183.091,42.230,342.645,364.082,119.424,180.524,0.084,336.440,0.000,7093.800,0.000,-999.000,-999.000,102.512,0.200,0.200,5.529,8.770,0.907,3.817,7.150,0.168,0.431,10.994,10.969,11.034,10.643,10.624,10.672,10.234,10.207,10.252,-999.000,-999.000,-999.000,9.156,9.469,11.203,10.796,11.419,-999.000,-999.000,-999.000,-999.000,-999.000,-999.000,10.523,10.484,10.553,-0.341,-0.244,-0.625,-4.096,0.563,0.622,0.689,0.715,0.592,0.659,0.692,0.737,0.483,,,,,,,,
2023-05-02,09,9.330,8.747,9.836,9.347,8.739,9.822,9.406,8.770,9.960,9.355,8.700,9.900,12.508,10.317,14.717,9.282,69.788,375.773,93.644,339.103,375.447,245.786,350.216,24.218,334.328,1.305,7214.183,0.000,-999.000,-999.000,102.593,0.200,0.200,4.797,8.150,6.478,3.464,6.650,4.877,0.432,10.996,10.972,11.030,10.616,10.590,10.648,10.231,10.207,10.255,-999.000,-999.000,-999.000,9.160,9.463,12.054,11.360,12.953,-999.000,-999.000,-999.000,-999.000,-999.000,-999.000,10.546,10.522,10.592,-0.190,-0.462,-0.362,2.021,0.562,0.622,0.689,0.715,0.592,0.659,0.692,0.737,0.483,,,,,,,,
2023-05-02,10,9.786,9.343,10.593,9.779,9.349,10.582,9.829,9.390,10.610,9.806,9.350,10.580,12.346,11.100,15.274,9.757,61.379,408.147,99.971,340.495,376.798,271.873,365.572,43.665,335.708,0.472,7136.417,0.000,-999.000,-999.000,102.660,0.200,0.200,5.264,8.330,347.672,3.799,7.040,345.861,0.434,11.057,10.998,11.113,10.586,10.564,10.609,10.237,10.206,10.258,-999.000,-999.000,-999.000,9.174,9.461,13.262,12.970,13.767,-999.000,-999.000,-999.000,-999.000,-999.000,-999.000,10.560,10.529,10.592,0.267,-0.440,0.382,11.713,0.561,0.621,0.689,0.715,0.591,0.658,0.692,0.737,0.483,,,,,,,,
2023-05-02,11,10.491,9.951,11.294,10.483,9.950,11.287,10.540,9.980,11.300,10.504,9.940,11.270,14.633,12.376,17.836,10.473,56.434,616.527,151.128,327.187,390.525,402.061,377.560,274.763,317.738,3.194,6815.067,0.000,-999.000,-999.000,102.710,0.200,0.200,4.951,8.500,345.106,3.631,7.010,344.005,0.434,11.145,11.081,11.214,10.569,10.545,10.592,10.220,10.206,10.238,-999.000,-999.000,-999.000,9.154,9.459,14.723,13.806,15.698,-999.000,-999.000,-999.000,-999.000,-999.000,-999.000,10.579,10.543,10.596,0.952,-0.219,1.464,19.600,0.560,0.620,0.689,0.715,0.590,0.658,0.692,0.737,0.483,,,,,,,,
2023-05-02,12,11.298,10.869,11.633,11.302,10.869,11.692,11.318,10.900,11.820,11.260,10.820,11.830,17.232,15.178,19.514,11.225,54.224,889.894,215.517,308.157,407.865,574.669,282.634,711.434,289.788,7.722,7020.500,0.000,-999.000,-999.000,102.742,0.200,0.200,4.691,8.850,354.376,3.495,7.050,352.588,0.435,11.315,11.210,11.434,10.566,10.545,10.586,10.221,10.199,10.245,-999.000,-999.000,-999.000,9.164,9.464,17.367,15.731,18.761,-999.000,-999.000,-999.000,-999.000,-999.000,-999.000,10.594,10.566,10.614,1.848,0.162,3.147,36.214,0.560,0.620,0.688,0.715,0.589,0.658,0.692,0.737,0.483,,,,,,,,
2023-05-02,13,11.531,10.727,12.092,11.526,10.759,12.051,11.560,10.770,12.190,11.510,10.690,12.170,16.622,14.252,19.329,11.504,54.413,783.695,188.831,303.193,403.705,494.352,265.371,621.726,285.287,8.667,6932.300,0.000,-999.000,-999.000,102.776,0.200,0.200,4.901,10.180,349.249,3.735,8.120,347.400,0.436,11.617,11.457,11.774,10.568,10.550,10.588,10.209,10.187,10.236,-999.000,-999.000,-999.000,9.150,9.456,19.247,18.768,19.795,-999.000,-999.000,-999.000,-999.000,-999.000,-999.000,10.604,10.579,10.621,3.404,0.900,6.013,46.082,0.558,0.619,0.688,0.715,0.588,0.657,0.692,0.736,0.484,,,,,,,,
2023-05-02,14,11.578,10.852,12.130,11.554,10.844,12.075,11.586,10.880,12.030,11.548,10.790,12.050,15.909,13.353,16.935,11.568,53.341,719.223,176.513,295.193,399.727,438.177,166.741,718.305,275.305,9.194,6944.000,0.000,-999.000,-999.000,102.809,0.200,0.200,4.710,8.810,343.958,3.566,7.570,342.680,0.437,12.000,11.791,12.166,10.625,10.571,10.655,10.216,10.184,10.242,-999.000,-999.000,-999.000,9.171,9.465,19.830,19.723,20.033,-999.000,-999.000,-999.000,-999.000,-999.000,-999.000,10.619,10.589,10.645,5.146,1.802,8.577,42.523,0.558,0.619,0.688,0.714,0.587,0.657,0.691,0.736,0.485,,,,,,,,
2023-05-02,15,11.914,11.305,12.374,11.867,11.274,12.306,11.878,11.270,12.440,11.869,11.260,12.450,16.034,14.255,17.325,11.950,51.613,665.034,170.181,295.858,398.865,391.847,136.008,786.985,274.690,10.000,6843.650,0.000,-999.000,-999.000,102.813,0.200,0.200,4.730,8.450,323.780,3.643,7.210,323.401,0.438,12.309,12.179,12.417,10.696,10.643,10.728,10.226,10.203,10.242,-999.000,-999.000,-999.000,9.183,9.467,20.211,20.053,20.259,-999.000,-999.000,-999.000,-999.000,-999.000,-999.000,10.642,10.621,10.654,6.359,2.541,9.949,38.823,0.557,0.619,0.687,0.714,0.586,0.657,0.691,0.736,0.485,,,,,,,,
2023-05-02,16,11.687,11.542,12.034,11.633,11.473,12.010,11.627,11.460,12.080,11.622,11.450,12.040,15.111,13.957,15.902,11.744,52.452,522.008,138.758,291.562,388.197,286.614,97.747,774.562,271.537,10.000,7107.617,0.000,-999.000,-999.000,102.812,0.200,0.200,5.004,7.980,326.626,3.763,6.820,327.160,0.439,12.532,12.414,12.625,10.765,10.722,10.820,10.216,10.193,10.244,-999.000,-999.000,-999.000,9.161,9.462,19.770,19.254,20.173,-999.000,-999.000,-999.000,-999.000,-999.000,-999.000,10.639,10.614,10.659,7.077,3.076,10.456,31.158,0.556,0.618,0.687,0.714,0.585,0.657,0.691,0.736,0.486,,,,,,,,
2023-05-02,17,11.580,11.269,11.816,11.511,11.192,11.759,11.512,11.180,11.740,11.492,11.120,11.740,14.546,13.611,15.829,11.651,51.549,351.641,96.894,289.055,379.213,164.589,72.936,693.488,270.677,10.000,7133.783,0.000,-999.000,-999.000,102.814,0.200,0.200,4.440,7.870,335.682,3.196,6.550,334.617,0.440,12.647,12.622,12.672,10.856,10.796,10.921,10.237,10.225,10.249,-999.000,-999.000,-999.000,9.164,9.472,18.564,17.844,19.241,-999.000,-999.000,-999.000,-999.000,-999.000,-999.000,10.658,10.640,10.676,7.150,3.330,9.752,18.473,0.555,0.618,0.687,0.714,0.584,0.657,0.691,0.736,0.485,,,,,,,,
2023-05-02,18,10.765,10.169,11.355,10.709,10.151,11.292,10.718,10.160,11.280,10.697,10.130,11.280,12.639,11.649,13.892,10.816,55.437,182.119,51.460,284.863,365.390,50.132,50.686,535.649,269.037,10.000,7361.367,0.000,-999.000,-999.000,102.818,0.200,0.200,5.267,8.250,342.348,3.677,6.720,342.593,0.441,12.661,12.624,12.686,10.962,10.911,11.027,10.259,10.239,10.288,-999.000,-999.000,-999.000,9.173,9.472,16.825,15.755,17.808,-999.000,-999.000,-999.000,-999.000,-999.000,-999.000,10.664,10.640,10.684,6.617,3.145,8.137,4.626,0.554,0.619,0.687,0.715,0.584,0.657,0.691,0.737,0.484,,,,,,,,
2023-05-02,19,9.137,8.025,10.122,9.143,8.051,10.135,9.124,8.180,10.130,9.111,8.160,10.110,9.698,6.647,13.616,9.080,61.963,44.627,11.865,279.675,351.178,-37.592,19.472,217.537,265.477,7.194,7612.917,0.000,-999.000,-999.000,102.839,0.200,0.200,4.495,7.670,12.412,2.921,6.410,11.293,0.442,12.565,12.495,12.622,11.042,10.992,11.109,10.289,10.263,10.325,-999.000,-999.000,-999.000,9.165,9.470,14.716,13.729,15.729,-999.000,-999.000,-999.000,-999.000,-999.000,-999.000,10.669,10.629,10.695,5.592,2.545,6.012,-10.395,0.553,0.619,0.687,0.716,0.584,0.657,0.691,0.737,0.482,,,,,,,,
2023-05-02,20,7.483,6.776,8.068,7.487,6.799,8.074,7.560,6.858,8.210,7.553,6.856,8.200,5.779,4.942,6.631,7.489,70.044,0.156,0.000,274.872,340.405,-60.686,0.130,0.000,261.703,0.000,7772.817,0.000,-999.000,-999.000,102.872,0.200,0.200,3.710,6.170,8.946,2.217,5.130,7.236,0.443,12.410,12.308,12.495,11.106,11.060,11.134,10.327,10.289,10.368,-999.000,-999.000,-999.000,9.177,9.474,12.799,12.003,13.686,-999.000,-999.000,-999.000,-999.000,-999.000,-999.000,10.683,10.642,10.722,4.199,1.686,3.597,-21.255,0.553,0.618,0.687,0.716,0.583,0.657,0.692,0.737,0.481,,,,,,,,
2023-05-02,21,6.044,5.511,6.774,6.053,5.550,6.776,6.114,5.599,6.941,6.100,5.606,6.954,4.188,3.315,4.939,6.042,79.213,0.000,0.000,272.703,329.167,-51.782,0.000,0.000,259.338,0.000,7934.683,0.000,-999.000,-999.000,102.907,0.200,0.200,2.683,4.440,6.293,1.312,2.750,2.644,0.444,12.191,12.038,12.292,11.139,11.087,11.169,10.357,10.302,10.398,-999.000,-999.000,-999.000,9.174,9.474,11.353,10.790,11.993,-999.000,-999.000,-999.000,-999.000,-999.000,-999.000,10.689,10.649,10.735,2.719,0.758,1.294,-26.545,0.552,0.618,0.687,0.716,0.583,0.657,0.691,0.737,0.479,,,,,,,,
2023-05-02,22,5.217,4.703,5.802,5.216,4.693,5.845,5.235,4.556,5.902,5.222,4.547,5.936,3.077,2.267,3.698,5.170,83.790,0.000,0.000,270.770,322.672,-46.835,0.000,0.000,257.468,0.000,7950.933,0.000,-999.000,-999.000,102.922,0.200,0.200,2.290,3.190,7.169,1.025,2.060,6.449,0.445,11.893,11.720,12.055,11.150,11.133,11.170,10.386,10.353,10.437,-999.000,-999.000,-999.000,9.172,9.470,10.256,9.755,10.757,-999.000,-999.000,-999.000,-999.000,-999.000,-999.000,10.690,10.666,10.738,1.176,-0.200,-0.895,-28.733,0.551,0.618,0.687,0.717,0.582,0.657,0.690,0.737,0.477,,,,,,,,
2023-05-02,23,4.595,4.196,4.754,4.586,4.163,4.764,4.600,4.007,5.002,4.585,3.984,5.028,1.965,1.664,2.313,4.535,86.152,0.000,0.000,268.683,317.363,-43.613,0.000,0.000,255.483,0.000,7903.450,0.000,-999.000,-999.000,102.891,0.200,0.200,1.917,2.800,49.668,0.892,1.360,52.188,0.446,11.533,11.334,11.731,11.130,11.098,11.173,10.425,10.404,10.450,-999.000,-999.000,-999.000,9.174,9.476,9.260,8.801,9.739,-999.000,-999.000,-999.000,-999.000,-999.000,-999.000,10.705,10.683,10.738,-0.495,-1.194,-3.132,-30.687,0.550,0.617,0.687,0.717,0.582,0.657,0.689,0.737,0.476,,,,,,,,
2023-05-02,24,3.881,3.555,4.183,3.876,3.572,4.170,3.846,3.527,4.122,3.832,3.546,4.114,1.253,0.800,1.687,3.785,89.662,0.000,0.000,267.245,314.608,-41.660,0.000,0.000,254.018,0.000,7923.700,0.000,-999.000,-999.000,102.898,0.200,0.200,1.305,2.460,45.846,0.544,1.230,9.689,0.447,11.151,10.940,11.331,11.087,11.028,11.116,10.446,10.411,10.474,-999.000,-999.000,-999.000,9.190,9.481,8.343,7.945,8.771,-999.000,-999.000,-999.000,-999.000,-999.000,-999.000,10.718,10.686,10.749,-2.220,-2.369,-5.434,-32.505,0.550,0.616,0.687,0.717,0.581,0.658,0.688,0.737,0.475,,,,,,,,
