2023-04-19,01,10.023,9.770,10.175,10.028,9.783,10.178,9.982,9.580,10.220,9.966,9.580,10.210,8.211,7.902,8.447,9.889,73.629,0.000,0.000,337.067,358.673,-17.188,0.000,0.000,328.737,0.000,7920.783,0.000,-999.000,-999.000,102.773,0.200,0.200,5.203,8.300,66.093,3.561,6.330,66.533,0.391,9.890,9.836,9.951,9.771,9.749,9.815,9.432,9.404,9.454,-999.000,-999.000,-999.000,8.725,9.241,7.960,7.820,8.020,-999.000,-999.000,-999.000,-999.000,-999.000,-999.000,9.471,9.447,9.506,-0.829,-0.675,-2.420,-12.532,0.571,0.627,0.690,0.715,0.616,0.683,0.687,0.745,0.485,,,,,,,,
2023-04-19,02,8.999,8.494,9.750,8.992,8.503,9.763,8.874,8.350,9.620,8.862,8.330,9.630,7.265,6.873,7.885,8.786,79.125,0.000,0.000,317.727,352.865,-30.771,0.000,0.000,308.482,0.000,7881.983,0.000,-999.000,-999.000,102.754,0.200,0.200,3.947,6.730,53.492,2.707,6.010,52.159,0.392,9.806,9.767,9.843,9.721,9.679,9.760,9.435,9.408,9.454,-999.000,-999.000,-999.000,8.730,9.239,7.890,7.738,8.003,-999.000,-999.000,-999.000,-999.000,-999.000,-999.000,9.469,9.451,9.506,-0.979,-0.847,-2.343,-11.320,0.570,0.626,0.690,0.716,0.616,0.682,0.687,0.745,0.485,,,,,,,,
2023-04-19,03,8.110,7.756,8.484,8.102,7.752,8.483,8.016,7.668,8.380,8.013,7.634,8.390,6.562,5.998,6.891,7.939,83.695,0.000,0.000,317.972,349.090,-26.702,0.000,0.000,308.515,0.000,7877.767,0.000,-999.000,-999.000,102.759,0.200,0.200,3.057,4.450,50.662,1.861,3.390,45.326,0.393,9.725,9.671,9.790,9.667,9.621,9.693,9.425,9.381,9.457,-999.000,-999.000,-999.000,8.721,9.227,7.651,7.480,7.756,-999.000,-999.000,-999.000,-999.000,-999.000,-999.000,9.464,9.447,9.506,-1.051,-0.933,-2.373,-12.382,0.570,0.626,0.690,0.716,0.616,0.682,0.687,0.744,0.485,,,,,,,,
2023-04-19,04,8.444,7.855,8.998,8.476,7.888,9.000,8.640,8.050,9.130,8.644,8.070,9.110,7.138,6.321,7.572,8.565,81.357,0.000,0.000,346.312,355.127,-4.291,0.000,0.000,338.140,0.000,7855.533,0.000,-999.000,-999.000,102.750,0.200,0.200,3.254,6.340,51.864,2.141,5.590,50.780,0.393,9.646,9.602,9.723,9.642,9.604,9.690,9.416,9.377,9.460,-999.000,-999.000,-999.000,8.717,9.233,7.520,7.440,7.625,-999.000,-999.000,-999.000,-999.000,-999.000,-999.000,9.464,9.454,9.485,-1.167,-1.032,-2.553,-12.430,0.569,0.625,0.690,0.716,0.615,0.682,0.687,0.744,0.484,,,,,,,,
2023-04-19,05,8.440,7.852,8.978,8.430,7.844,8.997,8.349,7.753,9.050,8.339,7.721,9.050,6.682,6.077,7.505,8.258,78.993,4.658,0.000,294.905,349.468,-45.953,4.477,0.014,283.893,0.000,7941.100,0.000,-999.000,-999.000,102.739,0.200,0.200,5.221,7.780,58.414,3.581,7.120,57.939,0.394,9.574,9.526,9.605,9.580,9.535,9.614,9.406,9.377,9.443,-999.000,-999.000,-999.000,8.723,9.223,7.490,7.242,7.618,-999.000,-999.000,-999.000,-999.000,-999.000,-999.000,9.468,9.454,9.490,-1.278,-1.138,-2.634,-10.885,0.569,0.625,0.690,0.717,0.615,0.681,0.687,0.744,0.484,,,,,,,,
2023-04-19,06,8.327,7.852,8.905,8.327,7.851,8.878,8.270,7.825,8.750,8.245,7.801,8.730,6.540,6.048,7.338,8.086,75.606,93.484,26.430,284.400,349.212,2.259,37.022,317.170,272.645,7.778,7945.700,0.000,-999.000,-999.000,102.765,0.200,0.200,5.534,8.660,56.482,3.956,7.400,56.589,0.395,9.510,9.443,9.558,9.539,9.503,9.587,9.407,9.374,9.446,-999.000,-999.000,-999.000,8.726,9.237,7.104,7.016,7.242,-999.000,-999.000,-999.000,-999.000,-999.000,-999.000,9.472,9.451,9.513,-1.376,-1.238,-2.786,-13.298,0.569,0.625,0.690,0.717,0.615,0.678,0.688,0.742,0.484,,,,,,,,
2023-04-19,07,9.515,8.898,10.225,9.500,8.877,10.198,9.282,8.760,9.940,9.258,8.730,9.930,8.124,7.348,9.088,9.071,62.275,250.139,72.243,285.713,356.332,107.278,65.912,561.446,271.445,10.000,7925.383,0.000,-999.000,-999.000,102.788,0.200,0.200,6.982,10.030,58.522,5.044,8.400,58.536,0.396,9.419,9.362,9.476,9.491,9.444,9.532,9.387,9.346,9.417,-999.000,-999.000,-999.000,8.728,9.228,7.541,7.153,8.073,-999.000,-999.000,-999.000,-999.000,-999.000,-999.000,9.477,9.442,9.507,-1.585,-1.419,-3.096,-8.084,0.568,0.624,0.690,0.717,0.614,0.677,0.688,0.742,0.484,,,,,,,,
2023-04-19,08,10.564,10.229,10.826,10.537,10.208,10.815,10.163,9.920,10.450,10.133,9.890,10.450,10.007,9.121,10.878,9.943,52.169,434.942,122.705,284.282,365.167,231.353,71.522,771.943,266.312,10.000,7824.133,0.000,-999.000,-999.000,102.808,0.200,0.200,7.528,12.530,62.046,5.330,9.060,62.152,0.397,9.364,9.330,9.394,9.447,9.417,9.499,9.374,9.347,9.404,-999.000,-999.000,-999.000,8.731,9.232,8.869,8.105,9.720,-999.000,-999.000,-999.000,-999.000,-999.000,-999.000,9.478,9.440,9.508,-1.647,-1.526,-3.015,3.383,0.567,0.624,0.690,0.718,0.613,0.675,0.688,0.741,0.483,,,,,,,,
2023-04-19,09,11.288,10.806,11.752,11.261,10.765,11.741,10.875,10.360,11.450,10.840,10.330,11.430,12.028,10.911,13.017,10.676,49.233,593.135,158.622,282.867,374.982,342.399,75.768,859.343,261.947,10.000,7814.983,0.000,-999.000,-999.000,102.808,0.200,0.200,7.338,12.020,60.153,5.258,9.010,59.752,0.398,9.375,9.345,9.410,9.410,9.374,9.453,9.361,9.332,9.388,-999.000,-999.000,-999.000,8.732,9.234,10.752,9.753,11.776,-999.000,-999.000,-999.000,-999.000,-999.000,-999.000,9.481,9.471,9.504,-1.319,-1.335,-2.345,16.653,0.567,0.623,0.690,0.718,0.611,0.674,0.688,0.740,0.483,,,,,,,,
2023-04-19,10,12.102,11.634,12.507,12.083,11.589,12.513,11.620,11.160,12.030,11.603,11.130,12.050,13.958,12.826,15.345,11.506,43.082,719.892,184.104,283.888,382.872,436.805,79.248,907.988,261.435,10.000,7640.850,0.000,-999.000,-999.000,102.786,0.200,0.200,7.824,12.580,75.244,5.716,10.270,76.263,0.399,9.507,9.420,9.620,9.365,9.343,9.394,9.344,9.324,9.365,-999.000,-999.000,-999.000,8.726,9.229,12.688,11.816,13.600,-999.000,-999.000,-999.000,-999.000,-999.000,-999.000,9.480,9.463,9.504,-0.436,-0.696,-1.021,27.981,0.566,0.622,0.690,0.718,0.609,0.672,0.688,0.739,0.483,,,,,,,,
2023-04-19,11,12.794,12.348,13.541,12.788,12.331,13.539,12.321,11.780,13.070,12.296,11.740,13.060,15.395,14.922,16.414,12.184,44.264,791.209,194.557,289.120,389.972,495.800,81.246,923.461,265.703,10.000,7308.567,0.000,-999.000,-999.000,102.752,0.200,0.200,8.132,12.210,57.880,5.975,9.540,57.814,0.399,9.769,9.620,9.948,9.348,9.335,9.352,9.323,9.303,9.334,-999.000,-999.000,-999.000,8.736,9.227,14.472,13.634,15.226,-999.000,-999.000,-999.000,-999.000,-999.000,-999.000,9.486,9.468,9.508,1.025,0.327,0.890,36.433,0.566,0.622,0.689,0.718,0.608,0.670,0.688,0.738,0.484,,,,,,,,
2023-04-19,12,13.655,13.328,14.286,13.660,13.321,14.270,13.136,12.580,13.830,13.117,12.550,13.810,16.542,15.969,17.447,13.034,39.578,803.946,198.041,291.788,393.985,503.708,109.044,890.653,268.792,10.000,7105.267,0.000,-999.000,-999.000,102.693,0.200,0.200,8.263,13.310,57.340,6.024,11.110,58.246,0.400,10.182,9.945,10.408,9.367,9.345,9.391,9.317,9.288,9.333,-999.000,-999.000,-999.000,8.750,9.253,15.903,15.256,16.417,-999.000,-999.000,-999.000,-999.000,-999.000,-999.000,9.501,9.476,9.521,2.915,1.585,3.246,41.078,0.565,0.622,0.689,0.718,0.607,0.668,0.688,0.738,0.483,,,,,,,,
2023-04-19,13,14.359,14.013,14.682,14.377,14.021,14.710,13.828,13.440,14.300,13.810,13.390,14.280,17.244,16.759,17.709,13.751,35.144,784.810,195.616,292.350,397.402,484.142,81.571,931.099,268.277,10.000,7979.750,0.000,-999.000,-999.000,102.634,0.200,0.200,7.830,12.280,56.556,5.745,10.850,56.605,0.401,10.657,10.410,10.900,9.397,9.369,9.434,9.286,9.271,9.304,-999.000,-999.000,-999.000,8.734,9.234,16.877,16.440,17.239,-999.000,-999.000,-999.000,-999.000,-999.000,-999.000,9.495,9.479,9.506,4.858,2.884,5.626,41.656,0.565,0.622,0.689,0.718,0.605,0.667,0.688,0.738,0.483,,,,,,,,
2023-04-19,14,14.672,14.346,14.977,14.704,14.387,15.015,14.222,13.890,14.710,14.196,13.860,14.700,17.166,16.551,17.938,14.139,35.684,711.412,181.068,295.240,396.988,428.596,82.139,899.422,271.895,10.000,7959.583,0.000,-999.000,-999.000,102.560,0.200,0.200,7.648,13.000,49.709,5.553,10.030,50.036,0.402,11.166,10.917,11.399,9.475,9.431,9.517,9.279,9.271,9.304,-999.000,-999.000,-999.000,8.731,9.232,17.378,17.259,17.519,-999.000,-999.000,-999.000,-999.000,-999.000,-999.000,9.499,9.481,9.505,6.580,4.010,7.679,39.474,0.564,0.621,0.689,0.718,0.604,0.666,0.688,0.737,0.483,,,,,,,,
2023-04-19,15,15.185,14.739,15.363,15.218,14.767,15.369,14.731,14.460,15.000,14.709,14.450,14.990,16.749,16.097,17.208,14.637,34.380,610.821,159.427,297.273,395.933,352.734,77.348,859.581,274.468,10.000,7954.417,0.000,-999.000,-999.000,102.471,0.200,0.200,6.685,11.570,46.123,4.844,9.140,46.358,0.403,11.653,11.418,11.853,9.589,9.526,9.677,9.284,9.268,9.313,-999.000,-999.000,-999.000,8.730,9.244,17.478,17.385,17.516,-999.000,-999.000,-999.000,-999.000,-999.000,-999.000,9.493,9.472,9.508,7.817,4.823,8.977,35.224,0.564,0.621,0.689,0.719,0.603,0.665,0.688,0.737,0.482,,,,,,,,
2023-04-19,16,14.751,14.426,15.082,14.785,14.458,15.134,14.360,14.020,14.730,14.345,14.020,14.730,14.915,13.872,16.067,14.284,37.260,464.703,127.150,296.710,387.050,247.213,73.190,788.400,276.322,10.000,7949.183,0.000,-999.000,-999.000,102.406,0.200,0.200,8.112,12.990,37.169,5.815,11.020,36.767,0.403,12.036,11.856,12.173,9.733,9.687,9.816,9.299,9.278,9.313,-999.000,-999.000,-999.000,8.744,9.242,16.927,16.293,17.389,-999.000,-999.000,-999.000,-999.000,-999.000,-999.000,9.493,9.463,9.515,8.413,5.288,9.362,27.459,0.564,0.621,0.689,0.720,0.602,0.664,0.687,0.737,0.482,,,,,,,,
2023-04-19,17,14.150,13.820,14.563,14.182,13.844,14.588,13.783,13.470,14.190,13.762,13.430,14.180,12.907,11.910,13.836,13.712,38.987,294.018,84.483,293.245,377.598,125.182,65.750,648.058,276.042,9.972,7960.317,0.000,-999.000,-999.000,102.376,0.200,0.200,7.937,14.330,52.069,5.632,11.160,52.935,0.404,12.276,12.176,12.317,9.890,9.819,9.957,9.321,9.296,9.342,-999.000,-999.000,-999.000,8.744,9.240,15.491,14.658,16.267,-999.000,-999.000,-999.000,-999.000,-999.000,-999.000,9.491,9.465,9.517,8.339,5.336,8.675,14.526,0.563,0.621,0.689,0.720,0.601,0.664,0.687,0.737,0.481,,,,,,,,
2023-04-19,18,13.243,12.662,13.797,13.265,12.666,13.832,12.916,12.210,13.510,12.901,12.190,13.500,10.833,9.606,11.860,12.849,40.544,132.682,40.381,290.645,367.967,14.979,45.444,443.762,276.030,9.889,7972.300,0.000,-999.000,-999.000,102.344,0.200,0.200,6.781,11.040,48.471,4.770,9.070,49.043,0.405,12.293,12.255,12.335,10.029,9.961,10.107,9.348,9.316,9.381,-999.000,-999.000,-999.000,8.741,9.235,13.737,12.856,14.621,-999.000,-999.000,-999.000,-999.000,-999.000,-999.000,9.483,9.469,9.500,7.568,4.922,6.966,1.312,0.563,0.621,0.689,0.719,0.600,0.665,0.687,0.737,0.479,,,,,,,,
2023-04-19,19,11.837,11.139,12.649,11.837,11.115,12.674,11.645,11.090,12.380,11.629,11.060,12.390,8.538,7.928,9.557,11.566,41.496,18.214,3.820,285.133,357.208,-55.647,10.190,95.484,271.150,3.139,7999.000,0.000,-999.000,-999.000,102.355,0.200,0.200,5.762,10.680,56.863,4.008,8.440,56.675,0.406,12.145,12.030,12.260,10.170,10.107,10.250,9.396,9.363,9.445,-999.000,-999.000,-999.000,8.749,9.245,11.847,10.919,12.810,-999.000,-999.000,-999.000,-999.000,-999.000,-999.000,9.493,9.449,9.516,6.272,4.182,4.864,-11.148,0.562,0.621,0.688,0.720,0.600,0.665,0.687,0.737,0.477,,,,,,,,
2023-04-19,20,10.488,9.743,11.202,10.483,9.735,11.228,10.385,9.700,11.200,10.374,9.690,11.230,7.263,6.603,7.974,10.311,37.801,0.000,0.000,276.052,351.212,-71.639,0.000,0.000,262.563,0.000,7944.300,0.000,-999.000,-999.000,102.409,0.200,0.200,6.259,10.830,58.536,4.298,7.910,59.070,0.407,11.891,11.740,12.037,10.266,10.210,10.321,9.440,9.386,9.462,-999.000,-999.000,-999.000,8.749,9.242,10.012,9.219,10.853,-999.000,-999.000,-999.000,-999.000,-999.000,-999.000,9.487,9.448,9.527,4.724,3.242,2.678,-20.020,0.561,0.621,0.688,0.720,0.599,0.665,0.687,0.737,0.475,,,,,,,,
2023-04-19,21,9.368,8.814,9.763,9.364,8.809,9.795,9.330,8.800,9.900,9.325,8.770,9.940,6.411,6.081,6.666,9.261,38.667,0.000,0.000,271.633,346.525,-71.552,0.000,0.000,258.297,0.000,7999.000,0.000,-999.000,-999.000,102.458,0.200,0.200,6.401,10.680,56.395,4.523,7.610,55.890,0.408,11.575,11.431,11.751,10.326,10.312,10.351,9.499,9.457,9.523,-999.000,-999.000,-999.000,8.752,9.242,8.564,7.955,9.193,-999.000,-999.000,-999.000,-999.000,-999.000,-999.000,9.489,9.454,9.530,3.017,2.152,0.423,-25.376,0.561,0.620,0.688,0.720,0.598,0.665,0.688,0.737,0.473,,,,,,,,
2023-04-19,22,8.253,7.705,8.843,8.250,7.715,8.869,8.266,7.617,8.960,8.263,7.610,8.970,5.420,4.895,6.034,8.200,39.882,0.000,0.000,270.613,341.505,-67.424,0.000,0.000,257.482,0.000,7999.000,0.000,-999.000,-999.000,102.457,0.200,0.200,5.642,9.130,49.862,3.887,7.140,49.303,0.408,11.254,11.090,11.425,10.347,10.308,10.377,9.541,9.483,9.577,-999.000,-999.000,-999.000,8.751,9.253,7.455,7.007,7.955,-999.000,-999.000,-999.000,-999.000,-999.000,-999.000,9.481,9.454,9.523,1.377,1.018,-1.635,-27.929,0.560,0.620,0.688,0.720,0.598,0.665,0.688,0.736,0.471,,,,,,,,
2023-04-19,23,7.390,7.036,7.679,7.399,7.022,7.695,7.379,7.018,7.815,7.390,7.025,7.842,4.480,4.131,4.875,7.343,40.946,0.000,0.000,266.327,337.535,-67.800,0.000,0.000,253.253,0.000,7999.000,0.000,-999.000,-999.000,102.440,0.200,0.200,5.562,9.940,43.008,3.740,7.580,42.373,0.409,10.919,10.745,11.097,10.321,10.275,10.360,9.577,9.542,9.615,-999.000,-999.000,-999.000,8.759,9.239,6.573,6.178,7.000,-999.000,-999.000,-999.000,-999.000,-999.000,-999.000,9.483,9.460,9.519,-0.024,-0.034,-3.361,-29.183,0.559,0.619,0.688,0.720,0.597,0.665,0.688,0.735,0.470,,,,,,,,
2023-04-19,24,6.559,5.354,7.384,6.554,5.351,7.380,6.414,5.141,7.328,6.424,5.154,7.342,3.831,3.107,4.636,6.371,45.893,0.000,0.000,266.867,331.977,-61.451,0.000,0.000,253.703,0.000,7999.000,0.000,-999.000,-999.000,102.411,0.200,0.200,4.674,7.890,42.404,2.875,6.360,40.936,0.410,10.621,10.476,10.752,10.283,10.241,10.310,9.606,9.562,9.663,-999.000,-999.000,-999.000,8.750,9.245,5.815,5.516,6.178,-999.000,-999.000,-999.000,-999.000,-999.000,-999.000,9.480,9.460,9.512,-1.157,-0.976,-4.770,-29.908,0.558,0.619,0.687,0.720,0.596,0.664,0.688,0.735,0.469,,,,,,,,
