2023-11-30,01,-1.950,-2.312,-1.605,-1.952,-2.307,-1.570,-1.927,-2.295,-1.562,-1.931,-2.326,-1.588,-2.596,-2.991,-1.718,-2.013,99.112,0.011,0.000,266.978,298.558,-25.824,0.000,0.000,261.905,0.000,3904.683,0.000,-999.000,-999.000,100.230,0.200,0.200,1.490,2.210,136.529,0.900,1.750,137.439,0.299,4.185,4.131,4.256,5.566,5.536,5.598,6.624,6.603,6.659,-999.000,-999.000,-999.000,11.945,12.758,0.890,0.853,0.935,-999.000,-999.000,-999.000,-999.000,-999.000,-999.000,8.165,8.135,8.204,-12.082,-8.387,-11.669,-16.091,0.681,0.681,0.681,0.739,0.691,0.694,0.677,0.738,0.577,,,,,,,,
2023-11-30,02,-1.789,-2.176,-1.327,-1.788,-2.205,-1.336,-1.588,-1.943,-1.336,-1.623,-2.006,-1.309,-1.135,-1.672,-0.889,-1.692,99.265,0.084,0.000,295.737,304.458,-0.574,0.000,0.000,284.085,0.000,2765.200,0.000,-999.000,-999.000,100.208,0.200,0.200,1.066,1.720,114.563,0.490,1.040,114.329,0.299,4.100,4.038,4.151,5.525,5.495,5.558,6.607,6.582,6.633,-999.000,-999.000,-999.000,11.940,12.747,0.847,0.809,0.869,-999.000,-999.000,-999.000,-999.000,-999.000,-999.000,8.150,8.108,8.197,-12.297,-8.596,-12.000,-15.809,0.681,0.681,0.681,0.739,0.691,0.694,0.677,0.738,0.577,,,,,,,,
2023-11-30,03,-1.110,-1.284,-0.834,-1.106,-1.263,-0.807,-1.069,-1.312,-0.867,-1.067,-1.300,-0.863,-1.521,-1.919,-1.279,-1.154,98.825,0.000,0.000,292.852,303.472,-3.195,0.000,0.000,274.777,0.000,5848.633,0.000,-999.000,-999.000,100.181,0.200,0.200,1.692,3.540,130.242,0.874,2.310,155.253,0.299,4.028,3.968,4.061,5.492,5.455,5.518,6.593,6.572,6.615,-999.000,-999.000,-999.000,11.922,12.730,0.802,0.780,0.833,-999.000,-999.000,-999.000,-999.000,-999.000,-999.000,8.139,8.103,8.186,-12.424,-8.817,-12.201,-15.459,0.681,0.681,0.681,0.739,0.691,0.693,0.677,0.738,0.576,,,,,,,,
2023-11-30,04,-0.660,-0.857,-0.454,-0.666,-0.873,-0.496,-0.623,-0.858,-0.443,-0.621,-0.853,-0.450,-1.691,-2.139,-1.216,-0.722,98.732,0.000,0.000,290.283,306.187,-9.879,0.000,0.000,270.517,0.000,6373.567,0.000,-999.000,-999.000,100.157,0.200,0.200,1.810,4.090,132.927,1.169,2.590,148.116,0.299,3.930,3.878,3.998,5.451,5.407,5.495,6.586,6.561,6.615,-999.000,-999.000,-999.000,11.929,12.745,0.813,0.793,0.836,-999.000,-999.000,-999.000,-999.000,-999.000,-999.000,8.137,8.096,8.192,-12.422,-8.988,-12.227,-15.158,0.681,0.681,0.681,0.739,0.691,0.693,0.677,0.738,0.576,,,,,,,,
2023-11-30,05,-1.314,-1.548,-0.887,-1.302,-1.541,-0.903,-1.259,-1.567,-0.876,-1.255,-1.553,-0.863,-2.189,-2.961,-1.364,-1.341,98.550,0.000,0.000,278.307,298.525,-14.175,0.000,0.000,254.558,0.000,5906.967,0.000,-999.000,-999.000,100.141,0.200,0.200,1.146,2.180,53.442,0.715,1.150,25.122,0.299,3.868,3.830,3.892,5.401,5.343,5.445,6.556,6.516,6.599,-999.000,-999.000,-999.000,11.925,12.737,0.771,0.730,0.819,-999.000,-999.000,-999.000,-999.000,-999.000,-999.000,8.116,8.057,8.159,-12.357,-9.104,-12.179,-14.907,0.681,0.681,0.681,0.739,0.691,0.693,0.677,0.738,0.576,,,,,,,,
2023-11-30,06,-1.723,-2.084,-1.096,-1.729,-2.105,-1.128,-1.689,-2.084,-1.067,-1.694,-2.081,-1.051,-2.417,-3.030,-1.464,-1.759,98.850,0.065,0.000,288.087,300.420,-5.935,0.000,0.000,268.310,0.000,5284.950,0.000,-999.000,-999.000,100.128,0.200,0.200,1.383,3.040,213.373,0.974,2.310,241.063,0.299,3.800,3.760,3.836,5.342,5.317,5.373,6.513,6.481,6.550,-999.000,-999.000,-999.000,11.923,12.741,0.725,0.687,0.760,-999.000,-999.000,-999.000,-999.000,-999.000,-999.000,8.087,8.045,8.127,-12.350,-9.159,-12.182,-14.716,0.681,0.681,0.681,0.739,0.691,0.693,0.677,0.738,0.576,,,,,,,,
2023-11-30,07,-0.619,-1.086,-0.226,-0.621,-1.095,-0.232,-0.563,-1.041,-0.204,-0.567,-1.031,-0.210,-0.942,-1.437,-0.632,-0.663,98.995,0.623,0.000,311.483,310.537,8.916,0.000,0.000,308.210,0.000,5684.383,0.000,-999.000,-999.000,100.163,0.200,0.200,1.265,2.010,338.485,0.842,1.820,329.190,0.299,3.740,3.696,3.796,5.299,5.255,5.357,6.494,6.458,6.526,-999.000,-999.000,-999.000,11.917,12.733,0.716,0.684,0.750,-999.000,-999.000,-999.000,-999.000,-999.000,-999.000,8.077,8.025,8.116,-12.426,-9.208,-12.371,-14.485,0.681,0.681,0.681,0.739,0.691,0.693,0.677,0.738,0.576,,,,,,,,
2023-11-30,08,-0.042,-0.216,0.068,-0.049,-0.278,0.059,0.010,-0.183,0.104,0.008,-0.200,0.083,-0.383,-0.618,-0.064,-0.092,98.748,1.205,0.000,315.028,314.398,8.061,1.084,0.000,313.012,0.000,3376.567,0.800,-999.000,-999.000,100.204,0.200,0.200,1.632,2.440,13.149,1.065,1.940,13.346,0.299,3.681,3.642,3.709,5.239,5.207,5.271,6.466,6.442,6.494,-999.000,-999.000,-999.000,11.915,12.736,0.749,0.713,0.796,-999.000,-999.000,-999.000,-999.000,-999.000,-999.000,8.055,7.992,8.087,-12.406,-9.293,-12.413,-14.180,0.681,0.681,0.681,0.739,0.691,0.693,0.677,0.738,0.576,,,,,,,,
2023-11-30,09,0.141,0.025,0.236,0.157,0.032,0.270,0.220,0.106,0.348,0.223,0.089,0.312,0.082,-0.133,0.394,0.127,98.945,16.954,0.762,314.587,315.607,16.647,17.294,0.000,324.505,0.000,5005.750,0.710,-999.000,-999.000,100.203,0.200,0.200,1.323,2.800,92.183,0.906,2.320,96.392,0.298,3.612,3.578,3.658,5.191,5.139,5.234,6.445,6.388,6.479,-999.000,-999.000,-999.000,11.907,12.728,0.884,0.782,0.997,-999.000,-999.000,-999.000,-999.000,-999.000,-999.000,8.048,7.990,8.095,-12.326,-9.379,-12.461,-12.267,0.681,0.681,0.681,0.739,0.691,0.693,0.677,0.737,0.576,,,,,,,,
2023-11-30,10,0.321,0.223,0.448,0.334,0.250,0.498,0.354,0.321,0.470,0.334,0.287,0.451,0.323,0.055,0.596,0.251,98.665,54.610,8.328,311.192,315.698,41.775,56.731,0.196,328.373,0.000,5021.883,0.050,-999.000,-999.000,100.193,0.200,0.200,1.301,2.780,15.240,0.863,2.090,2.811,0.298,3.550,3.518,3.605,5.141,5.115,5.176,6.392,6.357,6.427,-999.000,-999.000,-999.000,11.912,12.741,1.179,1.003,1.389,-999.000,-999.000,-999.000,-999.000,-999.000,-999.000,8.010,7.972,8.049,-12.251,-9.439,-12.727,-9.242,0.681,0.681,0.681,0.739,0.691,0.693,0.677,0.737,0.576,,,,,,,,
2023-11-30,11,0.608,0.408,1.160,0.606,0.418,1.082,0.624,0.349,1.168,0.610,0.326,1.159,0.652,0.088,1.142,0.521,98.940,132.715,29.748,305.810,317.095,91.682,109.668,55.109,330.890,2.028,6213.417,0.030,-999.000,-999.000,100.184,0.200,0.200,0.770,2.390,27.070,0.609,1.820,18.060,0.298,3.515,3.476,3.538,5.097,5.052,5.132,6.359,6.332,6.380,-999.000,-999.000,-999.000,11.889,12.717,1.354,1.270,1.415,-999.000,-999.000,-999.000,-999.000,-999.000,-999.000,7.996,7.967,8.033,-11.905,-9.435,-12.445,-8.645,0.681,0.681,0.681,0.739,0.690,0.693,0.677,0.737,0.575,,,,,,,,
2023-11-30,12,1.049,0.886,1.265,1.049,0.893,1.269,1.109,0.927,1.371,1.106,0.930,1.383,1.017,0.671,1.343,0.992,98.232,116.578,20.536,317.348,320.507,92.884,114.226,2.734,337.317,0.000,5528.617,0.000,-999.000,-999.000,100.191,0.200,0.200,0.773,2.760,292.429,0.859,2.460,298.610,0.298,3.490,3.471,3.538,5.040,5.004,5.102,6.324,6.287,6.368,-999.000,-999.000,-999.000,11.884,12.705,1.239,1.084,1.394,-999.000,-999.000,-999.000,-999.000,-999.000,-999.000,7.978,7.937,8.022,-11.355,-9.363,-11.800,-9.296,0.681,0.681,0.681,0.738,0.690,0.693,0.676,0.737,0.576,,,,,,,,
2023-11-30,13,1.091,0.889,1.335,1.084,0.867,1.306,1.152,0.930,1.414,1.145,0.943,1.436,1.167,0.638,1.742,1.019,98.848,53.130,4.384,320.792,321.808,47.843,52.442,0.000,332.407,0.000,5339.283,0.000,-999.000,-999.000,100.179,0.200,0.200,0.932,1.430,294.999,0.748,1.320,297.352,0.298,3.525,3.471,3.548,5.020,4.986,5.062,6.295,6.256,6.352,-999.000,-999.000,-999.000,11.887,12.711,1.004,0.943,1.108,-999.000,-999.000,-999.000,-999.000,-999.000,-999.000,7.964,7.920,8.012,-10.672,-9.247,-10.920,-11.292,0.681,0.681,0.680,0.737,0.691,0.693,0.676,0.737,0.577,,,,,,,,
2023-11-30,14,1.462,1.345,1.570,1.456,1.329,1.563,1.521,1.432,1.621,1.517,1.438,1.622,1.934,1.660,2.089,1.432,97.812,44.571,2.373,322.303,325.125,39.386,44.117,0.000,336.165,0.000,7023.683,0.000,-999.000,-999.000,100.177,0.200,0.200,1.025,2.570,7.926,0.764,2.250,18.086,0.298,3.562,3.525,3.591,4.969,4.946,4.989,6.247,6.220,6.286,-999.000,-999.000,-999.000,11.882,12.703,1.049,1.022,1.091,-999.000,-999.000,-999.000,-999.000,-999.000,-999.000,7.936,7.913,7.966,-9.866,-9.081,-10.004,-10.976,0.681,0.681,0.681,0.737,0.691,0.693,0.676,0.736,0.578,,,,,,,,
2023-11-30,15,1.266,0.860,1.550,1.269,0.890,1.547,1.270,0.890,1.547,1.269,0.902,1.537,1.622,1.057,2.003,1.201,97.382,24.097,0.050,320.217,323.528,22.603,24.193,0.000,329.188,0.000,7053.300,0.000,-999.000,-999.000,100.189,0.200,0.200,2.149,3.380,347.919,1.504,2.890,347.949,0.298,3.596,3.562,3.655,4.945,4.913,4.971,6.241,6.212,6.275,-999.000,-999.000,-999.000,11.884,12.725,1.084,1.029,1.115,-999.000,-999.000,-999.000,-999.000,-999.000,-999.000,7.933,7.887,7.978,-8.876,-8.855,-9.069,-11.288,0.681,0.681,0.681,0.737,0.691,0.693,0.676,0.736,0.578,,,,,,,,
2023-11-30,16,0.572,0.368,0.880,0.580,0.349,0.907,0.596,0.374,0.878,0.594,0.367,0.897,0.500,0.157,1.053,0.520,97.992,3.076,0.000,314.203,317.742,5.206,3.350,0.000,321.057,0.000,6677.217,0.000,-999.000,-999.000,100.204,0.200,0.200,2.581,3.970,359.613,1.877,3.670,359.841,0.299,3.662,3.622,3.699,4.939,4.907,4.989,6.213,6.178,6.250,-999.000,-999.000,-999.000,11.877,12.710,0.996,0.934,1.049,-999.000,-999.000,-999.000,-999.000,-999.000,-999.000,7.926,7.885,7.973,-7.993,-8.573,-8.270,-11.720,0.681,0.681,0.681,0.737,0.691,0.693,0.676,0.736,0.578,,,,,,,,
2023-11-30,17,0.188,-0.074,0.431,0.194,-0.060,0.442,0.167,-0.074,0.411,0.165,-0.076,0.409,0.487,0.154,0.899,0.096,97.957,0.000,0.000,315.683,317.855,4.165,0.000,0.000,321.348,0.000,5610.850,0.000,-999.000,-999.000,100.227,0.200,0.200,1.640,2.880,359.127,1.307,2.660,359.535,0.299,3.703,3.663,3.730,4.924,4.903,4.950,6.177,6.145,6.208,-999.000,-999.000,-999.000,11.881,12.729,0.911,0.878,0.944,-999.000,-999.000,-999.000,-999.000,-999.000,-999.000,7.896,7.860,7.932,-7.577,-8.304,-7.901,-12.256,0.681,0.681,0.680,0.736,0.691,0.693,0.676,0.736,0.578,,,,,,,,
2023-11-30,18,-0.300,-0.682,-0.048,-0.290,-0.671,-0.021,-0.288,-0.622,-0.026,-0.295,-0.634,-0.050,0.355,0.018,0.615,-0.412,99.085,0.000,0.000,314.642,316.213,4.696,0.000,0.000,317.495,0.000,1073.000,0.000,-999.000,-999.000,100.230,0.200,0.200,1.443,3.230,36.731,1.147,2.850,31.260,0.299,3.740,3.710,3.773,4.914,4.892,4.931,6.153,6.127,6.179,-999.000,-999.000,-999.000,11.882,12.721,0.861,0.842,0.878,-999.000,-999.000,-999.000,-999.000,-999.000,-999.000,7.881,7.848,7.924,-7.593,-8.133,-7.860,-12.031,0.680,0.681,0.680,0.736,0.691,0.693,0.676,0.736,0.578,,,,,,,,
2023-11-30,19,-0.799,-1.059,-0.613,-0.798,-1.077,-0.618,-0.790,-1.060,-0.602,-0.796,-1.088,-0.612,-0.025,-0.509,0.299,-0.927,99.633,0.000,0.000,311.790,314.487,3.335,0.000,0.000,310.213,0.000,893.333,0.000,-999.000,-999.000,100.259,0.200,0.200,1.287,3.480,26.998,1.077,3.120,34.180,0.299,3.766,3.734,3.804,4.922,4.895,4.946,6.150,6.112,6.171,-999.000,-999.000,-999.000,11.872,12.711,0.839,0.819,0.861,-999.000,-999.000,-999.000,-999.000,-999.000,-999.000,7.884,7.856,7.943,-7.704,-8.039,-7.886,-11.865,0.681,0.681,0.680,0.736,0.691,0.694,0.676,0.736,0.578,,,,,,,,
2023-11-30,20,-0.987,-1.092,-0.880,-0.975,-1.104,-0.896,-1.004,-1.161,-0.874,-1.009,-1.151,-0.882,-0.185,-0.440,0.144,-1.114,99.712,0.000,0.000,310.898,314.238,2.495,0.000,0.000,306.430,0.000,1562.717,0.000,-999.000,-999.000,100.289,0.200,0.200,1.637,3.250,83.057,1.356,3.520,83.448,0.299,3.797,3.778,3.814,4.915,4.887,4.943,6.107,6.086,6.138,-999.000,-999.000,-999.000,11.872,12.708,0.796,0.773,0.832,-999.000,-999.000,-999.000,-999.000,-999.000,-999.000,7.856,7.827,7.893,-7.825,-7.974,-7.925,-11.820,0.681,0.681,0.680,0.736,0.691,0.694,0.676,0.736,0.578,,,,,,,,
2023-11-30,21,-1.085,-1.260,-0.950,-1.068,-1.253,-0.942,-1.055,-1.226,-0.920,-1.072,-1.254,-0.956,-0.037,-0.209,0.286,-1.174,99.585,0.003,0.000,310.603,313.940,3.202,0.000,0.000,306.975,0.000,2402.383,0.000,-999.000,-999.000,100.311,0.200,0.200,1.347,2.880,115.621,1.202,2.570,113.772,0.299,3.792,3.771,3.824,4.902,4.877,4.930,6.103,6.086,6.126,-999.000,-999.000,-999.000,11.858,12.696,0.766,0.733,0.796,-999.000,-999.000,-999.000,-999.000,-999.000,-999.000,7.849,7.795,7.888,-7.998,-7.928,-8.030,-11.800,0.681,0.681,0.680,0.736,0.691,0.694,0.676,0.736,0.578,,,,,,,,
2023-11-30,22,-0.910,-1.059,-0.771,-0.898,-1.045,-0.780,-0.866,-0.984,-0.732,-0.874,-1.024,-0.736,-0.039,-0.401,0.140,-0.985,99.080,0.000,0.000,311.258,314.142,3.652,0.000,0.000,307.010,0.000,6027.800,0.000,-999.000,-999.000,100.344,0.200,0.200,1.306,3.350,123.811,1.030,2.760,125.874,0.300,3.791,3.778,3.817,4.897,4.873,4.923,6.083,6.059,6.103,-999.000,-999.000,-999.000,11.853,12.695,0.744,0.730,0.763,-999.000,-999.000,-999.000,-999.000,-999.000,-999.000,7.828,7.782,7.871,-8.163,-7.904,-8.110,-11.646,0.681,0.681,0.680,0.736,0.691,0.694,0.676,0.736,0.578,,,,,,,,
2023-11-30,23,-0.804,-0.913,-0.725,-0.789,-0.939,-0.691,-0.828,-0.927,-0.754,-0.839,-0.948,-0.769,-0.214,-0.467,0.177,-0.926,98.268,0.000,0.000,311.528,314.218,3.584,0.000,0.000,306.737,0.000,6629.517,0.000,-999.000,-999.000,100.378,0.200,0.200,1.614,3.900,60.423,1.350,3.370,60.253,0.300,3.801,3.778,3.821,4.900,4.880,4.923,6.051,6.029,6.079,-999.000,-999.000,-999.000,11.865,12.703,0.723,0.700,0.746,-999.000,-999.000,-999.000,-999.000,-999.000,-999.000,7.802,7.761,7.847,-8.286,-7.882,-8.138,-11.358,0.681,0.681,0.680,0.736,0.691,0.694,0.676,0.736,0.578,,,,,,,,
2023-11-30,24,-0.995,-1.214,-0.867,-0.975,-1.177,-0.860,-1.023,-1.230,-0.897,-1.032,-1.227,-0.904,-0.472,-0.724,-0.100,-1.123,97.847,0.000,0.000,310.482,313.363,2.757,0.000,0.000,304.447,0.000,6631.017,0.000,-999.000,-999.000,100.413,0.200,0.200,2.379,4.390,27.359,1.837,3.850,26.393,0.300,3.786,3.764,3.811,4.894,4.867,4.916,6.035,6.019,6.046,-999.000,-999.000,-999.000,11.855,12.699,0.703,0.677,0.723,-999.000,-999.000,-999.000,-999.000,-999.000,-999.000,7.786,7.751,7.827,-8.368,-7.852,-8.165,-11.324,0.681,0.681,0.680,0.736,0.691,0.694,0.676,0.736,0.578,,,,,,,,
