2023-05-08,01,12.691,12.275,12.926,12.686,12.284,12.915,12.747,12.240,13.030,12.726,12.210,12.990,11.723,10.866,12.235,12.667,98.427,0.000,0.000,354.905,375.770,-13.212,0.000,0.000,348.062,0.000,1708.567,0.000,-999.000,-999.000,102.052,0.200,0.200,0.719,1.380,15.067,0.472,1.020,20.639,0.499,13.558,13.495,13.623,12.571,12.564,12.585,11.626,11.620,11.643,-999.000,-999.000,-999.000,9.343,9.563,14.545,14.368,14.697,-999.000,-999.000,-999.000,-999.000,-999.000,-999.000,11.915,11.905,11.922,1.559,4.898,3.168,-11.459,0.529,0.618,0.695,0.723,0.570,0.672,0.692,0.740,0.466,,,,,,,,
2023-05-08,02,11.797,11.389,12.292,11.795,11.388,12.297,11.782,11.300,12.290,11.775,11.300,12.300,10.187,9.764,10.892,11.713,98.725,0.000,0.000,337.580,366.717,-22.055,0.000,0.000,331.437,0.000,1247.350,0.000,-999.000,-999.000,102.034,0.200,0.200,0.782,1.330,289.045,0.595,1.160,262.504,0.499,13.456,13.393,13.514,12.569,12.540,12.595,11.671,11.626,11.702,-999.000,-999.000,-999.000,9.346,9.556,14.053,13.748,14.352,-999.000,-999.000,-999.000,-999.000,-999.000,-999.000,11.945,11.916,11.983,0.697,4.269,2.481,-12.952,0.529,0.617,0.695,0.723,0.570,0.672,0.692,0.740,0.465,,,,,,,,
2023-05-08,03,11.350,11.093,11.745,11.344,11.115,11.747,11.378,11.140,11.790,11.364,11.090,11.780,10.473,9.685,11.303,11.307,98.915,0.000,0.000,355.007,370.493,-9.124,0.000,0.000,348.058,0.000,2432.217,0.030,-999.000,-999.000,102.048,0.200,0.200,1.333,2.690,312.361,0.737,2.010,325.728,0.500,13.325,13.263,13.421,12.554,12.521,12.575,11.688,11.657,11.708,-999.000,-999.000,-999.000,9.342,9.559,13.549,13.466,13.739,-999.000,-999.000,-999.000,-999.000,-999.000,-999.000,11.972,11.940,11.998,-0.387,3.620,1.449,-14.850,0.528,0.616,0.695,0.723,0.569,0.671,0.693,0.740,0.465,,,,,,,,
2023-05-08,04,11.700,11.539,11.922,11.686,11.516,11.904,11.726,11.490,11.950,11.707,11.480,11.940,11.435,11.176,11.758,11.646,99.072,0.354,0.000,361.748,375.037,-6.342,0.632,0.000,355.848,0.000,5272.517,0.000,-999.000,-999.000,102.054,0.200,0.200,1.402,2.850,343.239,0.861,2.070,340.140,0.500,13.174,13.111,13.260,12.515,12.499,12.534,11.704,11.677,11.730,-999.000,-999.000,-999.000,9.364,9.557,13.431,13.390,13.469,-999.000,-999.000,-999.000,-999.000,-999.000,-999.000,11.987,11.950,12.009,-1.324,2.954,0.556,-13.253,0.528,0.616,0.695,0.723,0.568,0.671,0.693,0.740,0.464,,,,,,,,
2023-05-08,05,11.631,11.425,12.437,11.624,11.396,12.459,11.805,11.420,12.620,11.751,11.410,12.510,11.789,11.179,12.655,11.667,98.895,39.592,5.922,347.972,375.483,8.517,30.887,29.078,343.312,1.583,7981.633,0.000,-999.000,-999.000,102.058,0.200,0.200,0.340,0.760,39.289,0.210,0.540,11.404,0.500,13.075,13.026,13.116,12.474,12.419,12.523,11.720,11.699,11.742,-999.000,-999.000,-999.000,9.353,9.570,13.351,13.330,13.394,-999.000,-999.000,-999.000,-999.000,-999.000,-999.000,12.012,11.998,12.033,-1.577,2.519,0.316,-11.546,0.527,0.615,0.695,0.723,0.568,0.671,0.693,0.740,0.464,,,,,,,,
2023-05-08,06,12.945,12.252,13.723,12.974,12.258,13.811,13.017,12.350,13.960,12.978,12.320,13.760,14.647,12.601,16.542,12.873,96.988,172.427,42.164,351.285,392.728,88.821,112.993,153.944,345.470,8.000,7146.383,0.030,-999.000,-999.000,102.120,0.200,0.200,0.864,2.990,175.689,0.697,2.580,195.708,0.500,12.993,12.951,13.036,12.425,12.387,12.471,11.722,11.702,11.745,-999.000,-999.000,-999.000,9.351,9.558,13.645,13.327,14.318,-999.000,-999.000,-999.000,-999.000,-999.000,-999.000,12.024,11.994,12.053,-1.579,2.274,0.346,-7.753,0.527,0.615,0.695,0.723,0.568,0.670,0.692,0.740,0.464,,,,,,,,
2023-05-08,07,14.153,13.307,15.144,14.435,13.467,15.229,14.660,13.640,15.390,14.535,13.630,15.270,16.308,14.632,17.993,14.389,88.868,251.509,58.058,351.947,400.757,144.640,187.106,141.160,348.052,4.667,7808.133,0.000,-999.000,-999.000,102.151,0.200,0.200,2.002,3.390,144.587,1.572,2.920,144.992,0.501,12.950,12.921,12.970,12.386,12.359,12.405,11.730,11.709,11.745,-999.000,-999.000,-999.000,9.351,9.560,14.912,14.357,15.687,-999.000,-999.000,-999.000,-999.000,-999.000,-999.000,12.049,12.022,12.074,-1.038,2.198,0.991,3.500,0.527,0.615,0.695,0.723,0.568,0.670,0.692,0.740,0.464,,,,,,,,
2023-05-08,08,15.560,15.170,15.983,15.586,15.248,15.998,15.705,15.370,16.180,15.667,15.300,16.160,18.146,17.121,19.636,15.572,86.722,243.776,50.751,380.290,409.965,163.349,233.548,6.624,377.625,0.083,7999.000,0.000,-999.000,-999.000,102.163,0.200,0.200,1.665,3.550,208.996,1.336,3.100,207.412,0.501,12.960,12.946,12.996,12.343,12.308,12.371,11.727,11.698,11.741,-999.000,-999.000,-999.000,9.347,9.556,16.425,15.720,17.094,-999.000,-999.000,-999.000,-999.000,-999.000,-999.000,12.066,12.038,12.083,0.984,2.431,2.478,13.998,0.527,0.615,0.695,0.724,0.568,0.671,0.692,0.740,0.465,,,,,,,,
2023-05-08,09,16.367,15.880,16.691,16.372,15.895,16.702,16.489,16.000,16.820,16.447,16.000,16.790,19.496,18.539,20.540,16.396,84.675,295.529,61.834,378.280,417.358,194.617,274.380,14.787,375.892,1.111,7961.200,0.000,-999.000,-999.000,102.164,0.200,0.200,1.281,3.820,201.581,1.051,2.840,197.185,0.501,13.043,12.973,13.093,12.318,12.301,12.347,11.721,11.705,11.734,-999.000,-999.000,-999.000,9.364,9.573,17.726,17.114,18.394,-999.000,-999.000,-999.000,-999.000,-999.000,-999.000,12.094,12.072,12.122,4.370,2.960,4.450,20.795,0.528,0.615,0.695,0.725,0.568,0.671,0.692,0.740,0.466,,,,,,,,
2023-05-08,10,17.062,16.585,17.485,17.064,16.599,17.459,17.180,16.610,17.670,17.148,16.580,17.640,21.036,19.520,22.438,17.059,83.235,347.524,76.846,393.017,422.513,241.181,334.699,1.737,392.650,0.000,7970.250,0.000,-999.000,-999.000,102.165,0.200,0.200,1.774,3.770,228.507,1.457,3.530,227.171,0.501,13.176,13.103,13.250,12.305,12.281,12.334,11.721,11.695,11.750,-999.000,-999.000,-999.000,9.359,9.570,18.994,18.394,19.643,-999.000,-999.000,-999.000,-999.000,-999.000,-999.000,12.117,12.084,12.144,8.214,3.740,6.463,27.079,0.528,0.615,0.694,0.726,0.569,0.672,0.692,0.740,0.467,,,,,,,,
2023-05-08,11,17.892,17.451,18.257,17.891,17.450,18.262,17.951,17.490,18.310,17.911,17.470,18.250,21.839,21.032,22.567,17.863,79.750,410.076,91.713,394.025,427.930,284.458,393.149,3.267,393.608,0.000,7969.800,0.000,-999.000,-999.000,102.176,0.200,0.200,2.197,3.930,208.394,1.825,3.750,206.373,0.502,13.361,13.257,13.446,12.306,12.289,12.325,11.721,11.691,11.747,-999.000,-999.000,-999.000,9.366,9.569,20.275,19.652,20.884,-999.000,-999.000,-999.000,-999.000,-999.000,-999.000,12.133,12.098,12.157,11.980,4.679,8.505,33.850,0.529,0.616,0.694,0.727,0.569,0.673,0.692,0.741,0.468,,,,,,,,
2023-05-08,12,18.797,18.008,19.375,18.802,18.005,19.380,18.986,18.080,19.570,18.939,18.030,19.530,24.164,21.710,27.430,18.798,77.500,558.847,129.242,390.088,433.837,385.857,459.030,92.111,390.345,0.139,7941.633,0.000,-999.000,-999.000,102.149,0.200,0.200,2.612,5.630,243.462,2.207,4.530,240.938,0.502,13.552,13.442,13.662,12.307,12.287,12.341,11.705,11.684,11.736,-999.000,-999.000,-999.000,9.359,9.567,21.412,20.874,22.184,-999.000,-999.000,-999.000,-999.000,-999.000,-999.000,12.145,12.118,12.169,15.668,5.784,10.772,38.447,0.529,0.617,0.694,0.728,0.570,0.674,0.692,0.741,0.469,,,,,,,,
2023-05-08,13,19.352,19.038,19.761,19.351,19.028,19.759,19.441,19.000,20.080,19.401,18.950,20.010,24.795,22.667,27.006,19.269,74.029,496.767,113.546,389.467,434.760,337.928,415.845,76.029,388.862,0.056,7980.133,0.000,-999.000,-999.000,102.120,0.200,0.200,2.758,4.680,241.089,2.179,4.570,239.222,0.502,13.786,13.663,13.931,12.350,12.316,12.379,11.713,11.694,11.736,-999.000,-999.000,-999.000,9.371,9.565,22.968,22.243,23.266,-999.000,-999.000,-999.000,-999.000,-999.000,-999.000,12.165,12.136,12.179,19.530,6.993,12.722,47.729,0.530,0.618,0.694,0.729,0.571,0.674,0.692,0.741,0.470,,,,,,,,
2023-05-08,14,20.357,19.565,21.013,20.355,19.589,20.997,20.387,19.660,20.980,20.344,19.590,20.920,26.073,24.414,28.023,20.242,66.971,555.859,126.099,374.938,442.928,361.770,372.571,202.444,372.410,4.194,7996.517,0.000,-999.000,-999.000,102.079,0.200,0.200,1.804,5.360,233.106,1.466,3.860,237.512,0.502,14.049,13.923,14.197,12.394,12.367,12.427,11.716,11.690,11.739,-999.000,-999.000,-999.000,9.373,9.559,23.745,23.059,24.373,-999.000,-999.000,-999.000,-999.000,-999.000,-999.000,12.176,12.161,12.200,23.584,8.363,14.468,48.217,0.530,0.619,0.694,0.728,0.571,0.675,0.692,0.742,0.472,,,,,,,,
2023-05-08,15,20.473,20.015,21.138,20.457,19.984,21.118,20.548,20.050,21.200,20.505,20.000,21.160,24.658,22.668,26.920,20.435,67.043,436.675,102.383,381.953,435.175,281.071,329.208,142.751,378.873,4.389,7974.783,0.000,-999.000,-999.000,102.034,0.200,0.200,2.643,5.350,245.194,2.051,4.530,243.829,0.503,14.310,14.206,14.427,12.456,12.403,12.519,11.724,11.693,11.750,-999.000,-999.000,-999.000,9.374,9.563,23.940,23.685,24.351,-999.000,-999.000,-999.000,-999.000,-999.000,-999.000,12.200,12.165,12.227,26.094,9.629,15.768,47.090,0.530,0.620,0.694,0.728,0.572,0.675,0.692,0.742,0.473,,,,,,,,
2023-05-08,16,20.218,19.796,20.522,20.201,19.788,20.506,20.216,19.820,20.480,20.182,19.780,20.450,23.580,22.268,24.476,20.127,67.987,288.855,64.349,371.490,428.125,167.871,248.573,53.461,368.447,0.861,7935.583,0.000,-999.000,-999.000,102.012,0.200,0.200,2.375,4.650,244.510,1.825,3.800,243.793,0.503,14.527,14.413,14.617,12.540,12.512,12.569,11.734,11.717,11.753,-999.000,-999.000,-999.000,9.377,9.563,23.676,23.271,24.061,-999.000,-999.000,-999.000,-999.000,-999.000,-999.000,12.212,12.176,12.231,26.459,10.641,16.367,40.579,0.530,0.621,0.695,0.728,0.573,0.676,0.692,0.743,0.473,,,,,,,,
2023-05-08,17,19.206,18.676,19.784,19.187,18.681,19.761,19.181,18.670,19.770,19.162,18.660,19.760,20.358,19.253,21.994,19.090,74.609,160.204,32.178,371.330,415.237,84.119,154.961,1.689,367.375,0.000,7909.200,0.000,-999.000,-999.000,101.998,0.200,0.200,3.351,5.390,271.653,2.414,4.420,272.090,0.503,14.692,14.617,14.747,12.621,12.550,12.689,11.751,11.712,11.785,-999.000,-999.000,-999.000,9.371,9.572,22.513,21.780,23.275,-999.000,-999.000,-999.000,-999.000,-999.000,-999.000,12.215,12.180,12.249,25.164,11.283,16.188,28.109,0.530,0.622,0.695,0.727,0.573,0.677,0.692,0.743,0.473,,,,,,,,
2023-05-08,18,18.640,18.067,18.842,18.625,18.042,18.829,18.642,18.050,18.890,18.627,18.030,18.860,19.602,18.178,20.371,18.562,77.263,142.041,30.993,369.425,411.970,68.503,131.239,23.538,365.165,0.000,7922.767,0.000,-999.000,-999.000,101.987,0.200,0.200,2.818,4.890,283.353,1.950,4.500,283.226,0.503,14.776,14.747,14.811,12.717,12.679,12.792,11.771,11.752,11.806,-999.000,-999.000,-999.000,9.377,9.574,21.278,20.856,21.765,-999.000,-999.000,-999.000,-999.000,-999.000,-999.000,12.237,12.211,12.256,22.115,11.556,15.028,16.339,0.530,0.623,0.695,0.727,0.573,0.678,0.692,0.743,0.472,,,,,,,,
2023-05-08,19,17.129,16.540,17.984,17.123,16.552,17.979,17.146,16.530,18.020,17.123,16.490,18.010,16.669,15.668,18.092,17.057,82.832,30.186,1.688,365.507,399.947,-4.076,28.914,0.000,360.393,0.000,7898.717,0.000,-999.000,-999.000,101.987,0.200,0.200,2.627,4.390,261.021,1.855,3.830,258.152,0.503,14.785,14.762,14.820,12.806,12.762,12.863,11.811,11.774,11.844,-999.000,-999.000,-999.000,9.378,9.570,20.162,19.437,20.850,-999.000,-999.000,-999.000,-999.000,-999.000,-999.000,12.246,12.218,12.271,18.684,11.485,13.539,8.360,0.529,0.623,0.695,0.727,0.573,0.678,0.693,0.743,0.472,,,,,,,,
2023-05-08,20,15.933,15.333,16.530,15.914,15.328,16.532,15.938,15.310,16.510,15.928,15.330,16.500,14.786,13.910,15.688,15.864,86.793,0.479,0.000,356.932,390.037,-25.488,0.410,0.000,351.220,0.000,7999.000,0.000,-999.000,-999.000,101.961,0.200,0.200,2.179,3.960,273.632,1.174,2.480,278.416,0.504,14.751,14.697,14.782,12.871,12.820,12.917,11.845,11.818,11.870,-999.000,-999.000,-999.000,9.380,9.574,18.798,18.182,19.400,-999.000,-999.000,-999.000,-999.000,-999.000,-999.000,12.258,12.219,12.280,15.041,11.100,11.731,-1.351,0.529,0.623,0.696,0.727,0.572,0.678,0.693,0.743,0.471,,,,,,,,
2023-05-08,21,15.050,14.875,15.290,15.057,14.870,15.285,15.070,14.740,15.350,15.068,14.740,15.360,13.861,13.217,14.506,15.022,89.132,0.000,0.000,367.792,385.988,-11.650,0.001,0.000,361.735,0.000,7999.000,0.000,-999.000,-999.000,101.971,0.200,0.200,1.516,3.170,299.930,0.963,3.130,309.462,0.504,14.671,14.613,14.715,12.948,12.913,12.993,11.872,11.847,11.893,-999.000,-999.000,-999.000,9.383,9.570,17.648,17.308,18.156,-999.000,-999.000,-999.000,-999.000,-999.000,-999.000,12.266,12.247,12.288,11.262,10.311,9.690,-7.872,0.528,0.623,0.696,0.726,0.572,0.677,0.693,0.743,0.469,,,,,,,,
2023-05-08,22,14.974,14.632,15.228,14.967,14.627,15.225,14.992,14.680,15.260,14.986,14.680,15.270,14.172,13.565,14.602,14.941,87.698,0.000,0.000,372.893,388.288,-8.905,0.000,0.000,366.882,0.000,7999.000,0.000,-999.000,-999.000,101.957,0.200,0.200,1.706,3.530,304.215,1.072,2.590,306.152,0.504,14.562,14.477,14.616,12.975,12.958,13.003,11.903,11.883,11.937,-999.000,-999.000,-999.000,9.379,9.570,17.084,16.803,17.301,-999.000,-999.000,-999.000,-999.000,-999.000,-999.000,12.270,12.250,12.284,8.025,9.196,7.756,-8.642,0.528,0.622,0.696,0.726,0.571,0.676,0.694,0.742,0.468,,,,,,,,
2023-05-08,23,14.526,14.362,14.630,14.511,14.347,14.611,14.536,14.380,14.680,14.527,14.330,14.690,13.953,13.691,14.281,14.505,90.063,0.000,0.000,372.657,386.008,-5.978,0.000,0.000,366.582,0.000,7999.000,0.000,-999.000,-999.000,101.893,0.200,0.200,0.722,1.920,237.048,0.517,1.210,180.206,0.504,14.442,14.386,14.481,13.001,13.000,13.003,11.947,11.913,11.974,-999.000,-999.000,-999.000,9.383,9.571,16.573,16.391,16.789,-999.000,-999.000,-999.000,-999.000,-999.000,-999.000,12.290,12.274,12.312,5.953,8.189,6.388,-9.327,0.527,0.621,0.696,0.725,0.570,0.676,0.694,0.742,0.467,,,,,,,,
2023-05-08,24,13.783,13.321,14.399,13.780,13.330,14.398,13.758,13.330,14.370,13.746,13.330,14.340,13.126,12.711,13.691,13.696,93.752,0.000,0.000,363.633,382.350,-11.412,0.000,0.000,357.173,0.000,7999.000,0.000,-999.000,-999.000,101.801,0.200,0.200,1.168,1.810,173.675,0.792,1.420,173.503,0.504,14.338,14.284,14.379,13.030,13.000,13.069,11.982,11.954,12.020,-999.000,-999.000,-999.000,9.392,9.572,16.147,15.886,16.391,-999.000,-999.000,-999.000,-999.000,-999.000,-999.000,12.308,12.289,12.323,4.391,7.325,5.276,-9.760,0.526,0.621,0.696,0.725,0.570,0.675,0.694,0.742,0.466,,,,,,,,
