2023-12-06,01,1.774,1.683,1.878,1.776,1.677,1.882,1.796,1.721,1.894,1.787,1.710,1.864,1.255,1.040,1.400,1.721,93.728,0.000,0.000,318.558,322.662,2.389,0.000,0.000,315.070,0.000,6708.433,0.000,-999.000,-999.000,101.025,0.200,0.200,4.100,7.180,314.590,2.949,5.330,314.652,0.326,3.473,3.444,3.508,4.110,4.084,4.144,4.829,4.806,4.859,-999.000,-999.000,-999.000,11.225,12.441,1.607,1.557,1.666,-999.000,-999.000,-999.000,-999.000,-999.000,-999.000,6.232,6.179,6.272,-5.730,-5.579,-5.907,-7.141,0.680,0.680,0.680,0.724,0.695,0.699,0.675,0.731,0.581,,,,,,,,
2023-12-06,02,1.870,1.815,1.947,1.861,1.809,1.954,1.892,1.852,1.978,1.877,1.827,1.976,1.416,1.367,1.499,1.813,95.870,0.000,0.000,319.997,323.595,2.748,0.000,0.000,318.288,0.000,6264.483,0.030,-999.000,-999.000,101.086,0.200,0.200,3.432,5.450,294.884,2.458,4.240,294.958,0.326,3.427,3.401,3.447,4.082,4.054,4.124,4.835,4.806,4.865,-999.000,-999.000,-999.000,11.219,12.438,1.722,1.666,1.774,-999.000,-999.000,-999.000,-999.000,-999.000,-999.000,6.221,6.176,6.256,-5.773,-5.615,-5.919,-5.668,0.680,0.680,0.680,0.723,0.695,0.699,0.675,0.731,0.581,,,,,,,,
2023-12-06,03,2.103,1.954,2.261,2.107,1.937,2.281,2.136,1.986,2.319,2.132,1.977,2.316,1.621,1.489,1.720,2.050,95.873,0.000,0.000,321.282,324.567,3.023,0.000,0.000,316.923,0.000,6298.333,0.000,-999.000,-999.000,101.128,0.200,0.200,3.715,5.280,290.914,2.738,4.390,289.981,0.327,3.418,3.398,3.437,4.067,4.044,4.090,4.810,4.775,4.855,-999.000,-999.000,-999.000,11.212,12.429,1.814,1.758,1.857,-999.000,-999.000,-999.000,-999.000,-999.000,-999.000,6.187,6.128,6.245,-5.700,-5.610,-5.808,-4.754,0.680,0.680,0.680,0.723,0.695,0.699,0.675,0.731,0.581,,,,,,,,
2023-12-06,04,2.409,2.244,2.601,2.425,2.274,2.608,2.472,2.318,2.658,2.471,2.316,2.659,1.784,1.713,1.937,2.379,95.380,0.000,0.000,320.717,325.430,1.471,0.000,0.000,321.077,0.000,6460.917,0.060,-999.000,-999.000,101.148,0.200,0.200,3.786,5.650,287.242,2.783,4.880,287.225,0.327,3.431,3.411,3.457,4.081,4.063,4.113,4.809,4.788,4.828,-999.000,-999.000,-999.000,11.226,12.438,1.900,1.853,1.942,-999.000,-999.000,-999.000,-999.000,-999.000,-999.000,6.201,6.145,6.250,-5.550,-5.552,-5.642,-4.010,0.680,0.680,0.680,0.723,0.695,0.699,0.675,0.732,0.581,,,,,,,,
2023-12-06,05,2.649,2.561,2.726,2.666,2.591,2.730,2.723,2.658,2.793,2.734,2.659,2.773,1.966,1.911,2.030,2.603,95.560,0.000,0.000,322.005,326.393,1.806,0.000,0.000,319.263,0.000,6462.850,0.070,-999.000,-999.000,101.192,0.200,0.200,3.275,5.690,278.527,2.310,4.070,277.793,0.327,3.420,3.397,3.440,4.081,4.056,4.109,4.818,4.781,4.844,-999.000,-999.000,-999.000,11.232,12.451,1.974,1.919,2.038,-999.000,-999.000,-999.000,-999.000,-999.000,-999.000,6.204,6.154,6.264,-5.370,-5.459,-5.464,-3.415,0.680,0.680,0.680,0.723,0.695,0.699,0.675,0.732,0.581,,,,,,,,
2023-12-06,06,2.997,2.716,3.268,3.009,2.743,3.281,3.067,2.794,3.292,3.060,2.786,3.283,2.256,2.036,2.379,2.952,96.140,0.000,0.000,325.385,327.883,3.739,0.000,0.000,330.787,0.000,6520.467,0.060,-999.000,-999.000,101.237,0.200,0.200,2.693,5.340,289.527,1.789,3.970,288.557,0.327,3.411,3.393,3.430,4.058,4.023,4.089,4.802,4.780,4.820,-999.000,-999.000,-999.000,11.205,12.435,2.116,2.021,2.189,-999.000,-999.000,-999.000,-999.000,-999.000,-999.000,6.186,6.133,6.230,-5.166,-5.343,-5.284,-2.466,0.680,0.680,0.680,0.723,0.695,0.699,0.675,0.732,0.581,,,,,,,,
2023-12-06,07,3.417,3.281,3.552,3.419,3.265,3.555,3.446,3.303,3.549,3.447,3.291,3.570,2.501,2.379,2.574,3.361,94.802,0.000,0.000,323.968,329.008,0.989,0.000,0.000,322.538,0.000,6900.367,0.030,-999.000,-999.000,101.275,0.200,0.200,3.510,5.070,298.901,2.477,4.190,298.745,0.327,3.439,3.406,3.472,4.062,4.036,4.092,4.800,4.780,4.829,-999.000,-999.000,-999.000,11.199,12.422,2.243,2.179,2.291,-999.000,-999.000,-999.000,-999.000,-999.000,-999.000,6.184,6.116,6.235,-4.937,-5.211,-5.072,-1.831,0.680,0.680,0.680,0.723,0.695,0.699,0.675,0.732,0.581,,,,,,,,
2023-12-06,08,3.571,3.489,3.690,3.588,3.485,3.720,3.651,3.560,3.767,3.643,3.559,3.755,2.489,2.441,2.540,3.573,91.330,1.834,0.000,323.527,329.147,2.179,2.128,0.000,314.827,0.000,7007.167,0.000,-999.000,-999.000,101.338,0.200,0.200,3.190,5.090,298.990,2.119,4.350,299.642,0.328,3.482,3.459,3.505,4.090,4.065,4.115,4.823,4.796,4.853,-999.000,-999.000,-999.000,11.195,12.443,2.289,2.258,2.337,-999.000,-999.000,-999.000,-999.000,-999.000,-999.000,6.205,6.163,6.245,-4.672,-5.066,-4.852,-1.605,0.680,0.680,0.680,0.723,0.695,0.699,0.675,0.732,0.581,,,,,,,,
2023-12-06,09,3.730,3.670,3.815,3.744,3.674,3.835,3.789,3.734,3.868,3.781,3.729,3.888,2.744,2.530,3.090,3.702,89.875,22.853,0.192,321.625,330.402,15.793,23.032,0.000,313.208,0.000,7264.317,0.000,-999.000,-999.000,101.391,0.200,0.200,2.446,4.030,309.035,1.546,2.930,309.738,0.328,3.480,3.452,3.508,4.068,4.038,4.115,4.827,4.782,4.856,-999.000,-999.000,-999.000,11.164,12.424,2.451,2.327,2.614,-999.000,-999.000,-999.000,-999.000,-999.000,-999.000,6.199,6.145,6.252,-4.418,-4.916,-4.649,-0.716,0.681,0.681,0.680,0.723,0.695,0.699,0.675,0.732,0.581,,,,,,,,
2023-12-06,10,4.117,3.819,4.778,4.102,3.795,4.699,4.201,3.867,4.855,4.195,3.876,4.849,3.183,2.223,4.095,4.090,87.270,114.496,28.308,291.343,332.547,44.984,66.708,204.075,270.780,3.972,7496.750,0.000,-999.000,-999.000,101.456,0.200,0.200,2.662,4.190,274.877,1.902,3.220,272.930,0.329,3.508,3.475,3.547,4.071,4.037,4.107,4.804,4.777,4.838,-999.000,-999.000,-999.000,11.180,12.420,2.882,2.617,3.391,-999.000,-999.000,-999.000,-999.000,-999.000,-999.000,6.178,6.139,6.221,-4.157,-4.766,-4.383,2.407,0.681,0.681,0.680,0.723,0.695,0.699,0.675,0.732,0.581,,,,,,,,
2023-12-06,11,5.043,4.631,5.489,5.039,4.648,5.472,5.144,4.727,5.677,5.136,4.734,5.665,5.024,3.531,6.358,5.020,81.640,175.016,47.974,288.588,339.257,76.374,92.618,302.596,269.378,5.417,7286.217,0.000,-999.000,-999.000,101.505,0.200,0.200,3.160,4.730,284.683,2.280,4.070,285.287,0.328,3.547,3.486,3.592,4.072,4.035,4.099,4.802,4.764,4.828,-999.000,-999.000,-999.000,11.172,12.418,4.125,3.437,4.780,-999.000,-999.000,-999.000,-999.000,-999.000,-999.000,6.177,6.131,6.255,-3.730,-4.600,-3.888,9.652,0.681,0.681,0.680,0.723,0.695,0.699,0.675,0.732,0.581,,,,,,,,
2023-12-06,12,5.556,5.307,6.377,5.547,5.277,6.313,5.640,5.363,6.563,5.623,5.328,6.467,5.377,4.330,7.095,5.475,80.736,155.141,35.864,306.237,343.405,82.109,125.517,99.900,298.600,1.639,7340.150,0.000,-999.000,-999.000,101.511,0.200,0.200,2.630,4.450,268.551,2.028,3.970,267.868,0.329,3.627,3.576,3.690,4.089,4.052,4.130,4.806,4.761,4.840,-999.000,-999.000,-999.000,11.169,12.418,4.963,4.704,5.464,-999.000,-999.000,-999.000,-999.000,-999.000,-999.000,6.178,6.141,6.240,-2.917,-4.391,-3.093,17.316,0.681,0.681,0.680,0.723,0.695,0.699,0.675,0.732,0.581,,,,,,,,
2023-12-06,13,5.620,5.205,6.207,5.595,5.169,6.184,5.679,5.228,6.265,5.665,5.234,6.186,4.900,3.659,6.268,5.534,79.812,144.761,37.263,277.058,339.843,44.713,90.967,218.228,271.922,4.139,7324.267,0.000,-999.000,-999.000,101.527,0.200,0.200,3.359,5.450,270.628,2.550,4.450,271.360,0.329,3.742,3.649,3.812,4.113,4.073,4.158,4.820,4.787,4.851,-999.000,-999.000,-999.000,11.168,12.429,5.339,5.051,5.523,-999.000,-999.000,-999.000,-999.000,-999.000,-999.000,6.193,6.144,6.235,-1.672,-4.109,-1.956,17.929,0.681,0.681,0.681,0.723,0.695,0.699,0.675,0.732,0.581,,,,,,,,
2023-12-06,14,5.978,5.806,6.149,5.888,5.752,6.069,5.989,5.871,6.274,5.968,5.871,6.191,4.992,4.489,5.485,5.780,80.056,151.311,51.612,255.452,338.865,16.285,50.173,507.517,252.895,10.000,7243.150,0.000,-999.000,-999.000,101.541,0.200,0.200,3.215,5.770,270.089,2.390,4.900,269.388,0.329,3.871,3.786,3.925,4.134,4.088,4.164,4.815,4.778,4.838,-999.000,-999.000,-999.000,11.172,12.426,5.470,5.271,5.620,-999.000,-999.000,-999.000,-999.000,-999.000,-999.000,6.185,6.128,6.243,-0.493,-3.755,-0.923,15.964,0.681,0.681,0.681,0.723,0.696,0.699,0.675,0.732,0.581,,,,,,,,
2023-12-06,15,4.929,3.881,6.076,4.880,3.881,5.904,4.971,3.909,6.048,4.936,3.900,5.958,2.904,1.282,4.460,4.795,85.275,49.054,13.290,253.977,328.845,-36.949,29.479,140.280,251.755,3.861,7519.033,0.000,-999.000,-999.000,101.572,0.200,0.200,3.641,5.550,259.035,2.650,5.020,257.395,0.330,4.002,3.921,4.076,4.167,4.115,4.213,4.828,4.801,4.858,-999.000,-999.000,-999.000,11.165,12.424,4.722,3.949,5.264,-999.000,-999.000,-999.000,-999.000,-999.000,-999.000,6.193,6.142,6.249,0.295,-3.414,-0.656,2.880,0.681,0.681,0.681,0.723,0.696,0.699,0.675,0.732,0.580,,,,,,,,
2023-12-06,16,3.372,3.020,3.848,3.377,3.077,3.838,3.435,3.105,3.954,3.432,3.103,3.935,0.595,0.206,1.273,3.355,90.393,3.401,0.000,263.553,318.018,-45.013,3.395,2.737,261.548,0.000,7492.817,0.000,-999.000,-999.000,101.622,0.200,0.200,2.671,4.370,261.859,1.656,3.880,262.550,0.330,4.094,4.056,4.146,4.207,4.165,4.253,4.832,4.793,4.869,-999.000,-999.000,-999.000,11.157,12.422,3.333,2.839,3.953,-999.000,-999.000,-999.000,-999.000,-999.000,-999.000,6.190,6.142,6.248,0.388,-3.157,-1.059,-11.776,0.681,0.681,0.681,0.723,0.696,0.699,0.675,0.732,0.580,,,,,,,,
2023-12-06,17,2.780,2.235,3.123,2.802,2.245,3.176,2.847,2.268,3.343,2.847,2.248,3.355,0.126,-0.232,0.427,2.786,90.045,0.000,0.000,252.520,315.548,-57.617,0.000,0.000,250.537,0.000,7124.433,0.000,-999.000,-999.000,101.674,0.200,0.200,3.001,5.120,263.825,1.845,3.770,262.663,0.330,4.117,4.081,4.145,4.252,4.225,4.289,4.839,4.811,4.871,-999.000,-999.000,-999.000,11.150,12.420,2.318,1.881,2.816,-999.000,-999.000,-999.000,-999.000,-999.000,-999.000,6.193,6.125,6.237,-0.565,-3.038,-2.048,-18.119,0.681,0.681,0.681,0.723,0.696,0.699,0.676,0.732,0.579,,,,,,,,
2023-12-06,18,2.250,2.077,2.410,2.272,2.087,2.457,2.310,2.128,2.514,2.303,2.111,2.515,-0.325,-0.453,-0.189,2.245,92.473,0.000,0.000,248.758,313.598,-59.368,0.000,0.000,246.553,0.000,6932.983,0.000,-999.000,-999.000,101.720,0.200,0.200,2.982,4.420,262.029,1.804,2.930,259.390,0.331,4.066,4.030,4.099,4.280,4.236,4.320,4.846,4.823,4.884,-999.000,-999.000,-999.000,11.153,12.428,1.448,1.135,1.857,-999.000,-999.000,-999.000,-999.000,-999.000,-999.000,6.178,6.138,6.217,-2.013,-3.089,-3.233,-22.777,0.681,0.681,0.681,0.723,0.696,0.699,0.676,0.732,0.578,,,,,,,,
2023-12-06,19,1.254,0.646,2.106,1.249,0.657,2.084,1.251,0.644,2.137,1.237,0.610,2.134,-0.603,-0.952,-0.183,1.156,94.903,0.000,0.000,248.565,304.798,-50.979,0.000,0.000,246.983,0.000,6537.417,0.000,-999.000,-999.000,101.774,0.200,0.200,1.595,3.250,248.607,0.771,-999.000,204.536,0.331,4.004,3.950,4.051,4.320,4.291,4.348,4.866,4.838,4.895,-999.000,-999.000,-999.000,11.144,12.418,0.782,0.578,1.109,-999.000,-999.000,-999.000,-999.000,-999.000,-999.000,6.184,6.144,6.226,-3.501,-3.259,-4.386,-24.138,0.681,0.681,0.681,0.724,0.696,0.699,0.676,0.733,0.578,,,,,,,,
2023-12-06,20,0.569,-0.038,1.003,0.561,-0.173,0.990,0.445,-0.325,1.045,0.439,-0.386,1.031,-0.804,-1.760,-0.490,0.374,96.360,0.000,0.000,249.490,301.035,-45.294,0.000,0.000,247.968,0.000,6316.833,0.000,-999.000,-999.000,101.808,0.200,0.200,1.286,3.010,273.196,0.669,1.770,1.689,0.331,3.909,3.845,3.970,4.330,4.309,4.355,4.873,4.853,4.890,-999.000,-999.000,-999.000,11.137,12.418,0.560,0.499,0.621,-999.000,-999.000,-999.000,-999.000,-999.000,-999.000,6.178,6.150,6.206,-4.832,-3.494,-5.537,-20.791,0.681,0.681,0.681,0.724,0.696,0.699,0.676,0.733,0.577,,,,,,,,
2023-12-06,21,-0.586,-1.354,0.174,-0.575,-1.339,0.221,-0.664,-1.451,0.283,-0.693,-1.451,0.231,-2.874,-3.387,-1.829,-0.798,97.772,0.156,0.000,245.635,295.908,-44.549,0.000,0.000,240.413,0.000,6021.167,0.000,-999.000,-999.000,101.837,0.200,0.200,0.730,1.630,161.098,0.978,1.680,126.067,0.331,3.810,3.741,3.876,4.345,4.318,4.377,4.887,4.856,4.915,-999.000,-999.000,-999.000,11.124,12.411,0.493,0.453,0.526,-999.000,-999.000,-999.000,-999.000,-999.000,-999.000,6.183,6.138,6.224,-6.072,-3.802,-6.795,-18.569,0.681,0.681,0.681,0.725,0.696,0.699,0.676,0.733,0.576,,,,,,,,
2023-12-06,22,-1.354,-1.787,-0.385,-1.375,-1.845,-0.345,-1.310,-1.827,-0.280,-1.337,-1.867,-0.228,-3.559,-3.849,-3.371,-1.379,97.965,0.004,0.000,242.423,294.137,-46.231,0.000,0.000,238.112,0.000,6102.750,0.000,-999.000,-999.000,101.844,0.200,0.200,1.825,2.640,219.004,0.955,2.010,178.300,0.332,3.661,3.579,3.744,4.320,4.295,4.342,4.889,4.856,4.913,-999.000,-999.000,-999.000,11.126,12.414,0.434,0.397,0.463,-999.000,-999.000,-999.000,-999.000,-999.000,-999.000,6.172,6.136,6.203,-7.275,-4.198,-8.072,-17.093,0.681,0.681,0.681,0.725,0.695,0.699,0.676,0.733,0.576,,,,,,,,
2023-12-06,23,-1.019,-1.638,-0.435,-1.007,-1.667,-0.454,-0.965,-1.820,-0.420,-0.982,-1.835,-0.447,-3.898,-4.100,-3.427,-1.083,98.347,0.000,0.000,242.402,291.833,-43.047,0.000,0.000,238.392,0.000,5008.732,0.000,-999.000,-999.000,101.873,0.200,0.200,0.750,1.970,219.086,0.709,1.290,131.950,0.332,3.528,3.448,3.599,4.324,4.287,4.346,4.914,4.897,4.927,-999.000,-999.000,-999.000,11.117,12.409,0.388,0.367,0.417,-999.000,-999.000,-999.000,-999.000,-999.000,-999.000,6.181,6.147,6.213,-8.351,-4.678,-9.251,-15.983,0.681,0.681,0.681,0.726,0.695,0.699,0.676,0.733,0.576,,,,,,,,
2023-12-06,24,-1.953,-2.174,-1.628,-1.932,-2.136,-1.617,-1.915,-2.351,-1.060,-1.922,-2.337,-1.165,-3.941,-4.308,-3.520,-2.065,98.793,0.000,0.000,243.028,291.030,-42.263,0.000,0.000,239.605,0.000,6020.050,0.000,-999.000,-999.000,101.909,0.200,0.200,0.617,1.410,183.909,0.934,1.750,94.844,0.332,3.371,3.303,3.464,4.284,4.251,4.317,4.922,4.900,4.944,-999.000,-999.000,-999.000,11.096,12.385,0.359,0.331,0.380,-999.000,-999.000,-999.000,-999.000,-999.000,-999.000,6.182,6.135,6.211,-9.197,-5.219,-10.240,-15.110,0.681,0.681,0.681,0.726,0.695,0.698,0.676,0.733,0.576,,,,,,,,
