2023-03-14,01,11.169,10.981,11.586,11.171,10.957,11.558,11.210,11.010,11.650,11.202,10.980,11.650,10.340,10.125,10.725,11.144,80.884,0.000,0.000,350.927,364.522,-9.796,0.000,0.000,341.425,0.000,7505.150,0.030,-999.000,-999.000,98.918,0.200,0.200,7.494,15.490,218.308,5.741,13.220,217.956,0.313,8.184,8.158,8.221,7.034,7.018,7.061,6.007,5.985,6.035,-999.000,-999.000,-999.000,7.589,9.073,8.696,8.610,8.736,-999.000,-999.000,-999.000,-999.000,-999.000,-999.000,5.595,5.585,5.609,5.463,5.505,5.334,1.889,0.683,0.684,0.683,0.702,0.688,0.689,0.682,0.756,0.534,,,,,,,,
2023-03-14,02,10.193,9.221,11.100,10.180,9.181,11.099,10.214,9.210,11.140,10.206,9.200,11.130,9.402,8.652,10.148,10.137,80.666,0.000,0.000,354.903,360.993,-2.375,0.034,0.000,345.445,0.000,7483.867,0.070,-999.000,-999.000,98.930,0.200,0.200,8.888,14.790,232.858,6.844,12.920,233.184,0.313,8.157,8.121,8.193,7.026,6.992,7.058,6.063,6.025,6.091,-999.000,-999.000,-999.000,7.582,9.076,8.617,8.504,8.700,-999.000,-999.000,-999.000,-999.000,-999.000,-999.000,5.614,5.597,5.642,5.494,5.389,5.426,2.027,0.683,0.684,0.683,0.702,0.688,0.689,0.682,0.756,0.534,,,,,,,,
2023-03-14,03,8.906,8.820,9.185,8.899,8.799,9.165,8.961,8.870,9.210,8.948,8.840,9.190,8.513,8.403,8.676,8.869,93.303,0.000,0.000,355.287,357.935,0.794,0.000,0.000,346.010,0.000,7191.033,1.390,-999.000,-999.000,98.907,0.200,0.200,5.940,10.170,215.730,4.624,8.300,213.701,0.313,8.112,8.084,8.139,7.023,6.977,7.038,6.099,6.053,6.124,-999.000,-999.000,-999.000,7.578,9.072,8.465,8.388,8.521,-999.000,-999.000,-999.000,-999.000,-999.000,-999.000,5.615,5.588,5.638,5.286,5.281,5.283,1.116,0.684,0.684,0.683,0.702,0.688,0.690,0.682,0.753,0.535,,,,,,,,
2023-03-14,04,9.181,8.933,9.472,9.226,9.032,9.524,9.244,9.060,9.520,9.244,9.070,9.510,8.645,8.520,8.781,9.191,88.435,0.000,0.000,351.045,357.578,-2.578,0.000,0.000,339.007,0.000,7889.050,0.000,-999.000,-999.000,98.858,0.200,0.200,6.026,10.030,198.814,4.525,8.620,198.070,0.313,8.040,8.005,8.077,6.989,6.969,7.015,6.134,6.101,6.160,-999.000,-999.000,-999.000,7.587,9.087,8.316,8.249,8.388,-999.000,-999.000,-999.000,-999.000,-999.000,-999.000,5.649,5.632,5.652,4.891,5.042,4.977,0.518,0.684,0.685,0.683,0.702,0.688,0.689,0.682,0.753,0.535,,,,,,,,
2023-03-14,05,9.661,9.320,9.875,9.671,9.316,9.908,9.704,9.330,9.930,9.698,9.300,9.950,8.846,8.501,9.054,9.643,83.765,0.000,0.000,339.310,357.160,-13.160,0.000,0.000,328.918,0.000,7876.250,0.000,-999.000,-999.000,98.835,0.200,0.200,7.790,11.490,203.609,5.890,9.790,202.694,0.313,7.976,7.938,8.035,6.989,6.959,7.038,6.172,6.151,6.233,-999.000,-999.000,-999.000,7.584,9.078,8.148,8.107,8.252,-999.000,-999.000,-999.000,-999.000,-999.000,-999.000,5.681,5.652,5.718,4.542,4.759,4.614,-0.405,0.684,0.685,0.684,0.702,0.688,0.689,0.682,0.754,0.535,,,,,,,,
2023-03-14,06,9.522,9.260,9.855,9.491,9.182,9.884,9.553,9.270,9.900,9.539,9.260,9.900,8.859,8.697,9.037,9.477,86.565,0.014,0.000,352.355,358.788,-2.025,0.176,0.000,344.232,0.000,7830.950,0.260,-999.000,-999.000,98.816,0.200,0.200,7.226,10.930,208.976,5.561,9.310,208.364,0.313,7.926,7.869,7.942,7.027,6.999,7.038,6.230,6.216,6.243,-999.000,-999.000,-999.000,7.572,9.055,8.104,8.090,8.111,-999.000,-999.000,-999.000,-999.000,-999.000,-999.000,5.678,5.653,5.704,4.218,4.450,4.228,-0.284,0.684,0.685,0.684,0.702,0.688,0.690,0.682,0.754,0.535,,,,,,,,
2023-03-14,07,9.244,9.210,9.385,9.210,9.123,9.375,9.279,9.200,9.460,9.261,9.190,9.460,8.856,8.638,9.196,9.202,92.047,20.409,2.856,354.347,359.713,13.664,21.886,0.000,347.725,0.000,7707.967,1.200,-999.000,-999.000,98.803,0.200,0.200,6.644,11.120,205.251,5.241,9.890,203.300,0.313,7.860,7.856,7.876,6.999,6.992,7.005,6.246,6.243,6.256,-999.000,-999.000,-999.000,7.572,9.059,8.126,8.101,8.223,-999.000,-999.000,-999.000,-999.000,-999.000,-999.000,5.721,5.694,5.744,4.003,4.245,4.019,0.765,0.685,0.685,0.684,0.702,0.689,0.690,0.682,0.751,0.536,,,,,,,,
2023-03-14,08,8.001,7.352,9.382,7.988,7.375,9.354,8.067,7.413,9.450,8.055,7.403,9.450,7.516,7.004,9.117,7.970,90.597,16.950,0.706,347.717,353.798,11.321,18.241,0.000,340.207,0.000,7672.333,1.700,-999.000,-999.000,98.959,0.200,0.200,7.372,14.320,288.873,5.640,12.470,287.950,0.313,7.854,7.819,7.877,6.989,6.959,7.017,6.268,6.243,6.311,-999.000,-999.000,-999.000,7.573,9.066,8.200,8.057,8.289,-999.000,-999.000,-999.000,-999.000,-999.000,-999.000,5.762,5.727,5.809,3.962,4.154,4.044,2.372,0.685,0.685,0.684,0.702,0.689,0.690,0.683,0.749,0.536,,,,,,,,
2023-03-14,09,6.626,5.529,7.474,6.647,5.506,7.514,6.708,5.588,7.569,6.701,5.571,7.580,6.595,5.644,7.390,6.601,90.733,113.660,22.935,339.290,349.525,80.490,114.701,1.708,332.478,0.000,7758.350,0.310,-999.000,-999.000,99.191,0.200,0.200,8.746,14.920,317.710,6.855,12.210,317.630,0.313,7.808,7.785,7.834,6.966,6.958,6.993,6.272,6.248,6.326,-999.000,-999.000,-999.000,7.571,9.071,7.982,7.951,8.047,-999.000,-999.000,-999.000,-999.000,-999.000,-999.000,5.785,5.736,5.814,3.851,4.083,4.009,0.436,0.685,0.686,0.685,0.702,0.689,0.690,0.683,0.747,0.536,,,,,,,,
2023-03-14,10,6.101,5.537,6.563,6.100,5.516,6.556,6.145,5.564,6.617,6.134,5.560,6.582,6.547,5.753,7.270,6.056,82.794,253.765,58.434,327.643,347.963,175.011,248.718,7.158,322.620,0.056,7984.333,0.000,-999.000,-999.000,99.454,0.200,0.200,9.247,16.140,338.443,7.147,12.990,337.786,0.313,7.777,7.752,7.813,6.975,6.964,7.004,6.298,6.253,6.329,-999.000,-999.000,-999.000,7.575,9.073,8.116,7.954,8.307,-999.000,-999.000,-999.000,-999.000,-999.000,-999.000,5.815,5.797,5.850,3.392,3.734,3.632,1.855,0.685,0.686,0.685,0.702,0.689,0.690,0.683,0.747,0.537,,,,,,,,
2023-03-14,11,6.338,4.547,6.975,6.329,4.557,6.941,6.374,4.586,7.025,6.349,4.554,7.013,6.807,4.557,7.974,6.291,76.659,277.713,63.453,328.898,350.038,193.120,269.839,9.446,322.835,0.000,7883.917,0.190,-999.000,-999.000,99.702,0.200,0.200,8.927,16.130,340.229,7.117,13.060,339.074,0.313,7.769,7.743,7.819,6.963,6.935,6.987,6.323,6.305,6.331,-999.000,-999.000,-999.000,7.568,9.068,8.502,8.312,8.644,-999.000,-999.000,-999.000,-999.000,-999.000,-999.000,5.838,5.795,5.851,3.216,3.260,3.493,6.032,0.685,0.686,0.685,0.702,0.689,0.690,0.683,0.747,0.537,,,,,,,,
2023-03-14,12,6.526,5.727,7.335,6.519,5.746,7.338,6.530,5.667,7.362,6.505,5.633,7.359,7.118,6.018,8.836,6.459,72.136,358.123,86.622,316.432,349.820,238.113,258.166,159.688,307.387,2.028,7848.217,0.000,-999.000,-999.000,99.940,0.200,0.200,9.029,15.840,339.224,7.050,12.640,338.143,0.313,7.817,7.746,7.885,6.943,6.922,6.980,6.337,6.324,6.384,-999.000,-999.000,-999.000,7.560,9.073,8.706,8.549,9.001,-999.000,-999.000,-999.000,-999.000,-999.000,-999.000,5.859,5.848,5.909,3.402,2.881,3.688,7.235,0.686,0.686,0.685,0.702,0.689,0.690,0.683,0.747,0.537,,,,,,,,
2023-03-14,13,7.552,6.819,7.943,7.544,6.819,7.926,7.569,6.887,7.887,7.551,6.841,7.872,8.947,7.018,10.074,7.496,56.077,618.065,161.172,282.897,359.682,380.107,185.870,726.804,265.207,9.167,7941.917,0.000,-999.000,-999.000,100.099,0.200,0.200,9.788,14.700,328.649,7.682,12.600,328.585,0.313,7.914,7.827,8.050,6.970,6.933,6.992,6.364,6.323,6.394,-999.000,-999.000,-999.000,7.566,9.064,9.621,9.014,10.183,-999.000,-999.000,-999.000,-999.000,-999.000,-999.000,5.887,5.844,5.925,3.694,2.565,3.953,13.743,0.686,0.686,0.685,0.703,0.689,0.691,0.683,0.747,0.537,,,,,,,,
2023-03-14,14,7.600,7.197,8.045,7.589,7.187,8.014,7.611,7.212,8.020,7.597,7.200,8.020,8.738,7.450,9.837,7.569,51.066,524.001,140.301,277.740,357.847,303.593,162.348,666.159,260.105,9.083,7966.050,0.000,-999.000,-999.000,100.242,0.200,0.200,9.233,14.540,324.769,7.415,12.080,323.611,0.313,8.148,8.029,8.237,6.972,6.955,6.992,6.379,6.358,6.398,-999.000,-999.000,-999.000,7.567,9.060,10.400,10.179,10.473,-999.000,-999.000,-999.000,-999.000,-999.000,-999.000,5.927,5.906,5.952,4.574,2.306,4.888,19.607,0.686,0.686,0.685,0.703,0.690,0.691,0.683,0.747,0.537,,,,,,,,
2023-03-14,15,7.088,6.624,7.709,7.079,6.626,7.702,7.114,6.695,7.738,7.105,6.699,7.748,7.451,6.337,9.452,7.061,51.822,286.473,73.146,289.863,350.070,153.120,178.653,217.825,277.583,3.778,7893.117,0.000,-999.000,-999.000,100.390,0.200,0.200,8.929,13.910,324.602,7.039,11.720,324.853,0.313,8.334,8.221,8.416,7.003,6.979,7.051,6.387,6.359,6.422,-999.000,-999.000,-999.000,7.561,9.071,10.242,9.691,10.499,-999.000,-999.000,-999.000,-999.000,-999.000,-999.000,5.936,5.913,5.966,5.273,2.046,5.385,15.214,0.686,0.686,0.685,0.703,0.690,0.691,0.683,0.747,0.537,,,,,,,,
2023-03-14,16,6.386,6.160,6.656,6.387,6.176,6.667,6.442,6.227,6.753,6.429,6.220,6.743,5.985,5.501,6.573,6.350,50.972,133.749,29.582,298.028,342.687,59.509,131.732,1.226,288.513,0.000,7964.083,0.000,-999.000,-999.000,100.538,0.200,0.200,7.524,11.810,317.222,5.908,10.560,317.262,0.313,8.343,8.293,8.398,7.038,6.999,7.082,6.406,6.372,6.443,-999.000,-999.000,-999.000,7.568,9.070,9.014,8.469,9.655,-999.000,-999.000,-999.000,-999.000,-999.000,-999.000,5.965,5.929,6.000,4.980,1.661,4.729,1.970,0.686,0.686,0.685,0.703,0.690,0.691,0.683,0.747,0.537,,,,,,,,
2023-03-14,17,5.846,5.574,6.117,5.846,5.560,6.120,5.911,5.620,6.226,5.904,5.602,6.232,5.026,4.537,5.475,5.830,53.043,55.293,8.726,297.073,338.158,5.481,54.385,0.069,286.668,0.000,7940.667,0.000,-999.000,-999.000,100.664,0.200,0.200,6.634,10.850,307.880,4.856,8.070,307.592,0.313,8.150,8.005,8.280,7.092,7.070,7.114,6.438,6.409,6.463,-999.000,-999.000,-999.000,7.568,9.069,7.901,7.382,8.469,-999.000,-999.000,-999.000,-999.000,-999.000,-999.000,5.988,5.954,6.020,3.632,0.979,3.117,-7.446,0.685,0.686,0.685,0.703,0.690,0.691,0.683,0.747,0.537,,,,,,,,
2023-03-14,18,5.318,4.508,5.756,5.312,4.439,5.753,5.380,4.431,5.811,5.378,4.427,5.809,4.130,2.414,5.091,5.306,56.900,17.679,3.432,279.395,332.918,-37.272,15.092,31.690,267.053,0.583,7909.800,0.000,-999.000,-999.000,100.769,0.200,0.200,5.946,10.220,289.896,4.524,9.260,290.162,0.313,7.863,7.694,7.999,7.101,7.085,7.136,6.444,6.427,6.459,-999.000,-999.000,-999.000,7.561,9.060,6.852,6.331,7.359,-999.000,-999.000,-999.000,-999.000,-999.000,-999.000,6.006,5.984,6.035,2.014,0.145,1.398,-14.259,0.685,0.686,0.685,0.703,0.690,0.691,0.683,0.748,0.537,,,,,,,,
2023-03-14,19,3.935,3.616,4.426,3.920,3.586,4.356,3.986,3.511,4.465,3.988,3.521,4.475,1.688,1.232,2.358,3.909,62.044,0.000,0.000,253.753,322.028,-63.668,0.000,0.000,239.495,0.000,7930.750,0.000,-999.000,-999.000,100.864,0.200,0.200,3.837,6.550,273.254,2.615,5.380,272.633,0.312,7.563,7.406,7.736,7.111,7.089,7.165,6.474,6.439,6.511,-999.000,-999.000,-999.000,7.569,9.074,5.702,5.120,6.298,-999.000,-999.000,-999.000,-999.000,-999.000,-999.000,6.030,5.992,6.062,0.390,-0.777,-0.346,-21.434,0.685,0.685,0.684,0.704,0.690,0.691,0.683,0.749,0.536,,,,,,,,
2023-03-14,20,2.597,1.429,3.583,2.582,1.370,3.530,2.665,1.431,3.728,2.660,1.381,3.736,-0.166,-1.169,1.321,2.619,68.581,0.000,0.000,251.945,314.418,-57.566,0.000,0.000,237.662,0.000,7995.717,0.000,-999.000,-999.000,100.910,0.200,0.200,2.883,5.400,249.621,1.824,3.940,241.191,0.313,7.197,7.017,7.400,7.076,7.043,7.123,6.493,6.475,6.520,-999.000,-999.000,-999.000,7.564,9.067,4.640,4.202,5.114,-999.000,-999.000,-999.000,-999.000,-999.000,-999.000,6.048,6.021,6.079,-1.243,-1.840,-2.198,-27.108,0.685,0.685,0.684,0.704,0.689,0.691,0.683,0.750,0.536,,,,,,,,
2023-03-14,21,2.251,1.221,3.439,2.259,1.178,3.443,2.263,1.271,3.449,2.258,1.253,3.454,0.844,-1.057,2.622,2.162,76.452,0.000,0.000,297.028,320.705,-18.927,0.000,0.000,287.065,0.000,7939.167,0.000,-999.000,-999.000,100.953,0.200,0.200,3.649,5.710,225.305,2.363,4.530,222.268,0.313,6.841,6.665,7.037,7.026,6.971,7.084,6.509,6.482,6.545,-999.000,-999.000,-999.000,7.561,9.068,3.907,3.772,4.172,-999.000,-999.000,-999.000,-999.000,-999.000,-999.000,6.081,6.053,6.121,-2.730,-2.925,-3.948,-29.032,0.684,0.685,0.684,0.704,0.689,0.691,0.683,0.751,0.536,,,,,,,,
2023-03-14,22,3.258,2.578,3.951,3.255,2.546,3.965,3.262,2.613,3.992,3.256,2.594,4.000,2.625,2.050,3.054,3.166,78.717,0.000,0.000,311.005,328.050,-13.700,0.000,0.000,300.715,0.000,7920.383,0.150,-999.000,-999.000,101.013,0.200,0.200,7.025,12.030,239.686,5.673,10.810,239.136,0.313,6.525,6.419,6.665,6.930,6.885,6.973,6.519,6.495,6.538,-999.000,-999.000,-999.000,7.556,9.050,3.802,3.767,3.837,-999.000,-999.000,-999.000,-999.000,-999.000,-999.000,6.094,6.051,6.133,-3.965,-3.811,-5.193,-24.940,0.684,0.685,0.684,0.704,0.689,0.690,0.683,0.752,0.536,,,,,,,,
2023-03-14,23,2.684,2.099,2.856,2.688,2.050,2.869,2.706,2.031,2.887,2.703,2.027,2.903,2.181,1.459,2.502,2.606,88.940,0.000,0.000,320.335,327.387,-3.611,0.011,0.000,318.563,0.000,7578.633,0.950,-999.000,-999.000,101.048,0.200,0.200,4.957,11.420,254.928,3.871,11.010,255.166,0.313,6.291,6.174,6.409,6.836,6.776,6.892,6.529,6.518,6.541,-999.000,-999.000,-999.000,7.553,9.038,3.734,3.698,3.777,-999.000,-999.000,-999.000,-999.000,-999.000,-999.000,6.134,6.106,6.150,-4.719,-4.326,-5.647,-21.500,0.684,0.685,0.684,0.704,0.689,0.690,0.683,0.751,0.536,,,,,,,,
2023-03-14,24,1.948,1.356,2.317,1.924,1.323,2.304,1.966,1.358,2.355,1.956,1.351,2.365,1.556,0.935,2.143,1.837,94.318,0.000,0.000,319.168,324.777,-2.083,0.002,0.000,312.652,0.000,7607.250,1.560,-999.000,-999.000,101.131,0.200,0.200,4.434,9.650,274.907,3.540,8.490,274.273,0.313,6.067,5.966,6.171,6.714,6.657,6.776,6.503,6.485,6.528,-999.000,-999.000,-999.000,7.547,9.051,3.636,3.531,3.735,-999.000,-999.000,-999.000,-999.000,-999.000,-999.000,6.144,6.130,6.156,-5.124,-4.702,-5.910,-19.644,0.685,0.685,0.684,0.704,0.690,0.691,0.683,0.749,0.537,,,,,,,,
