2023-07-02,01,15.960,14.746,17.352,15.967,14.731,17.350,16.014,14.840,17.400,16.007,14.800,17.410,14.906,13.659,16.454,15.944,83.137,0.000,0.000,384.848,391.158,-2.152,0.270,0.014,381.335,0.000,7940.967,1.330,-999.000,-999.000,100.622,0.224,0.763,4.045,8.220,260.134,2.923,6.360,260.448,0.884,18.574,18.469,18.654,18.619,18.582,18.649,18.453,18.431,18.471,-999.000,-999.000,-999.000,14.127,11.985,17.911,17.636,18.051,-999.000,-999.000,-999.000,-999.000,-999.000,-999.000,20.173,20.135,20.202,-1.682,-1.249,-2.625,-18.343,0.222,0.303,0.282,0.547,0.235,0.330,0.381,0.622,0.413,,,,,,,,
2023-07-02,02,14.293,13.785,14.729,14.306,13.790,14.709,14.374,13.890,14.780,14.354,13.870,14.800,13.147,12.228,13.643,14.293,85.177,0.000,0.000,356.907,381.320,-20.512,0.390,0.000,346.543,0.000,7999.000,0.000,-999.000,-999.000,100.650,0.200,0.263,3.378,5.190,244.039,2.358,4.130,242.932,0.884,18.395,18.311,18.476,18.573,18.535,18.613,18.442,18.415,18.459,-999.000,-999.000,-999.000,14.132,11.993,17.279,16.905,17.623,-999.000,-999.000,-999.000,-999.000,-999.000,-999.000,20.158,20.128,20.188,-1.950,-1.484,-3.142,-23.268,0.225,0.305,0.281,0.548,0.235,0.333,0.383,0.622,0.412,,,,,,,,
2023-07-02,03,13.551,13.305,13.746,13.564,13.343,13.757,13.586,13.350,13.870,13.586,13.350,13.870,11.886,11.501,12.342,13.501,89.363,0.000,0.000,331.533,374.422,-37.979,0.000,0.000,325.717,0.000,7999.000,0.000,-999.000,-999.000,100.662,0.200,0.200,2.863,3.810,232.271,1.684,2.830,227.533,0.884,18.214,18.102,18.320,18.514,18.478,18.556,18.432,18.413,18.461,-999.000,-999.000,-999.000,14.142,12.003,16.463,16.150,16.888,-999.000,-999.000,-999.000,-999.000,-999.000,-999.000,20.152,20.125,20.177,-2.424,-2.058,-3.915,-28.943,0.222,0.303,0.281,0.549,0.235,0.332,0.382,0.622,0.411,,,,,,,,
2023-07-02,04,13.966,13.722,14.191,13.966,13.722,14.195,13.996,13.720,14.210,14.006,13.720,14.220,12.516,11.931,12.892,13.957,86.323,7.180,0.000,332.927,377.837,-32.856,7.271,1.721,327.342,0.000,7999.000,0.000,-999.000,-999.000,100.700,0.200,0.263,3.422,5.250,243.451,2.346,4.270,241.412,0.884,17.995,17.888,18.083,18.444,18.404,18.496,18.414,18.397,18.435,-999.000,-999.000,-999.000,14.152,12.004,16.032,15.866,16.150,-999.000,-999.000,-999.000,-999.000,-999.000,-999.000,20.141,20.123,20.160,-2.941,-2.845,-4.915,-27.897,0.221,0.302,0.281,0.549,0.234,0.330,0.382,0.622,0.409,,,,,,,,
2023-07-02,05,13.960,13.606,14.418,13.972,13.638,14.427,13.998,13.660,14.510,14.002,13.640,14.520,12.757,11.911,13.923,13.934,82.078,83.055,16.246,312.192,378.482,0.540,55.212,133.149,309.525,4.278,7999.000,0.000,-999.000,-999.000,100.752,0.200,0.200,3.631,6.150,240.646,2.507,4.670,238.625,0.884,17.818,17.734,17.899,18.370,18.328,18.408,18.395,18.360,18.420,-999.000,-999.000,-999.000,14.151,11.999,15.707,15.637,15.866,-999.000,-999.000,-999.000,-999.000,-999.000,-999.000,20.124,20.089,20.150,-3.333,-3.372,-5.493,-27.138,0.220,0.301,0.281,0.549,0.234,0.330,0.382,0.622,0.408,,,,,,,,
2023-07-02,06,14.960,14.425,15.457,14.963,14.440,15.445,15.012,14.510,15.480,15.000,14.520,15.450,14.705,13.946,15.437,14.927,74.994,171.121,35.863,334.193,388.378,81.073,138.797,99.577,328.863,2.611,7999.000,0.000,-999.000,-999.000,100.809,0.200,0.263,4.585,7.690,247.421,3.481,6.910,247.415,0.884,17.729,17.700,17.760,18.287,18.240,18.339,18.369,18.351,18.390,-999.000,-999.000,-999.000,14.145,12.006,16.021,15.723,16.389,-999.000,-999.000,-999.000,-999.000,-999.000,-999.000,20.116,20.090,20.138,-3.590,-3.633,-5.645,-18.122,0.219,0.300,0.280,0.548,0.233,0.329,0.381,0.622,0.408,,,,,,,,
2023-07-02,07,15.836,15.387,16.223,15.828,15.371,16.211,15.880,15.440,16.270,15.865,15.420,16.230,16.135,15.104,16.722,15.784,70.644,248.708,51.203,339.340,395.675,141.170,223.756,32.568,334.472,2.861,7999.000,0.000,-999.000,-999.000,100.860,0.200,0.200,5.293,8.840,251.107,4.115,8.290,251.607,0.884,17.746,17.700,17.803,18.213,18.166,18.269,18.332,18.306,18.357,-999.000,-999.000,-999.000,14.161,12.010,16.740,16.399,17.080,-999.000,-999.000,-999.000,-999.000,-999.000,-999.000,20.096,20.070,20.123,-3.531,-3.343,-4.838,-8.296,0.219,0.299,0.280,0.548,0.233,0.328,0.381,0.621,0.409,,,,,,,,
2023-07-02,08,16.386,16.179,16.848,16.368,16.157,16.834,16.426,16.200,16.900,16.405,16.180,16.890,17.090,16.427,18.734,16.324,68.164,302.003,63.009,357.567,401.718,194.842,249.202,69.722,352.528,1.778,7727.067,0.000,-999.000,-999.000,100.926,0.200,0.200,5.595,10.040,261.029,4.357,7.780,260.544,0.884,17.862,17.810,17.930,18.155,18.122,18.195,18.308,18.267,18.343,-999.000,-999.000,-999.000,14.159,12.011,17.475,17.087,17.761,-999.000,-999.000,-999.000,-999.000,-999.000,-999.000,20.086,20.044,20.136,-3.127,-2.697,-3.368,-1.383,0.219,0.299,0.280,0.548,0.233,0.328,0.381,0.621,0.410,,,,,,,,
2023-07-02,09,17.103,16.522,18.005,17.080,16.456,18.013,17.134,16.540,17.960,17.117,16.500,17.940,18.537,16.385,22.176,17.037,60.125,438.530,93.443,356.758,409.730,292.116,255.805,235.156,349.518,3.778,7997.383,0.000,-999.000,-999.000,100.972,0.200,0.200,6.112,12.890,268.000,4.457,8.970,267.541,0.884,18.011,17.928,18.141,18.094,18.063,18.134,18.264,18.236,18.309,-999.000,-999.000,-999.000,14.159,12.021,18.425,17.774,19.136,-999.000,-999.000,-999.000,-999.000,-999.000,-999.000,20.073,20.038,20.113,-2.541,-1.939,-1.609,6.196,0.218,0.298,0.280,0.548,0.234,0.328,0.380,0.620,0.412,,,,,,,,
2023-07-02,10,18.393,17.390,19.239,18.366,17.359,19.221,18.434,17.420,19.240,18.409,17.380,19.240,21.267,18.212,23.650,18.326,50.092,799.429,171.699,349.065,426.823,549.973,260.676,620.793,335.973,8.361,7989.183,0.000,-999.000,-999.000,101.004,0.200,0.200,7.884,12.990,262.178,6.059,10.350,262.234,0.884,18.248,18.108,18.385,18.071,18.041,18.115,18.235,18.185,18.272,-999.000,-999.000,-999.000,14.162,12.017,20.335,19.122,21.908,-999.000,-999.000,-999.000,-999.000,-999.000,-999.000,20.056,20.021,20.106,-1.893,-1.169,0.696,25.145,0.218,0.298,0.279,0.548,0.234,0.328,0.380,0.619,0.414,,,,,,,,
2023-07-02,11,19.098,18.007,20.399,19.073,17.952,20.386,19.165,17.990,20.450,19.136,17.950,20.400,22.366,18.586,26.038,19.044,45.595,821.025,173.854,351.415,436.018,562.568,334.191,531.071,340.055,7.250,7999.000,0.000,-999.000,-999.000,101.015,0.200,0.200,7.542,13.000,264.443,5.764,12.280,262.841,0.884,18.599,18.399,18.804,18.066,18.037,18.093,18.195,18.152,18.239,-999.000,-999.000,-999.000,14.158,12.010,22.893,21.963,23.953,-999.000,-999.000,-999.000,-999.000,-999.000,-999.000,20.041,20.016,20.073,-0.971,-0.249,4.310,46.544,0.218,0.298,0.279,0.548,0.235,0.328,0.379,0.617,0.418,,,,,,,,
2023-07-02,12,19.520,18.752,20.093,19.475,18.749,20.046,19.619,18.830,20.220,19.587,18.800,20.190,22.702,20.062,24.887,19.511,42.087,803.193,169.622,348.343,438.793,543.121,303.678,528.089,336.125,6.444,7999.000,0.000,-999.000,-999.000,101.036,0.200,0.200,7.834,12.840,264.933,5.824,12.200,263.787,0.884,18.984,18.773,19.160,18.076,18.029,18.115,18.170,18.130,18.202,-999.000,-999.000,-999.000,14.154,12.015,24.820,24.025,25.496,-999.000,-999.000,-999.000,-999.000,-999.000,-999.000,20.037,19.991,20.074,0.093,0.725,7.729,55.425,0.219,0.298,0.278,0.546,0.235,0.328,0.379,0.616,0.423,,,,,,,,
2023-07-02,13,19.594,18.787,20.215,19.561,18.758,20.206,19.654,18.830,20.310,19.620,18.790,20.260,22.580,19.627,25.110,19.529,41.028,776.978,165.839,349.852,438.882,522.109,286.961,525.403,337.375,6.333,7999.000,0.000,-999.000,-999.000,101.060,0.200,0.200,8.070,13.960,258.888,6.160,11.260,259.062,0.884,19.275,19.160,19.387,18.138,18.056,18.188,18.147,18.113,18.169,-999.000,-999.000,-999.000,14.159,12.012,25.820,25.526,26.130,-999.000,-999.000,-999.000,-999.000,-999.000,-999.000,20.011,19.981,20.045,0.854,1.466,9.913,52.377,0.219,0.298,0.278,0.545,0.236,0.328,0.378,0.616,0.427,,,,,,,,
2023-07-02,14,19.331,18.822,20.369,19.293,18.784,20.338,19.360,18.820,20.510,19.336,18.790,20.520,20.812,18.891,23.679,19.265,45.132,511.424,110.083,359.097,426.348,334.089,296.333,247.460,351.252,3.111,7999.000,0.000,-999.000,-999.000,101.080,0.200,0.200,6.845,11.670,265.695,5.299,9.510,264.659,0.884,19.481,19.370,19.522,18.207,18.162,18.266,18.131,18.095,18.165,-999.000,-999.000,-999.000,14.175,12.024,25.825,25.471,26.170,-999.000,-999.000,-999.000,-999.000,-999.000,-999.000,19.994,19.963,20.042,1.236,1.879,10.417,39.400,0.219,0.298,0.278,0.543,0.237,0.328,0.378,0.617,0.429,,,,,,,,
2023-07-02,15,19.599,19.044,20.423,19.583,18.982,20.414,19.648,19.020,20.490,19.627,19.000,20.490,21.693,19.459,23.987,19.564,43.510,611.872,135.778,350.965,431.875,395.184,314.536,380.323,341.437,6.500,7983.017,0.000,-999.000,-999.000,101.094,0.200,0.200,7.754,13.630,265.650,5.825,11.090,264.591,0.884,19.486,19.454,19.514,18.285,18.230,18.345,18.099,18.079,18.113,-999.000,-999.000,-999.000,14.184,12.048,25.543,25.368,25.739,-999.000,-999.000,-999.000,-999.000,-999.000,-999.000,19.956,19.936,19.996,1.145,1.894,9.188,30.676,0.219,0.298,0.277,0.541,0.238,0.328,0.378,0.616,0.429,,,,,,,,
2023-07-02,16,19.530,19.123,19.916,19.498,19.052,19.908,19.574,19.130,20.050,19.557,19.130,20.050,21.183,19.880,22.404,19.483,41.806,542.375,123.085,337.007,426.850,329.447,236.775,451.201,325.675,8.972,7999.000,0.000,-999.000,-999.000,101.083,0.200,0.200,7.592,13.240,267.620,5.672,9.830,267.073,0.884,19.508,19.473,19.551,18.358,18.302,18.419,18.102,18.082,18.123,-999.000,-999.000,-999.000,14.187,12.049,25.803,25.626,25.914,-999.000,-999.000,-999.000,-999.000,-999.000,-999.000,19.936,19.907,19.963,0.967,1.812,8.118,30.464,0.219,0.298,0.277,0.540,0.238,0.328,0.378,0.616,0.430,,,,,,,,
2023-07-02,17,19.250,18.928,19.563,19.222,18.883,19.584,19.276,18.910,19.630,19.260,18.890,19.610,20.083,18.718,21.124,19.211,45.074,381.633,89.042,351.590,419.218,224.963,251.770,239.611,344.157,5.027,7999.000,0.000,-999.000,-999.000,101.064,0.200,0.200,6.716,13.580,266.451,5.107,10.270,265.896,0.884,19.502,19.433,19.558,18.416,18.380,18.472,18.137,18.104,18.164,-999.000,-999.000,-999.000,14.171,12.034,25.244,24.857,25.624,-999.000,-999.000,-999.000,-999.000,-999.000,-999.000,19.945,19.913,19.972,0.756,1.671,6.818,19.415,0.219,0.298,0.277,0.540,0.238,0.328,0.378,0.615,0.430,,,,,,,,
2023-07-02,18,18.763,18.473,19.244,18.755,18.488,19.235,18.814,18.540,19.320,18.805,18.530,19.310,18.239,17.487,19.956,18.751,48.145,150.318,29.739,369.435,407.592,82.422,137.848,20.933,364.530,0.361,7999.000,0.000,-999.000,-999.000,101.034,0.200,0.200,5.503,9.950,262.054,4.151,7.970,262.306,0.884,19.366,19.254,19.436,18.467,18.429,18.491,18.148,18.119,18.179,-999.000,-999.000,-999.000,14.184,12.032,24.184,23.510,24.848,-999.000,-999.000,-999.000,-999.000,-999.000,-999.000,19.920,19.873,19.965,0.232,1.280,5.022,5.650,0.218,0.298,0.277,0.539,0.238,0.328,0.378,0.614,0.429,,,,,,,,
2023-07-02,19,18.194,17.864,18.467,18.198,17.876,18.488,18.253,17.960,18.530,18.242,17.970,18.500,17.026,16.589,17.551,18.196,51.831,42.719,3.456,377.860,400.695,16.450,42.208,0.000,373.113,0.000,7999.000,0.000,-999.000,-999.000,101.003,0.200,0.200,5.155,8.780,251.010,3.937,7.220,251.127,0.885,19.168,19.078,19.273,18.496,18.475,18.524,18.161,18.125,18.200,-999.000,-999.000,-999.000,14.185,12.040,22.785,22.142,23.490,-999.000,-999.000,-999.000,-999.000,-999.000,-999.000,19.901,19.862,19.934,-0.480,0.661,2.959,-7.431,0.218,0.298,0.277,0.540,0.237,0.328,0.378,0.614,0.427,,,,,,,,
2023-07-02,20,17.498,17.122,17.985,17.506,17.121,18.012,17.547,17.210,18.020,17.544,17.190,18.030,16.060,15.522,16.670,17.491,56.211,12.802,0.038,367.648,395.040,-11.063,12.760,0.000,362.705,0.000,7999.000,0.000,-999.000,-999.000,100.988,0.200,0.200,5.126,9.470,248.219,3.910,7.860,247.660,0.885,18.900,18.764,19.078,18.501,18.475,18.529,18.179,18.152,18.210,-999.000,-999.000,-999.000,14.198,12.053,21.533,21.021,22.116,-999.000,-999.000,-999.000,-999.000,-999.000,-999.000,19.880,19.839,19.918,-1.286,-0.196,0.859,-15.500,0.217,0.297,0.277,0.541,0.237,0.328,0.378,0.613,0.425,,,,,,,,
2023-07-02,21,17.020,16.848,17.213,17.022,16.839,17.218,17.068,16.880,17.270,17.067,16.880,17.280,15.467,15.341,15.641,17.016,59.516,0.062,0.000,370.365,392.010,-15.459,0.115,0.000,365.313,0.000,7946.050,0.000,-999.000,-999.000,100.994,0.200,0.200,4.364,7.690,250.797,3.293,6.250,250.650,0.885,18.620,18.476,18.782,18.473,18.445,18.500,18.188,18.170,18.213,-999.000,-999.000,-999.000,14.183,12.038,20.550,20.163,21.008,-999.000,-999.000,-999.000,-999.000,-999.000,-999.000,19.862,19.832,19.900,-2.057,-1.086,-1.009,-22.642,0.217,0.297,0.277,0.541,0.236,0.328,0.378,0.612,0.422,,,,,,,,
2023-07-02,22,16.925,16.664,17.071,16.925,16.652,17.078,16.917,16.680,17.050,16.916,16.670,17.050,15.513,15.315,15.625,16.880,62.638,0.000,0.000,373.112,392.377,-13.512,0.000,0.000,368.045,0.000,7999.000,0.000,-999.000,-999.000,100.985,0.200,0.200,4.474,7.690,250.486,3.423,6.370,250.146,0.885,18.353,18.241,18.482,18.442,18.404,18.470,18.181,18.166,18.200,-999.000,-999.000,-999.000,14.198,12.042,19.881,19.638,20.147,-999.000,-999.000,-999.000,-999.000,-999.000,-999.000,19.828,19.802,19.846,-2.608,-1.747,-2.345,-23.087,0.216,0.296,0.277,0.542,0.236,0.327,0.378,0.611,0.420,,,,,,,,
2023-07-02,23,16.766,16.625,16.893,16.775,16.626,16.911,16.781,16.580,16.880,16.777,16.580,16.890,15.495,15.246,15.691,16.734,67.660,0.000,0.000,372.148,392.423,-14.673,0.000,0.000,367.232,0.000,7986.117,0.000,-999.000,-999.000,100.971,0.200,0.200,4.831,7.990,243.551,3.687,7.610,243.849,0.885,18.159,18.081,18.245,18.386,18.332,18.428,18.198,18.174,18.219,-999.000,-999.000,-999.000,14.200,12.043,19.416,19.215,19.635,-999.000,-999.000,-999.000,-999.000,-999.000,-999.000,19.811,19.783,19.831,-2.969,-2.169,-3.195,-22.589,0.216,0.296,0.277,0.542,0.235,0.327,0.378,0.611,0.418,,,,,,,,
2023-07-02,24,16.554,16.297,16.830,16.563,16.322,16.861,16.589,16.240,16.840,16.584,16.240,16.840,15.408,15.107,15.691,16.529,66.666,0.000,0.000,371.597,391.550,-14.559,0.000,0.000,366.567,0.000,7999.000,0.000,-999.000,-999.000,100.926,0.200,0.200,5.707,9.860,235.029,4.271,8.120,234.795,0.886,18.010,17.931,18.077,18.310,18.266,18.359,18.197,18.175,18.219,-999.000,-999.000,-999.000,14.198,12.049,19.045,18.863,19.219,-999.000,-999.000,-999.000,-999.000,-999.000,-999.000,19.808,19.783,19.835,-3.154,-2.466,-3.725,-21.576,0.216,0.295,0.277,0.542,0.235,0.326,0.378,0.610,0.417,,,,,,,,
