2023-06-11,01,18.333,17.150,19.067,18.321,17.114,19.079,18.025,17.000,19.000,18.044,17.000,19.020,14.193,12.308,15.211,18.035,66.544,0.000,0.000,346.545,380.682,-27.968,0.000,0.000,343.660,0.000,7999.000,0.000,-999.000,-999.000,101.526,0.200,0.200,2.550,3.410,54.625,1.015,1.920,31.971,0.803,19.705,19.507,19.886,19.313,19.244,19.393,17.919,17.887,17.948,-999.000,-999.000,-999.000,11.827,10.726,23.125,22.722,23.544,-999.000,-999.000,-999.000,-999.000,-999.000,-999.000,18.119,18.095,18.157,-1.092,0.758,-2.075,-28.518,0.230,0.326,0.361,0.732,0.262,0.372,0.509,0.750,0.406,,,,,,,,
2023-06-11,02,16.392,15.750,17.028,16.386,15.744,17.062,16.323,15.710,16.870,16.345,15.700,16.890,13.091,12.364,14.036,16.304,75.840,0.000,0.000,341.472,378.263,-29.375,0.000,0.000,338.127,0.000,7999.000,0.000,-999.000,-999.000,101.517,0.200,0.200,1.436,3.450,337.803,1.333,2.890,299.245,0.804,19.318,19.126,19.523,19.186,19.113,19.264,17.936,17.915,17.970,-999.000,-999.000,-999.000,11.824,10.715,22.307,21.955,22.729,-999.000,-999.000,-999.000,-999.000,-999.000,-999.000,18.143,18.108,18.169,-1.813,-0.343,-3.178,-30.508,0.229,0.325,0.361,0.733,0.262,0.371,0.509,0.750,0.404,,,,,,,,
2023-06-11,03,16.450,15.981,16.883,16.452,15.954,16.911,16.646,15.910,17.370,16.630,15.840,17.390,12.940,11.912,14.224,16.636,74.882,0.000,0.000,342.085,376.410,-27.664,0.000,0.000,338.840,0.000,7999.000,0.000,-999.000,-999.000,101.512,0.200,0.200,1.319,3.320,38.946,0.842,2.270,351.483,0.804,18.974,18.795,19.123,19.036,18.951,19.109,17.945,17.924,17.966,-999.000,-999.000,-999.000,11.829,10.724,21.622,21.310,21.928,-999.000,-999.000,-999.000,-999.000,-999.000,-999.000,18.169,18.142,18.193,-2.530,-1.197,-4.159,-30.384,0.229,0.325,0.361,0.734,0.261,0.370,0.509,0.750,0.403,,,,,,,,
2023-06-11,04,15.710,15.037,16.628,15.703,15.028,16.663,16.018,14.960,17.170,16.015,14.990,17.030,12.428,11.712,13.807,15.901,78.999,11.775,0.715,342.492,375.520,-16.809,8.926,45.744,339.930,1.083,7999.000,0.000,-999.000,-999.000,101.529,0.200,0.200,0.962,2.820,66.527,0.454,1.480,326.060,0.805,18.638,18.487,18.801,18.906,18.824,18.964,17.933,17.917,17.956,-999.000,-999.000,-999.000,11.824,10.707,21.026,20.798,21.296,-999.000,-999.000,-999.000,-999.000,-999.000,-999.000,18.204,18.159,18.231,-3.052,-2.027,-4.938,-29.756,0.228,0.324,0.361,0.735,0.261,0.370,0.509,0.749,0.401,,,,,,,,
2023-06-11,05,18.675,16.684,20.471,18.769,16.726,20.459,19.253,17.110,20.180,19.222,17.090,20.180,17.615,13.988,19.586,19.096,66.326,90.069,24.853,347.045,396.625,15.636,38.379,304.924,344.173,10.000,7999.000,0.000,-999.000,-999.000,101.565,0.200,0.200,2.219,5.400,92.488,1.391,4.350,83.497,0.806,18.380,18.299,18.494,18.744,18.648,18.810,17.912,17.875,17.943,-999.000,-999.000,-999.000,11.834,10.720,20.842,20.732,21.082,-999.000,-999.000,-999.000,-999.000,-999.000,-999.000,18.237,18.199,18.281,-3.448,-2.692,-5.358,-23.419,0.228,0.323,0.361,0.735,0.260,0.369,0.509,0.749,0.400,,,,,,,,
2023-06-11,06,21.292,20.484,22.159,21.327,20.499,22.238,20.945,20.160,21.630,20.930,20.180,21.600,21.053,19.605,22.558,20.843,60.807,233.244,65.551,353.200,416.145,104.748,64.196,509.071,348.077,10.000,7999.000,0.000,-999.000,-999.000,101.586,0.200,0.200,3.417,6.070,106.863,2.585,5.440,106.096,0.807,18.320,18.269,18.379,18.593,18.515,18.668,17.881,17.852,17.912,-999.000,-999.000,-999.000,11.836,10.720,21.557,21.095,22.155,-999.000,-999.000,-999.000,-999.000,-999.000,-999.000,18.266,18.231,18.303,-2.958,-2.388,-4.276,-8.539,0.227,0.323,0.361,0.735,0.260,0.368,0.508,0.749,0.399,,,,,,,,
2023-06-11,07,22.644,22.162,23.267,22.640,22.219,23.293,22.137,21.590,22.790,22.106,21.580,22.760,23.090,22.260,24.171,21.987,58.899,391.925,103.021,360.437,435.108,214.231,82.350,634.790,352.897,10.000,7999.000,0.000,-999.000,-999.000,101.610,0.200,0.200,4.065,6.680,120.236,3.110,5.510,118.129,0.808,18.500,18.369,18.687,18.451,18.403,18.539,17.840,17.808,17.885,-999.000,-999.000,-999.000,11.840,10.718,22.937,22.177,23.739,-999.000,-999.000,-999.000,-999.000,-999.000,-999.000,18.294,18.251,18.322,-1.480,-1.028,-1.635,10.148,0.227,0.322,0.360,0.734,0.260,0.368,0.507,0.749,0.401,,,,,,,,
2023-06-11,08,24.298,23.084,25.379,24.289,23.006,25.420,23.834,22.770,24.640,23.801,22.720,24.610,25.318,23.902,26.407,23.683,57.238,541.571,134.761,369.163,456.752,319.222,95.939,712.745,359.425,10.000,7999.000,0.000,-999.000,-999.000,101.629,0.200,0.200,4.030,6.760,118.321,3.283,5.980,119.573,0.808,18.938,18.693,19.243,18.357,18.308,18.423,17.798,17.764,17.836,-999.000,-999.000,-999.000,11.849,10.727,24.735,23.755,25.740,-999.000,-999.000,-999.000,-999.000,-999.000,-999.000,18.328,18.293,18.365,0.614,1.119,2.355,28.810,0.228,0.322,0.359,0.732,0.260,0.368,0.506,0.750,0.403,,,,,,,,
2023-06-11,09,26.062,25.296,26.940,26.051,25.196,26.939,25.284,24.460,26.090,25.275,24.460,26.120,27.565,26.448,29.129,25.212,53.565,676.640,159.335,379.015,478.883,417.437,107.014,759.051,367.365,10.000,7999.000,0.000,-999.000,-999.000,101.625,0.200,0.200,4.089,6.940,114.156,3.302,6.390,111.462,0.809,19.601,19.243,20.004,18.301,18.266,18.353,17.748,17.705,17.786,-999.000,-999.000,-999.000,11.849,10.726,26.848,25.766,28.006,-999.000,-999.000,-999.000,-999.000,-999.000,-999.000,18.354,18.323,18.378,3.322,3.960,7.441,47.162,0.229,0.322,0.358,0.729,0.260,0.368,0.504,0.750,0.406,,,,,,,,
2023-06-11,10,27.506,26.595,28.300,27.487,26.575,28.280,26.877,25.980,27.680,26.859,25.980,27.690,29.226,28.332,30.002,26.818,48.568,784.329,176.552,388.315,495.687,500.405,117.448,783.583,375.045,10.000,7999.000,0.000,-999.000,-999.000,101.603,0.200,0.200,4.141,6.730,120.165,3.280,5.840,117.713,0.810,20.491,20.023,20.980,18.311,18.284,18.346,17.706,17.673,17.745,-999.000,-999.000,-999.000,11.856,10.730,29.176,28.056,30.259,-999.000,-999.000,-999.000,-999.000,-999.000,-999.000,18.389,18.356,18.434,6.742,7.437,13.296,64.526,0.230,0.322,0.357,0.727,0.261,0.368,0.502,0.751,0.410,,,,,,,,
2023-06-11,11,28.619,27.932,28.912,28.611,27.869,28.938,27.773,27.510,28.090,27.797,27.500,28.120,30.204,29.440,30.606,27.780,44.573,851.865,188.051,393.390,501.818,555.385,131.609,793.804,379.243,10.000,7999.000,0.000,-999.000,-999.000,101.595,0.200,0.200,5.109,9.160,104.645,4.091,8.280,102.233,0.811,21.500,21.000,21.968,18.392,18.326,18.448,17.662,17.634,17.686,-999.000,-999.000,-999.000,11.866,10.740,31.182,30.278,31.873,-999.000,-999.000,-999.000,-999.000,-999.000,-999.000,18.405,18.372,18.441,10.440,11.193,19.206,73.761,0.231,0.323,0.356,0.726,0.262,0.368,0.499,0.752,0.415,,,,,,,,
2023-06-11,12,29.246,28.869,29.835,29.238,28.812,29.881,28.457,27.970,29.120,28.481,28.020,29.160,30.631,29.995,31.382,28.475,40.066,870.631,190.614,394.108,506.285,567.841,128.042,801.017,379.592,10.000,7999.000,0.000,-999.000,-999.000,101.573,0.200,0.200,5.550,9.190,107.604,4.271,7.630,107.613,0.811,22.365,21.965,22.758,18.533,18.432,18.626,17.651,17.624,17.674,-999.000,-999.000,-999.000,11.871,10.739,32.573,31.922,33.191,-999.000,-999.000,-999.000,-999.000,-999.000,-999.000,18.436,18.416,18.459,13.190,14.423,22.610,75.148,0.232,0.324,0.354,0.726,0.263,0.369,0.496,0.753,0.418,,,,,,,,
2023-06-11,13,29.789,29.172,30.124,29.759,29.136,30.192,29.215,29.000,29.440,29.225,29.020,29.460,30.702,30.249,31.168,29.242,34.032,864.041,189.028,392.667,504.255,563.425,123.830,813.864,378.162,10.000,7999.000,0.000,-999.000,-999.000,101.546,0.200,0.200,6.217,10.600,121.622,4.760,8.540,120.394,0.812,23.085,22.771,23.358,18.733,18.629,18.869,17.645,17.626,17.667,-999.000,-999.000,-999.000,11.878,10.743,33.545,33.204,33.882,-999.000,-999.000,-999.000,-999.000,-999.000,-999.000,18.446,18.408,18.478,14.847,16.600,24.328,72.571,0.233,0.325,0.353,0.726,0.264,0.369,0.493,0.751,0.421,,,,,,,,
2023-06-11,14,29.922,29.339,30.236,29.926,29.299,30.305,29.244,28.290,29.550,29.264,28.330,29.570,30.544,27.643,31.193,29.273,34.350,756.325,166.930,393.157,499.052,483.501,128.804,734.535,379.805,9.361,7999.000,0.000,-999.000,-999.000,101.527,0.200,0.200,6.194,10.660,114.019,4.773,8.980,111.033,0.813,23.551,23.365,23.694,18.959,18.839,19.075,17.675,17.633,17.705,-999.000,-999.000,-999.000,11.870,10.748,34.001,33.875,34.150,-999.000,-999.000,-999.000,-999.000,-999.000,-999.000,18.485,18.442,18.524,15.220,17.630,24.702,64.406,0.234,0.326,0.352,0.727,0.264,0.370,0.490,0.751,0.423,,,,,,,,
2023-06-11,15,30.171,29.670,30.339,30.198,29.531,30.399,29.544,29.230,29.720,29.560,29.280,29.750,30.717,30.274,31.273,29.576,32.051,701.662,159.927,391.678,496.578,436.835,117.675,760.156,378.468,10.000,7999.000,0.000,-999.000,-999.000,101.501,0.200,0.200,5.835,10.080,112.469,4.532,8.040,110.294,0.814,23.813,23.694,23.911,19.196,19.071,19.335,17.712,17.695,17.736,-999.000,-999.000,-999.000,11.863,10.739,34.207,34.137,34.247,-999.000,-999.000,-999.000,-999.000,-999.000,-999.000,18.519,18.491,18.542,14.664,17.692,23.447,58.316,0.234,0.326,0.351,0.727,0.265,0.370,0.487,0.751,0.424,,,,,,,,
2023-06-11,16,30.194,30.061,30.289,30.251,30.012,30.397,29.526,29.390,29.680,29.541,29.420,29.690,30.460,29.800,31.171,29.534,30.853,565.079,135.046,389.640,488.738,330.935,110.128,707.840,378.048,10.000,7999.000,0.000,-999.000,-999.000,101.464,0.200,0.200,5.170,9.330,108.827,3.949,7.590,106.118,0.814,23.907,23.863,23.932,19.435,19.335,19.536,17.749,17.712,17.785,-999.000,-999.000,-999.000,11.873,10.726,34.059,33.833,34.212,-999.000,-999.000,-999.000,-999.000,-999.000,-999.000,18.529,18.509,18.546,13.727,17.168,21.645,48.555,0.234,0.327,0.350,0.728,0.265,0.370,0.485,0.751,0.425,,,,,,,,
2023-06-11,17,29.851,29.527,30.161,29.887,29.579,30.228,29.290,28.920,29.510,29.309,28.940,29.510,29.499,28.696,30.078,29.290,31.220,410.800,102.897,386.772,474.538,220.137,98.870,621.752,377.348,10.000,7999.000,0.000,-999.000,-999.000,101.442,0.200,0.200,5.076,8.440,104.069,3.923,7.590,102.839,0.815,23.787,23.643,23.889,19.609,19.530,19.699,17.813,17.762,17.874,-999.000,-999.000,-999.000,11.890,10.741,33.416,32.888,33.832,-999.000,-999.000,-999.000,-999.000,-999.000,-999.000,18.532,18.503,18.564,12.295,15.957,19.161,35.582,0.234,0.327,0.350,0.728,0.264,0.370,0.483,0.752,0.424,,,,,,,,
2023-06-11,18,29.186,28.686,29.562,29.218,28.729,29.608,28.637,28.190,29.040,28.648,28.220,29.040,28.131,27.362,28.921,28.635,33.846,258.776,67.886,383.297,459.173,115.014,78.302,502.775,376.288,10.000,7999.000,0.000,-999.000,-999.000,101.437,0.200,0.200,4.704,7.940,109.369,3.541,6.780,108.496,0.816,23.469,23.241,23.654,19.767,19.676,19.832,17.903,17.860,17.950,-999.000,-999.000,-999.000,11.888,10.743,32.227,31.505,32.866,-999.000,-999.000,-999.000,-999.000,-999.000,-999.000,18.558,18.535,18.580,10.315,14.068,15.966,18.998,0.233,0.327,0.349,0.728,0.264,0.370,0.481,0.752,0.423,,,,,,,,
2023-06-11,19,27.992,27.196,28.687,28.028,27.209,28.759,27.567,26.860,28.310,27.592,26.890,28.300,26.118,25.015,27.332,27.570,35.903,113.913,30.327,378.412,441.772,20.226,49.748,305.122,372.902,10.000,7999.000,0.000,-999.000,-999.000,101.447,0.200,0.200,4.282,7.820,99.522,3.068,6.290,99.375,0.816,22.994,22.725,23.227,19.881,19.819,19.927,17.990,17.937,18.045,-999.000,-999.000,-999.000,11.895,10.749,30.728,29.972,31.496,-999.000,-999.000,-999.000,-999.000,-999.000,-999.000,18.581,18.546,18.614,8.062,11.816,12.535,2.739,0.232,0.326,0.349,0.726,0.263,0.370,0.481,0.753,0.420,,,,,,,,
2023-06-11,20,26.168,25.082,27.173,26.166,25.078,27.200,25.929,24.890,26.830,25.940,24.900,26.860,23.370,21.602,24.931,25.913,36.718,19.305,2.456,368.985,424.020,-34.880,13.215,58.671,364.402,1.611,7999.000,0.000,-999.000,-999.000,101.494,0.200,0.200,3.927,6.880,97.646,2.702,5.270,96.494,0.817,22.449,22.139,22.712,19.943,19.907,19.975,18.066,18.022,18.122,-999.000,-999.000,-999.000,11.901,10.750,29.149,28.349,29.945,-999.000,-999.000,-999.000,-999.000,-999.000,-999.000,18.591,18.551,18.616,5.911,9.529,9.143,-12.348,0.231,0.325,0.349,0.725,0.262,0.370,0.480,0.754,0.417,,,,,,,,
2023-06-11,21,24.570,23.899,25.106,24.560,23.904,25.092,24.550,23.850,25.190,24.542,23.840,25.140,21.603,20.530,22.053,24.521,36.504,0.003,0.000,361.893,414.377,-46.610,0.000,0.000,357.207,0.000,7999.000,0.000,-999.000,-999.000,101.535,0.200,0.200,4.007,5.920,97.776,2.639,5.030,96.417,0.818,21.869,21.555,22.136,19.956,19.924,19.984,18.145,18.096,18.196,-999.000,-999.000,-999.000,11.897,10.746,27.577,26.923,28.316,-999.000,-999.000,-999.000,-999.000,-999.000,-999.000,18.610,18.563,18.649,3.822,7.160,5.709,-22.164,0.231,0.324,0.349,0.724,0.261,0.369,0.480,0.755,0.413,,,,,,,,
2023-06-11,22,23.358,22.923,23.873,23.355,22.902,23.884,23.345,22.490,23.920,23.307,22.450,23.900,20.214,18.706,21.068,23.300,38.715,0.000,0.000,356.398,407.680,-45.956,0.000,0.000,351.878,0.000,7999.000,0.000,-999.000,-999.000,101.551,0.200,0.200,3.888,7.250,78.673,2.648,5.370,76.169,0.819,21.300,21.014,21.542,19.922,19.877,19.961,18.212,18.168,18.253,-999.000,-999.000,-999.000,11.910,10.759,26.301,25.765,26.893,-999.000,-999.000,-999.000,-999.000,-999.000,-999.000,18.631,18.591,18.675,1.926,4.851,2.708,-25.825,0.230,0.323,0.349,0.724,0.261,0.368,0.480,0.755,0.410,,,,,,,,
2023-06-11,23,22.937,22.781,23.077,22.941,22.793,23.074,23.007,22.710,23.270,22.985,22.730,23.240,20.514,19.609,20.969,22.987,36.993,0.000,0.000,353.330,409.018,-50.813,0.000,0.000,349.322,0.000,7999.000,0.000,-999.000,-999.000,101.569,0.200,0.200,4.327,7.530,87.535,3.202,5.900,86.300,0.819,20.787,20.557,21.024,19.857,19.787,19.917,18.260,18.230,18.296,-999.000,-999.000,-999.000,11.903,10.742,25.316,24.907,25.763,-999.000,-999.000,-999.000,-999.000,-999.000,-999.000,18.655,18.636,18.672,0.417,2.838,0.337,-27.091,0.229,0.322,0.349,0.724,0.260,0.367,0.480,0.755,0.408,,,,,,,,
2023-06-11,24,22.183,21.583,22.794,22.169,21.576,22.820,22.151,21.570,22.790,22.142,21.570,22.790,19.717,19.090,20.470,22.134,39.307,0.000,0.000,349.707,404.292,-49.389,0.000,0.000,345.513,0.000,7999.000,0.000,-999.000,-999.000,101.580,0.200,0.200,3.991,7.150,94.845,2.778,5.270,94.294,0.820,20.355,20.145,20.554,19.743,19.671,19.820,18.303,18.263,18.344,-999.000,-999.000,-999.000,11.920,10.755,24.495,24.094,24.894,-999.000,-999.000,-999.000,-999.000,-999.000,-999.000,18.663,18.633,18.709,-0.762,1.145,-1.417,-27.031,0.228,0.322,0.349,0.724,0.259,0.366,0.480,0.755,0.405,,,,,,,,
