2023-04-05,01,1.950,1.731,2.253,1.968,1.744,2.250,1.999,1.716,2.268,2.004,1.702,2.306,0.303,0.117,0.500,1.908,79.000,0.000,0.000,251.290,307.413,-51.313,0.000,0.000,236.953,0.000,7870.217,0.000,-999.000,-999.000,102.487,0.200,0.200,1.502,2.360,15.248,1.049,1.620,346.966,0.326,7.745,7.573,7.902,8.033,7.993,8.073,7.864,7.846,7.887,-999.000,-999.000,-999.000,8.323,9.026,4.518,4.135,4.917,-999.000,-999.000,-999.000,-999.000,-999.000,-999.000,8.342,8.328,8.365,-3.303,-4.396,-6.644,-29.944,0.611,0.652,0.688,0.711,0.696,0.701,0.686,0.735,0.512,,,,,,,,
2023-04-05,02,1.577,1.337,1.737,1.589,1.344,1.778,1.634,1.404,1.808,1.644,1.367,1.853,-0.078,-0.252,0.127,1.543,77.622,0.000,0.000,250.367,304.908,-49.930,0.000,0.000,235.942,0.000,7926.133,0.000,-999.000,-999.000,102.451,0.200,0.200,1.589,2.370,18.772,1.082,1.610,358.961,0.327,7.419,7.276,7.566,7.986,7.953,8.007,7.883,7.854,7.919,-999.000,-999.000,-999.000,8.336,9.038,3.767,3.428,4.131,-999.000,-999.000,-999.000,-999.000,-999.000,-999.000,8.335,8.320,8.349,-4.797,-5.706,-8.352,-31.412,0.609,0.651,0.688,0.711,0.696,0.701,0.686,0.734,0.511,,,,,,,,
2023-04-05,03,0.706,-0.256,1.374,0.679,-0.292,1.354,0.651,-0.320,1.422,0.642,-0.310,1.382,-1.035,-1.599,-0.246,0.588,84.527,0.000,0.000,249.163,301.312,-47.133,0.000,0.000,234.952,0.000,7965.900,0.000,-999.000,-999.000,102.417,0.200,0.200,1.451,2.130,19.466,0.753,-999.000,342.148,0.327,7.114,6.953,7.267,7.906,7.851,7.963,7.907,7.887,7.920,-999.000,-999.000,-999.000,8.330,9.030,3.116,2.814,3.431,-999.000,-999.000,-999.000,-999.000,-999.000,-999.000,8.342,8.318,8.365,-6.075,-6.878,-9.826,-32.279,0.607,0.650,0.688,0.711,0.696,0.700,0.686,0.734,0.511,,,,,,,,
2023-04-05,04,-0.734,-1.069,-0.292,-0.748,-1.055,-0.331,-0.734,-0.964,-0.343,-0.736,-0.971,-0.359,-1.837,-2.180,-1.447,-0.781,91.332,0.000,0.000,247.537,298.770,-46.351,0.000,0.000,233.165,0.000,7899.650,0.000,-999.000,-999.000,102.368,0.200,0.200,0.843,1.310,10.222,0.673,1.960,301.581,0.328,6.791,6.661,6.943,7.793,7.751,7.851,7.897,7.878,7.925,-999.000,-999.000,-999.000,8.325,9.022,2.576,2.399,2.818,-999.000,-999.000,-999.000,-999.000,-999.000,-999.000,8.329,8.293,8.359,-7.225,-7.999,-11.156,-32.013,0.607,0.650,0.688,0.711,0.696,0.700,0.686,0.734,0.510,,,,,,,,
2023-04-05,05,-1.392,-1.618,-1.063,-1.407,-1.611,-1.065,-1.382,-1.616,-0.951,-1.368,-1.627,-0.958,-2.266,-2.497,-1.929,-1.405,92.333,0.263,0.000,246.007,296.510,-45.070,0.211,0.000,232.252,0.000,7913.983,0.000,-999.000,-999.000,102.342,0.200,0.200,0.949,1.290,337.538,0.742,3.220,297.302,0.328,6.499,6.341,6.655,7.688,7.620,7.745,7.893,7.868,7.911,-999.000,-999.000,-999.000,8.336,9.044,2.284,2.185,2.392,-999.000,-999.000,-999.000,-999.000,-999.000,-999.000,8.333,8.296,8.359,-8.254,-9.062,-12.382,-29.959,0.606,0.649,0.688,0.710,0.695,0.700,0.686,0.733,0.508,,,,,,,,
2023-04-05,06,-1.370,-1.665,-0.831,-1.348,-1.657,-0.777,-1.236,-1.658,-0.583,-1.255,-1.608,-0.616,-2.093,-2.639,-1.222,-1.342,93.117,44.738,11.409,246.647,299.702,-18.962,20.472,71.057,232.890,5.111,7944.883,0.000,-999.000,-999.000,102.350,0.200,0.200,0.560,0.930,357.897,0.450,4.310,304.787,0.329,6.214,6.091,6.345,7.577,7.501,7.637,7.880,7.835,7.903,-999.000,-999.000,-999.000,8.343,9.043,2.098,1.994,2.175,-999.000,-999.000,-999.000,-999.000,-999.000,-999.000,8.336,8.293,8.366,-9.131,-10.015,-13.463,-28.120,0.605,0.649,0.688,0.710,0.695,0.700,0.686,0.733,0.506,,,,,,,,
2023-04-05,07,0.129,-0.811,1.459,0.223,-0.754,1.561,0.438,-0.585,2.444,0.386,-0.617,2.102,-0.019,-1.163,1.424,0.231,86.681,185.655,52.693,253.542,318.775,67.728,52.385,531.760,235.990,10.000,7922.017,0.000,-999.000,-999.000,102.421,0.200,0.200,0.756,1.340,342.165,0.692,1.270,325.298,0.329,5.950,5.826,6.091,7.438,7.356,7.510,7.842,7.811,7.885,-999.000,-999.000,-999.000,8.331,9.029,1.982,1.924,2.071,-999.000,-999.000,-999.000,-999.000,-999.000,-999.000,8.328,8.296,8.360,-9.848,-10.721,-14.213,-26.867,0.604,0.648,0.688,0.710,0.695,0.699,0.686,0.733,0.508,,,,,,,,
2023-04-05,08,3.814,1.482,6.230,4.023,1.611,6.463,4.865,2.378,7.048,4.449,2.100,6.766,3.664,1.539,6.444,3.958,70.195,347.096,91.528,266.602,347.438,174.732,73.900,678.996,243.338,10.000,7887.567,0.000,-999.000,-999.000,102.464,0.200,0.200,0.550,2.570,99.428,0.492,2.250,109.650,0.330,5.759,5.693,5.846,7.302,7.235,7.393,7.807,7.778,7.849,-999.000,-999.000,-999.000,8.330,9.028,3.050,2.074,4.347,-999.000,-999.000,-999.000,-999.000,-999.000,-999.000,8.329,8.305,8.352,-10.123,-11.017,-14.018,-16.190,0.604,0.647,0.687,0.710,0.694,0.699,0.686,0.734,0.511,,,,,,,,
2023-04-05,09,6.980,6.084,7.966,7.099,6.414,8.183,7.358,6.713,8.230,7.139,6.530,8.130,8.420,6.622,10.727,6.895,56.614,501.930,129.355,273.225,369.770,276.030,94.567,767.361,248.620,10.000,7817.983,0.000,-999.000,-999.000,102.441,0.200,0.200,2.136,3.650,142.293,1.889,3.240,142.371,0.331,5.703,5.669,5.764,7.170,7.114,7.237,7.765,7.733,7.801,-999.000,-999.000,-999.000,8.335,9.034,5.870,4.399,7.345,-999.000,-999.000,-999.000,-999.000,-999.000,-999.000,8.325,8.314,8.337,-9.478,-10.709,-12.360,9.913,0.603,0.647,0.687,0.710,0.694,0.699,0.685,0.734,0.511,,,,,,,,
2023-04-05,10,8.268,7.821,8.922,8.307,7.843,8.948,8.495,8.090,9.030,8.346,7.879,8.920,12.259,10.833,14.274,8.226,47.480,630.014,156.346,276.212,380.955,368.924,105.672,827.415,251.360,10.000,7929.567,0.000,-999.000,-999.000,102.429,0.200,0.200,2.544,4.610,153.239,2.209,4.470,154.038,0.331,5.917,5.768,6.106,7.057,7.015,7.118,7.725,7.709,7.749,-999.000,-999.000,-999.000,8.334,9.024,8.877,7.407,10.287,-999.000,-999.000,-999.000,-999.000,-999.000,-999.000,8.344,8.330,8.359,-7.204,-9.410,-8.606,31.873,0.603,0.647,0.687,0.710,0.694,0.698,0.685,0.734,0.511,,,,,,,,
2023-04-05,11,8.918,8.544,9.390,8.938,8.553,9.371,8.936,8.540,9.360,8.876,8.440,9.380,14.740,14.012,15.760,8.841,43.231,713.846,172.461,278.562,389.153,430.793,109.560,860.658,252.935,10.000,7800.733,0.000,-999.000,-999.000,102.384,0.200,0.200,2.869,6.550,156.687,2.390,4.930,152.481,0.332,6.338,6.099,6.629,6.972,6.942,7.018,7.683,7.655,7.719,-999.000,-999.000,-999.000,8.350,9.049,11.671,10.337,12.853,-999.000,-999.000,-999.000,-999.000,-999.000,-999.000,8.330,8.318,8.352,-3.627,-7.129,-3.553,47.453,0.603,0.646,0.687,0.710,0.694,0.698,0.685,0.734,0.511,,,,,,,,
2023-04-05,12,9.550,9.017,10.638,9.543,8.950,10.786,9.463,9.000,10.340,9.459,8.940,10.420,16.433,14.597,18.524,9.428,40.682,747.942,179.675,280.095,395.250,453.112,111.376,872.180,254.838,10.000,7530.567,0.000,-999.000,-999.000,102.335,0.200,0.200,2.272,5.130,163.413,1.960,5.090,162.941,0.332,6.954,6.635,7.274,6.943,6.919,6.979,7.631,7.577,7.673,-999.000,-999.000,-999.000,8.349,9.037,13.928,12.903,14.942,-999.000,-999.000,-999.000,-999.000,-999.000,-999.000,8.335,8.312,8.359,0.397,-4.348,1.780,56.368,0.602,0.646,0.687,0.710,0.694,0.698,0.685,0.734,0.510,,,,,,,,
2023-04-05,13,10.350,9.975,10.826,10.356,9.912,10.963,10.302,9.940,10.770,10.293,9.910,10.770,17.223,15.956,18.419,10.167,39.225,725.847,176.390,283.943,399.033,434.366,111.505,862.994,257.842,10.000,7760.267,0.000,-999.000,-999.000,102.284,0.200,0.200,2.196,4.810,180.292,1.846,4.480,180.947,0.333,7.656,7.274,8.027,6.965,6.922,7.004,7.571,7.550,7.596,-999.000,-999.000,-999.000,8.333,9.019,15.878,14.994,16.611,-999.000,-999.000,-999.000,-999.000,-999.000,-999.000,8.332,8.318,8.360,4.255,-1.487,6.751,61.843,0.601,0.645,0.687,0.710,0.694,0.699,0.685,0.733,0.509,,,,,,,,
2023-04-05,14,10.840,10.416,11.498,10.833,10.425,11.529,10.847,10.410,11.420,10.832,10.390,11.440,17.424,16.305,19.060,10.697,36.657,655.883,163.619,285.997,398.448,379.812,111.124,831.241,260.047,10.000,7817.717,0.000,-999.000,-999.000,102.222,0.200,0.200,1.990,5.020,196.919,1.714,4.230,194.460,0.334,8.377,8.040,8.676,7.054,6.990,7.103,7.543,7.510,7.576,-999.000,-999.000,-999.000,8.343,9.031,17.152,16.624,17.495,-999.000,-999.000,-999.000,-999.000,-999.000,-999.000,8.334,8.318,8.350,7.714,1.193,10.945,61.847,0.599,0.646,0.686,0.710,0.689,0.693,0.684,0.732,0.509,,,,,,,,
2023-04-05,15,11.122,10.720,11.518,11.090,10.648,11.588,11.064,10.520,11.500,11.058,10.520,11.500,16.638,15.168,17.623,11.058,35.244,545.204,141.503,286.137,392.687,297.151,105.997,777.986,260.853,10.000,7860.400,0.000,-999.000,-999.000,102.161,0.200,0.200,1.823,4.480,175.512,1.521,4.380,174.140,0.334,8.989,8.692,9.253,7.172,7.104,7.261,7.504,7.485,7.525,-999.000,-999.000,-999.000,8.347,9.042,17.600,17.489,17.641,-999.000,-999.000,-999.000,-999.000,-999.000,-999.000,8.319,8.298,8.341,10.326,3.436,13.616,55.689,0.599,0.646,0.686,0.710,0.686,0.689,0.685,0.732,0.508,,,,,,,,
2023-04-05,16,11.090,10.659,11.648,11.036,10.627,11.571,10.979,10.570,11.590,10.980,10.530,11.680,14.925,12.885,15.754,11.050,33.123,396.640,107.804,284.193,382.323,190.705,95.828,679.229,260.753,10.000,7722.733,0.000,-999.000,-999.000,102.096,0.200,0.200,1.585,4.140,162.726,1.389,3.440,161.364,0.335,9.447,9.263,9.635,7.347,7.272,7.457,7.495,7.473,7.525,-999.000,-999.000,-999.000,8.347,9.036,17.194,16.776,17.554,-999.000,-999.000,-999.000,-999.000,-999.000,-999.000,8.320,8.301,8.353,11.678,5.056,14.385,44.810,0.598,0.647,0.686,0.710,0.684,0.687,0.685,0.731,0.507,,,,,,,,
2023-04-05,17,10.407,10.010,10.937,10.374,10.009,10.957,10.343,10.000,10.620,10.329,10.000,10.630,11.292,9.490,13.275,10.349,36.598,210.326,57.734,280.377,366.437,66.532,74.541,454.258,259.995,10.000,7902.950,0.000,-999.000,-999.000,102.041,0.200,0.200,1.868,3.660,171.077,1.453,2.650,168.888,0.335,9.712,9.628,9.776,7.538,7.453,7.627,7.506,7.480,7.526,-999.000,-999.000,-999.000,8.347,9.033,15.962,15.043,16.766,-999.000,-999.000,-999.000,-999.000,-999.000,-999.000,8.317,8.296,8.344,11.653,5.925,13.353,30.093,0.597,0.648,0.685,0.710,0.683,0.686,0.683,0.731,0.506,,,,,,,,
2023-04-05,18,8.621,7.242,9.964,8.622,7.235,9.966,8.658,7.338,9.980,8.617,7.286,9.990,7.186,5.032,9.371,8.618,49.066,70.355,17.034,275.202,345.338,-15.987,35.139,201.267,256.960,5.083,7988.867,0.000,-999.000,-999.000,102.001,0.200,0.200,2.190,2.720,180.665,1.372,2.230,177.953,0.336,9.759,9.718,9.792,7.725,7.630,7.830,7.527,7.493,7.572,-999.000,-999.000,-999.000,8.352,9.036,14.042,12.986,15.014,-999.000,-999.000,-999.000,-999.000,-999.000,-999.000,8.311,8.261,8.345,10.450,5.960,11.115,12.175,0.596,0.645,0.685,0.709,0.683,0.686,0.683,0.731,0.505,,,,,,,,
2023-04-05,19,6.835,5.560,7.609,6.856,5.526,7.635,6.932,5.685,7.726,6.944,5.604,7.776,3.748,2.753,5.066,6.939,55.018,1.835,0.000,269.237,322.847,-45.331,1.225,1.137,253.615,0.000,7999.000,0.000,-999.000,-999.000,101.993,0.200,0.200,1.471,2.250,195.215,1.007,1.530,182.032,0.336,9.620,9.465,9.743,7.897,7.830,7.965,7.567,7.538,7.592,-999.000,-999.000,-999.000,8.352,9.038,11.897,10.908,12.981,-999.000,-999.000,-999.000,-999.000,-999.000,-999.000,8.302,8.266,8.348,8.460,5.050,8.084,-4.527,0.595,0.639,0.686,0.709,0.683,0.686,0.683,0.732,0.504,,,,,,,,
2023-04-05,20,5.152,4.390,5.474,5.123,4.400,5.447,5.265,4.339,5.811,5.216,4.299,5.721,2.375,1.802,3.005,5.155,71.851,0.000,0.000,265.993,317.263,-45.119,0.000,0.000,251.103,0.000,7995.900,0.000,-999.000,-999.000,101.990,0.200,0.200,1.810,2.320,121.274,0.655,1.550,137.586,0.337,9.304,9.097,9.520,8.025,7.959,8.088,7.622,7.578,7.648,-999.000,-999.000,-999.000,8.361,9.045,9.997,9.223,10.875,-999.000,-999.000,-999.000,-999.000,-999.000,-999.000,8.300,8.274,8.342,5.767,3.132,4.210,-16.043,0.594,0.637,0.685,0.709,0.683,0.686,0.683,0.732,0.503,,,,,,,,
2023-04-05,21,3.486,2.983,4.377,3.456,2.950,4.380,3.444,2.809,4.381,3.457,2.815,4.347,1.660,1.302,1.958,3.504,75.093,0.000,0.000,263.128,313.543,-44.172,0.000,0.000,247.895,0.000,7994.283,0.000,-999.000,-999.000,101.952,0.200,0.200,0.633,1.770,181.796,0.405,1.130,269.462,0.337,8.903,8.712,9.094,8.104,8.065,8.156,7.666,7.630,7.733,-999.000,-999.000,-999.000,8.357,9.040,8.491,7.861,9.200,-999.000,-999.000,-999.000,-999.000,-999.000,-999.000,8.286,8.263,8.314,2.838,0.915,0.469,-22.536,0.593,0.636,0.686,0.709,0.682,0.685,0.683,0.732,0.503,,,,,,,,
2023-04-05,22,2.885,2.402,3.506,2.866,2.465,3.291,2.885,2.488,3.501,2.888,2.531,3.487,1.171,0.876,1.473,2.872,87.388,0.000,0.000,261.350,310.695,-42.968,0.000,0.000,245.995,0.000,7992.300,0.000,-999.000,-999.000,101.914,0.200,0.200,0.373,0.840,0.259,0.287,0.670,348.751,0.338,8.508,8.306,8.695,8.140,8.113,8.161,7.721,7.696,7.737,-999.000,-999.000,-999.000,8.360,9.049,7.297,6.762,7.841,-999.000,-999.000,-999.000,-999.000,-999.000,-999.000,8.289,8.271,8.306,0.236,-1.127,-2.593,-26.337,0.592,0.636,0.686,0.710,0.681,0.684,0.681,0.732,0.502,,,,,,,,
2023-04-05,23,1.787,1.420,2.382,1.803,1.434,2.458,1.658,1.297,2.406,1.657,1.292,2.415,0.597,0.292,0.936,1.673,87.133,0.000,0.000,260.873,308.960,-41.186,0.000,0.000,244.898,0.000,7907.517,0.000,-999.000,-999.000,101.895,0.200,0.200,0.201,0.400,41.516,0.303,0.740,248.820,0.339,8.118,7.934,8.300,8.124,8.105,8.146,7.759,7.734,7.789,-999.000,-999.000,-999.000,8.352,9.044,6.274,5.814,6.752,-999.000,-999.000,-999.000,-999.000,-999.000,-999.000,8.277,8.248,8.289,-1.949,-2.953,-5.098,-28.681,0.590,0.635,0.686,0.710,0.680,0.684,0.683,0.732,0.501,,,,,,,,
2023-04-05,24,1.184,0.908,1.473,1.192,0.944,1.506,1.393,1.046,1.753,1.395,1.136,1.781,0.079,-0.262,0.447,1.401,86.240,0.000,0.000,258.278,306.003,-41.392,0.000,0.000,243.150,0.000,7894.200,0.000,-999.000,-999.000,101.846,0.200,0.200,0.893,1.500,174.473,0.398,0.910,174.995,0.340,7.773,7.598,7.941,8.088,8.042,8.114,7.815,7.782,7.847,-999.000,-999.000,-999.000,8.376,9.050,5.375,4.981,5.790,-999.000,-999.000,-999.000,-999.000,-999.000,-999.000,8.288,8.260,8.318,-3.756,-4.526,-7.181,-30.366,0.589,0.634,0.686,0.709,0.680,0.683,0.683,0.733,0.501,,,,,,,,
