2023-04-15,01,6.978,4.680,8.284,6.964,4.624,8.266,6.914,4.726,8.550,6.883,4.690,8.460,4.165,3.235,4.636,6.824,74.249,0.000,0.000,284.217,333.505,-44.347,0.000,0.000,270.765,0.000,7999.000,0.000,-999.000,-999.000,100.862,0.200,0.200,2.686,5.080,61.595,1.353,3.270,27.052,0.350,9.196,9.098,9.306,9.184,9.147,9.233,8.799,8.773,8.831,-999.000,-999.000,-999.000,8.570,9.162,7.212,6.954,7.469,-999.000,-999.000,-999.000,-999.000,-999.000,-999.000,9.158,9.146,9.185,-1.676,-1.867,-3.724,-24.830,0.669,0.690,0.688,0.711,0.692,0.695,0.688,0.742,0.532,,,,,,,,
2023-04-15,02,5.240,4.693,5.430,5.257,4.667,5.430,5.288,4.724,5.558,5.313,4.706,5.544,3.154,2.850,3.414,5.270,80.033,0.000,0.000,276.282,325.597,-44.973,0.000,0.000,262.342,0.000,7999.000,0.000,-999.000,-999.000,100.863,0.200,0.200,2.824,4.000,51.263,1.315,2.380,29.260,0.350,9.016,8.901,9.118,9.141,9.105,9.197,8.838,8.811,8.863,-999.000,-999.000,-999.000,8.584,9.173,6.634,6.310,6.968,-999.000,-999.000,-999.000,-999.000,-999.000,-999.000,9.167,9.146,9.195,-2.403,-2.495,-4.418,-25.795,0.665,0.691,0.688,0.710,0.692,0.695,0.688,0.742,0.532,,,,,,,,
2023-04-15,03,5.269,5.017,5.410,5.268,5.003,5.417,5.329,4.963,5.592,5.331,4.960,5.572,2.904,2.643,3.293,5.285,81.423,0.000,0.000,274.757,325.165,-46.237,0.000,0.000,261.117,0.000,7976.733,0.000,-999.000,-999.000,100.876,0.200,0.200,2.820,4.110,56.355,1.270,2.550,42.288,0.350,8.805,8.667,8.922,9.084,9.041,9.126,8.841,8.836,8.869,-999.000,-999.000,-999.000,8.580,9.167,6.045,5.806,6.294,-999.000,-999.000,-999.000,-999.000,-999.000,-999.000,9.176,9.151,9.204,-3.089,-3.267,-5.258,-27.071,0.663,0.691,0.688,0.710,0.692,0.695,0.688,0.742,0.531,,,,,,,,
2023-04-15,04,5.108,5.040,5.169,5.107,5.023,5.169,5.276,5.178,5.421,5.270,5.149,5.433,2.668,2.547,2.871,5.192,83.452,0.000,0.000,272.932,328.925,-52.138,0.000,0.000,259.217,0.000,7999.000,0.000,-999.000,-999.000,100.918,0.200,0.200,3.282,4.880,56.945,1.929,4.040,53.602,0.349,8.566,8.469,8.674,8.999,8.968,9.034,8.837,8.836,8.840,-999.000,-999.000,-999.000,8.569,9.153,5.552,5.337,5.783,-999.000,-999.000,-999.000,-999.000,-999.000,-999.000,9.166,9.151,9.188,-3.926,-4.131,-6.108,-27.561,0.661,0.691,0.689,0.710,0.692,0.695,0.688,0.742,0.531,,,,,,,,
2023-04-15,05,4.883,4.653,5.165,4.885,4.627,5.175,4.999,4.789,5.387,4.997,4.761,5.397,2.692,2.320,3.085,4.928,85.138,1.569,0.000,271.813,325.632,-47.678,1.668,0.000,258.755,0.000,7999.000,0.000,-999.000,-999.000,100.982,0.200,0.200,2.302,4.360,38.746,1.430,2.940,24.775,0.349,8.380,8.291,8.482,8.927,8.886,8.971,8.843,8.836,8.860,-999.000,-999.000,-999.000,8.576,9.164,5.144,4.935,5.337,-999.000,-999.000,-999.000,-999.000,-999.000,-999.000,9.184,9.165,9.204,-4.598,-4.747,-6.730,-27.406,0.660,0.691,0.689,0.710,0.692,0.695,0.688,0.743,0.531,,,,,,,,
2023-04-15,06,5.390,4.832,6.140,5.438,4.825,6.259,5.636,4.884,6.462,5.558,4.913,6.257,3.197,2.439,4.326,5.381,85.072,63.069,16.989,271.433,332.762,-14.866,28.184,209.543,258.525,5.583,7988.950,0.000,-999.000,-999.000,101.084,0.200,0.200,2.363,4.040,36.814,1.581,3.320,31.148,0.349,8.206,8.092,8.297,8.850,8.809,8.890,8.845,8.811,8.873,-999.000,-999.000,-999.000,8.587,9.169,4.867,4.812,4.957,-999.000,-999.000,-999.000,-999.000,-999.000,-999.000,9.179,9.155,9.195,-4.965,-5.143,-7.131,-26.607,0.659,0.691,0.689,0.710,0.692,0.695,0.688,0.743,0.531,,,,,,,,
2023-04-15,07,7.322,6.150,8.337,7.429,6.239,8.400,7.593,6.404,8.220,7.451,6.220,8.180,6.079,4.362,7.319,7.142,83.408,178.218,48.128,280.678,351.483,59.285,90.135,282.027,269.857,10.000,6738.717,0.000,-999.000,-999.000,101.210,0.200,0.200,2.391,5.560,43.565,1.767,4.710,41.611,0.349,8.052,7.976,8.124,8.767,8.724,8.818,8.829,8.797,8.865,-999.000,-999.000,-999.000,8.587,9.170,5.445,4.977,6.103,-999.000,-999.000,-999.000,-999.000,-999.000,-999.000,9.184,9.166,9.226,-5.249,-5.456,-7.247,-18.253,0.656,0.691,0.689,0.710,0.692,0.695,0.688,0.743,0.530,,,,,,,,
2023-04-15,08,9.315,8.340,10.187,9.382,8.400,10.272,9.208,8.110,9.970,9.131,8.080,9.850,8.393,7.203,9.280,8.908,75.678,291.669,77.026,285.200,362.440,137.403,132.377,340.735,270.883,10.000,7875.117,0.000,-999.000,-999.000,101.308,0.200,0.200,4.157,9.200,44.171,2.976,7.870,44.123,0.348,7.992,7.957,8.024,8.679,8.643,8.734,8.816,8.782,8.843,-999.000,-999.000,-999.000,8.593,9.171,6.927,6.129,7.803,-999.000,-999.000,-999.000,-999.000,-999.000,-999.000,9.197,9.165,9.220,-5.006,-5.284,-6.511,-3.170,0.655,0.691,0.689,0.710,0.692,0.695,0.688,0.743,0.531,,,,,,,,
2023-04-15,09,9.978,9.592,10.550,10.038,9.611,10.642,9.795,9.220,10.410,9.708,9.140,10.330,9.352,8.364,10.930,9.535,71.077,397.942,101.177,292.033,367.293,221.505,219.670,290.455,278.810,10.000,7978.617,0.000,-999.000,-999.000,101.363,0.200,0.200,5.873,10.280,31.052,4.374,8.720,30.421,0.349,8.040,7.991,8.106,8.604,8.552,8.650,8.791,8.753,8.816,-999.000,-999.000,-999.000,8.593,9.170,8.594,7.833,9.448,-999.000,-999.000,-999.000,-999.000,-999.000,-999.000,9.202,9.185,9.233,-4.062,-4.514,-4.905,10.568,0.654,0.691,0.689,0.710,0.692,0.695,0.688,0.744,0.531,,,,,,,,
2023-04-15,10,10.729,10.242,11.520,10.760,10.278,11.519,10.740,10.220,11.570,10.683,10.150,11.530,11.807,11.009,13.016,10.584,67.895,470.482,118.004,309.378,374.935,286.921,322.696,201.841,299.435,9.028,7920.650,0.000,-999.000,-999.000,101.433,0.200,0.200,6.054,10.640,9.254,4.520,9.010,8.200,0.348,8.207,8.104,8.323,8.540,8.504,8.559,8.758,8.736,8.773,-999.000,-999.000,-999.000,8.595,9.170,10.413,9.504,11.253,-999.000,-999.000,-999.000,-999.000,-999.000,-999.000,9.205,9.179,9.230,-2.658,-3.257,-2.822,22.618,0.653,0.691,0.689,0.710,0.692,0.695,0.688,0.745,0.531,,,,,,,,
2023-04-15,11,11.499,11.162,11.892,11.523,11.194,11.891,11.540,11.290,11.980,11.483,11.230,11.950,13.571,12.751,14.584,11.399,64.655,582.197,144.499,318.567,382.028,374.237,346.652,302.699,307.763,9.278,7797.917,0.000,-999.000,-999.000,101.486,0.200,0.200,7.360,10.850,10.802,5.365,9.520,11.151,0.348,8.491,8.336,8.686,8.495,8.472,8.527,8.727,8.703,8.761,-999.000,-999.000,-999.000,8.589,9.167,12.148,11.292,12.877,-999.000,-999.000,-999.000,-999.000,-999.000,-999.000,9.216,9.204,9.243,-0.903,-1.658,-0.173,32.222,0.652,0.691,0.689,0.710,0.692,0.694,0.688,0.747,0.531,,,,,,,,
2023-04-15,12,12.222,11.685,12.731,12.216,11.694,12.737,12.306,11.780,12.840,12.267,11.730,12.810,14.569,13.220,15.912,12.201,63.221,584.995,145.845,331.202,385.607,384.745,337.484,308.220,320.555,4.583,7706.850,0.000,-999.000,-999.000,101.529,0.200,0.200,7.441,11.010,357.099,5.584,9.480,355.994,0.348,8.877,8.682,9.106,8.486,8.467,8.506,8.699,8.681,8.743,-999.000,-999.000,-999.000,8.598,9.170,13.656,12.891,14.119,-999.000,-999.000,-999.000,-999.000,-999.000,-999.000,9.222,9.196,9.242,1.057,0.138,2.837,38.808,0.649,0.690,0.689,0.710,0.691,0.693,0.687,0.751,0.531,,,,,,,,
2023-04-15,13,12.354,11.813,13.094,12.346,11.789,13.089,12.404,11.890,13.200,12.380,11.850,13.200,14.532,13.158,16.017,12.345,63.569,550.454,137.120,332.422,384.570,361.186,325.187,291.303,322.118,4.027,7830.950,0.000,-999.000,-999.000,101.577,0.200,0.200,8.447,12.500,347.071,6.230,10.090,346.267,0.349,9.324,9.119,9.528,8.516,8.502,8.547,8.677,8.652,8.700,-999.000,-999.000,-999.000,8.604,9.168,14.556,14.131,14.829,-999.000,-999.000,-999.000,-999.000,-999.000,-999.000,9.230,9.206,9.251,3.049,1.881,5.770,39.278,0.645,0.686,0.690,0.711,0.689,0.692,0.688,0.746,0.531,,,,,,,,
2023-04-15,14,11.923,11.535,12.318,11.909,11.514,12.340,11.961,11.590,12.350,11.933,11.560,12.340,13.427,12.552,14.075,11.910,65.529,431.634,107.487,342.287,379.522,286.912,329.871,135.106,335.507,1.778,7876.400,0.000,-999.000,-999.000,101.651,0.200,0.200,8.655,12.800,350.964,6.493,10.780,350.119,0.349,9.745,9.545,9.918,8.590,8.543,8.649,8.658,8.637,8.683,-999.000,-999.000,-999.000,8.599,9.175,14.646,14.583,14.737,-999.000,-999.000,-999.000,-999.000,-999.000,-999.000,9.227,9.206,9.255,4.666,3.299,8.008,33.812,0.644,0.671,0.690,0.711,0.688,0.692,0.689,0.742,0.529,,,,,,,,
2023-04-15,15,10.881,10.316,11.416,10.869,10.325,11.415,10.926,10.370,11.460,10.905,10.360,11.440,11.633,10.439,12.381,10.865,70.694,233.411,55.355,352.288,370.725,159.619,225.916,6.691,346.873,0.083,7977.600,0.000,-999.000,-999.000,101.721,0.200,0.200,8.489,12.510,347.776,6.210,10.480,346.751,0.348,10.053,9.922,10.165,8.679,8.632,8.734,8.649,8.628,8.675,-999.000,-999.000,-999.000,8.603,9.179,14.155,13.642,14.587,-999.000,-999.000,-999.000,-999.000,-999.000,-999.000,9.227,9.202,9.251,5.590,4.188,8.992,24.982,0.636,0.671,0.691,0.712,0.688,0.690,0.688,0.745,0.526,,,,,,,,
2023-04-15,16,9.953,9.645,10.310,9.949,9.653,10.302,10.012,9.690,10.360,9.997,9.670,10.360,9.853,9.563,10.389,9.929,74.439,86.879,17.309,351.968,363.108,58.429,86.430,0.000,345.530,0.000,7978.700,0.000,-999.000,-999.000,101.786,0.200,0.200,7.885,11.490,344.847,5.801,9.960,344.182,0.348,10.219,10.155,10.267,8.787,8.714,8.864,8.651,8.627,8.673,-999.000,-999.000,-999.000,8.607,9.176,12.884,12.260,13.606,-999.000,-999.000,-999.000,-999.000,-999.000,-999.000,9.233,9.205,9.254,5.771,4.469,8.709,11.428,0.633,0.671,0.691,0.712,0.688,0.689,0.688,0.746,0.524,,,,,,,,
2023-04-15,17,9.216,8.854,9.777,9.214,8.857,9.773,9.262,8.910,9.800,9.246,8.900,9.780,9.192,8.807,9.900,9.191,77.229,79.693,15.839,349.860,359.760,53.953,79.386,0.000,343.270,0.000,7993.600,0.000,-999.000,-999.000,101.853,0.200,0.200,8.429,12.320,350.216,6.176,9.850,349.351,0.348,10.229,10.183,10.255,8.900,8.844,8.932,8.659,8.643,8.671,-999.000,-999.000,-999.000,8.609,9.177,11.790,11.341,12.250,-999.000,-999.000,-999.000,-999.000,-999.000,-999.000,9.231,9.210,9.266,5.182,4.147,7.274,1.572,0.630,0.670,0.691,0.712,0.688,0.689,0.688,0.746,0.524,,,,,,,,
2023-04-15,18,8.620,8.381,8.944,8.618,8.370,8.896,8.688,8.460,8.950,8.675,8.410,8.940,8.349,7.975,8.771,8.600,80.533,20.271,1.845,349.087,356.173,13.215,20.384,0.000,341.792,0.000,7999.000,0.000,-999.000,-999.000,101.910,0.200,0.200,7.832,11.490,341.194,5.907,10.220,341.099,0.349,10.165,10.107,10.208,8.981,8.915,9.017,8.679,8.655,8.714,-999.000,-999.000,-999.000,8.604,9.179,10.913,10.480,11.315,-999.000,-999.000,-999.000,-999.000,-999.000,-999.000,9.225,9.201,9.259,4.232,3.500,5.601,-4.010,0.628,0.670,0.691,0.713,0.687,0.688,0.687,0.746,0.522,,,,,,,,
2023-04-15,19,8.131,7.840,8.384,8.126,7.820,8.387,8.195,7.909,8.450,8.180,7.880,8.420,7.708,7.357,7.975,8.093,83.172,1.878,0.000,347.673,353.600,0.423,2.158,0.000,339.815,0.000,7993.417,0.000,-999.000,-999.000,101.987,0.200,0.200,7.148,12.290,339.387,5.341,9.530,338.424,0.349,10.059,9.968,10.128,9.058,9.004,9.089,8.707,8.661,8.733,-999.000,-999.000,-999.000,8.623,9.184,10.079,9.750,10.470,-999.000,-999.000,-999.000,-999.000,-999.000,-999.000,9.235,9.213,9.258,3.216,2.738,3.978,-8.835,0.627,0.669,0.691,0.714,0.684,0.686,0.685,0.746,0.522,,,,,,,,
2023-04-15,20,7.809,7.752,7.884,7.810,7.764,7.864,7.854,7.797,7.936,7.843,7.805,7.907,7.257,7.189,7.344,7.763,88.545,0.000,0.000,348.160,352.440,0.001,0.000,0.000,340.562,0.000,7982.717,0.000,-999.000,-999.000,102.042,0.200,0.200,6.015,10.080,337.117,4.591,7.750,336.180,0.349,9.906,9.847,9.965,9.084,9.070,9.117,8.719,8.704,8.748,-999.000,-999.000,-999.000,8.606,9.176,9.473,9.262,9.724,-999.000,-999.000,-999.000,-999.000,-999.000,-999.000,9.213,9.190,9.236,2.186,1.948,2.494,-11.139,0.626,0.669,0.691,0.715,0.684,0.686,0.685,0.746,0.522,,,,,,,,
2023-04-15,21,7.970,7.852,8.050,7.977,7.861,8.036,8.041,7.907,8.120,8.019,7.893,8.090,7.277,7.222,7.367,7.940,87.165,0.000,0.000,348.288,352.830,0.475,0.000,0.000,341.183,0.000,7988.817,0.000,-999.000,-999.000,102.073,0.200,0.200,5.899,8.990,335.376,4.496,7.720,334.569,0.349,9.787,9.677,9.875,9.108,9.083,9.134,8.744,8.727,8.761,-999.000,-999.000,-999.000,8.616,9.193,9.099,8.964,9.249,-999.000,-999.000,-999.000,-999.000,-999.000,-999.000,9.194,9.180,9.210,1.290,1.259,1.354,-11.310,0.626,0.669,0.691,0.715,0.684,0.686,0.684,0.746,0.522,,,,,,,,
2023-04-15,22,7.840,7.762,7.990,7.828,7.751,7.946,7.876,7.797,8.020,7.863,7.805,7.999,7.382,7.344,7.450,7.783,89.923,0.000,0.000,348.300,352.945,0.862,0.000,0.000,340.988,0.000,7999.000,0.000,-999.000,-999.000,102.099,0.200,0.200,5.695,8.670,337.190,4.215,7.080,336.213,0.349,9.629,9.565,9.681,9.105,9.093,9.123,8.759,8.737,8.783,-999.000,-999.000,-999.000,8.604,9.153,8.860,8.747,8.978,-999.000,-999.000,-999.000,-999.000,-999.000,-999.000,9.210,9.196,9.216,0.576,0.722,0.550,-10.950,0.625,0.668,0.691,0.715,0.684,0.685,0.684,0.746,0.522,,,,,,,,
2023-04-15,23,7.912,7.855,7.980,7.911,7.870,7.983,7.957,7.910,8.020,7.946,7.886,8.020,7.559,7.450,7.661,7.854,91.928,0.000,0.000,351.158,354.002,2.826,0.000,0.000,344.057,0.000,7999.000,0.000,-999.000,-999.000,102.136,0.200,0.200,5.152,8.240,335.053,3.920,6.510,334.626,0.350,9.519,9.486,9.575,9.108,9.089,9.122,8.785,8.770,8.813,-999.000,-999.000,-999.000,8.604,9.151,8.698,8.651,8.750,-999.000,-999.000,-999.000,-999.000,-999.000,-999.000,9.209,9.196,9.220,0.078,0.313,-0.005,-10.266,0.624,0.668,0.691,0.715,0.682,0.686,0.685,0.745,0.521,,,,,,,,
2023-04-15,24,8.124,7.993,8.178,8.098,7.986,8.144,8.157,8.050,8.230,8.138,8.020,8.200,7.842,7.661,7.977,8.065,94.115,0.000,0.000,353.173,355.483,3.509,0.000,0.000,346.133,0.000,7999.000,0.000,-999.000,-999.000,102.172,0.200,0.200,5.078,7.710,333.625,3.796,6.310,332.256,0.350,9.449,9.407,9.486,9.120,9.106,9.136,8.827,8.803,8.859,-999.000,-999.000,-999.000,8.608,9.174,8.651,8.631,8.664,-999.000,-999.000,-999.000,-999.000,-999.000,-999.000,9.238,9.216,9.253,-0.251,0.030,-0.359,-9.068,0.623,0.668,0.691,0.715,0.682,0.687,0.686,0.745,0.521,,,,,,,,
