2023-08-04,01,13.821,13.518,14.094,13.832,13.519,14.103,13.910,13.570,14.190,13.904,13.560,14.180,12.498,12.178,12.834,13.833,93.920,0.000,0.000,319.838,376.760,-51.047,0.000,0.000,313.753,0.000,7128.717,0.000,-999.000,-999.000,100.959,0.200,0.200,3.213,4.690,262.861,2.156,4.090,261.944,0.543,17.765,17.688,17.848,17.860,17.842,17.880,17.657,17.634,17.677,-999.000,-999.000,-999.000,15.093,13.309,14.174,13.884,14.472,-999.000,-999.000,-999.000,-999.000,-999.000,-999.000,17.800,17.775,17.820,-2.776,-1.433,-2.629,-25.934,0.308,0.414,0.456,0.758,0.278,0.336,0.439,0.751,0.482,,,,,,,,
2023-08-04,02,13.675,13.333,13.921,13.674,13.318,13.936,13.725,13.320,13.970,13.725,13.300,14.000,12.716,11.674,13.171,13.656,95.015,0.000,0.000,359.433,380.030,-14.299,0.000,0.000,354.833,0.000,6904.950,0.000,-999.000,-999.000,100.997,0.200,0.200,2.238,3.680,244.654,1.526,3.030,241.885,0.541,17.626,17.554,17.688,17.828,17.795,17.867,17.646,17.629,17.664,-999.000,-999.000,-999.000,15.086,13.312,13.962,13.763,14.200,-999.000,-999.000,-999.000,-999.000,-999.000,-999.000,17.786,17.765,17.807,-3.295,-1.773,-3.151,-24.631,0.307,0.413,0.456,0.758,0.278,0.335,0.439,0.751,0.480,,,,,,,,
2023-08-04,03,13.648,13.526,13.794,13.642,13.483,13.802,13.719,13.580,13.870,13.717,13.570,13.870,12.716,12.252,13.059,13.657,95.045,0.000,0.000,362.595,380.158,-10.878,0.000,0.000,358.353,0.000,7087.633,0.000,-999.000,-999.000,101.043,0.200,0.200,1.433,3.280,224.927,0.953,2.670,217.129,0.539,17.517,17.462,17.574,17.765,17.733,17.801,17.652,17.636,17.667,-999.000,-999.000,-999.000,15.082,13.300,14.227,14.188,14.274,-999.000,-999.000,-999.000,-999.000,-999.000,-999.000,17.789,17.771,17.810,-3.632,-2.025,-3.453,-18.006,0.306,0.412,0.456,0.758,0.277,0.335,0.439,0.752,0.478,,,,,,,,
2023-08-04,04,13.836,13.608,14.036,13.826,13.589,14.075,13.915,13.690,14.110,13.907,13.690,14.120,13.031,12.691,13.320,13.820,95.458,0.064,0.000,368.095,382.350,-7.172,0.108,0.000,363.277,0.000,7131.483,0.000,-999.000,-999.000,101.071,0.200,0.200,1.901,3.190,246.020,1.304,2.550,243.263,0.537,17.419,17.375,17.474,17.721,17.678,17.742,17.627,17.597,17.663,-999.000,-999.000,-999.000,15.081,13.308,14.248,14.208,14.309,-999.000,-999.000,-999.000,-999.000,-999.000,-999.000,17.777,17.756,17.801,-3.626,-2.077,-3.449,-16.797,0.305,0.411,0.456,0.758,0.277,0.334,0.439,0.752,0.477,,,,,,,,
2023-08-04,05,14.217,14.049,14.385,14.222,14.068,14.381,14.282,14.120,14.430,14.283,14.120,14.440,13.543,13.343,13.923,14.228,95.222,6.458,0.000,374.275,385.563,1.297,6.630,0.000,369.892,0.000,6839.700,0.030,-999.000,-999.000,101.112,0.200,0.200,1.906,4.090,269.491,1.289,2.890,270.311,0.535,17.356,17.331,17.385,17.683,17.665,17.705,17.605,17.586,17.621,-999.000,-999.000,-999.000,15.083,13.302,14.415,14.296,14.568,-999.000,-999.000,-999.000,-999.000,-999.000,-999.000,17.767,17.749,17.782,-3.585,-2.103,-3.422,-13.751,0.304,0.410,0.456,0.758,0.276,0.333,0.439,0.751,0.476,,,,,,,,
2023-08-04,06,14.801,14.352,15.113,14.810,14.340,15.147,14.889,14.450,15.250,14.884,14.440,15.270,14.668,13.926,15.261,14.824,95.045,55.856,5.573,377.778,393.090,35.295,56.300,0.000,375.405,0.000,6754.250,0.030,-999.000,-999.000,101.169,0.200,0.200,1.586,2.700,294.037,1.088,3.040,288.142,0.533,17.308,17.273,17.347,17.625,17.574,17.671,17.591,17.567,17.616,-999.000,-999.000,-999.000,15.075,13.303,14.986,14.571,15.468,-999.000,-999.000,-999.000,-999.000,-999.000,-999.000,17.765,17.740,17.787,-3.417,-2.032,-3.242,-7.233,0.304,0.409,0.456,0.758,0.276,0.333,0.439,0.752,0.476,,,,,,,,
2023-08-04,07,15.557,15.044,16.338,15.576,15.076,16.354,15.654,15.120,16.430,15.664,15.140,16.410,15.905,15.284,17.718,15.598,92.145,137.831,24.433,378.100,400.342,91.157,130.742,10.492,373.540,0.417,6664.483,0.000,-999.000,-999.000,101.224,0.200,0.200,2.472,4.700,261.536,1.864,4.200,260.101,0.531,17.314,17.280,17.346,17.572,17.532,17.599,17.570,17.542,17.604,-999.000,-999.000,-999.000,15.073,13.296,16.007,15.492,16.843,-999.000,-999.000,-999.000,-999.000,-999.000,-999.000,17.759,17.728,17.789,-2.884,-1.832,-2.721,2.528,0.303,0.409,0.455,0.758,0.276,0.332,0.440,0.752,0.476,,,,,,,,
2023-08-04,08,16.719,16.193,17.178,16.715,16.175,17.142,16.822,16.180,17.290,16.812,16.200,17.280,17.854,17.047,18.756,16.725,87.122,248.289,50.997,379.478,410.340,166.431,232.984,15.581,374.687,0.278,6509.033,0.000,-999.000,-999.000,101.290,0.200,0.200,3.183,5.300,284.615,2.289,4.520,282.405,0.530,17.392,17.329,17.462,17.544,17.518,17.571,17.552,17.521,17.589,-999.000,-999.000,-999.000,15.084,13.305,17.838,16.906,18.472,-999.000,-999.000,-999.000,-999.000,-999.000,-999.000,17.766,17.730,17.797,-1.881,-1.415,-1.768,18.370,0.303,0.408,0.455,0.759,0.275,0.332,0.440,0.752,0.477,,,,,,,,
2023-08-04,09,17.193,16.769,17.764,17.172,16.773,17.715,17.271,16.920,17.710,17.258,16.880,17.680,18.821,17.926,20.967,17.167,84.030,333.208,69.664,384.518,416.162,231.901,297.539,40.908,380.340,0.861,6275.967,0.000,-999.000,-999.000,101.337,0.200,0.200,3.575,5.600,307.401,2.463,4.980,305.274,0.528,17.552,17.462,17.638,17.519,17.489,17.561,17.551,17.518,17.572,-999.000,-999.000,-999.000,15.091,13.312,19.219,18.478,20.171,-999.000,-999.000,-999.000,-999.000,-999.000,-999.000,17.781,17.749,17.810,-0.335,-0.720,-0.289,27.185,0.303,0.408,0.455,0.759,0.275,0.331,0.440,0.753,0.478,,,,,,,,
2023-08-04,10,17.599,17.134,18.190,17.565,17.093,18.148,17.659,17.140,18.250,17.636,17.100,18.240,19.268,17.906,20.527,17.557,81.195,353.985,77.439,390.850,418.240,249.157,329.690,20.323,386.945,0.667,6184.050,0.000,-999.000,-999.000,101.387,0.200,0.200,4.164,7.360,294.812,2.934,5.470,292.186,0.526,17.739,17.628,17.840,17.522,17.493,17.546,17.532,17.506,17.563,-999.000,-999.000,-999.000,15.078,13.305,20.567,20.207,20.907,-999.000,-999.000,-999.000,-999.000,-999.000,-999.000,17.759,17.734,17.790,1.418,0.118,1.336,34.364,0.303,0.407,0.455,0.759,0.275,0.331,0.440,0.753,0.478,,,,,,,,
2023-08-04,11,18.435,17.596,19.530,18.411,17.532,19.479,18.508,17.640,19.630,18.490,17.620,19.580,21.812,19.605,25.901,18.416,73.236,565.765,123.585,383.642,432.800,393.022,439.943,126.704,379.413,2.139,6485.333,0.000,-999.000,-999.000,101.405,0.200,0.200,3.706,6.820,309.272,2.613,4.970,308.259,0.525,17.947,17.825,18.067,17.528,17.492,17.566,17.507,17.483,17.540,-999.000,-999.000,-999.000,15.092,13.315,22.076,20.933,23.699,-999.000,-999.000,-999.000,-999.000,-999.000,-999.000,17.774,17.740,17.800,3.091,0.910,2.902,43.307,0.303,0.407,0.455,0.759,0.275,0.331,0.440,0.753,0.478,,,,,,,,
2023-08-04,12,18.153,17.125,19.276,18.130,17.132,19.220,18.202,17.210,19.340,18.178,17.200,19.310,21.001,18.981,24.148,17.841,77.583,550.355,119.134,389.945,427.722,393.444,411.186,150.289,388.100,1.444,6972.100,0.100,-999.000,-999.000,101.435,0.197,0.200,4.923,9.560,315.894,3.460,8.610,314.807,0.524,18.205,18.070,18.336,17.552,17.514,17.586,17.497,17.473,17.533,-999.000,-999.000,-999.000,15.092,13.318,23.078,22.181,24.449,-999.000,-999.000,-999.000,-999.000,-999.000,-999.000,17.759,17.726,17.787,4.969,1.654,4.688,47.282,0.303,0.406,0.454,0.759,0.275,0.330,0.439,0.753,0.478,,,,,,,,
2023-08-04,13,18.476,17.548,19.316,18.449,17.549,19.321,18.504,17.600,19.330,18.494,17.600,19.330,20.863,18.150,24.249,18.401,76.998,484.247,104.228,381.050,426.478,334.591,360.825,132.074,380.853,0.472,6677.567,0.000,-999.000,-999.000,101.473,0.200,0.200,4.753,7.040,306.619,3.173,5.850,305.422,0.522,18.474,18.342,18.612,17.599,17.546,17.650,17.485,17.461,17.525,-999.000,-999.000,-999.000,15.095,13.324,24.110,22.871,25.211,-999.000,-999.000,-999.000,-999.000,-999.000,-999.000,17.753,17.720,17.793,6.613,2.442,6.263,52.923,0.303,0.406,0.454,0.759,0.275,0.330,0.439,0.753,0.479,,,,,,,,
2023-08-04,14,19.643,18.944,20.581,19.624,18.940,20.521,19.700,19.000,20.560,19.683,18.990,20.540,22.699,20.632,26.071,19.683,70.665,572.090,129.792,385.515,434.660,393.153,361.919,248.477,380.055,3.805,6327.633,0.000,-999.000,-999.000,101.500,0.200,0.263,4.740,7.830,325.523,3.232,6.620,323.053,0.521,18.729,18.609,18.821,17.655,17.621,17.700,17.491,17.456,17.520,-999.000,-999.000,-999.000,15.095,13.327,23.765,23.137,24.819,-999.000,-999.000,-999.000,-999.000,-999.000,-999.000,17.745,17.715,17.780,7.131,3.135,7.473,38.950,0.303,0.405,0.453,0.759,0.275,0.330,0.439,0.753,0.478,,,,,,,,
2023-08-04,15,19.681,18.859,20.406,19.667,18.837,20.354,19.715,18.890,20.400,19.705,18.870,20.360,22.215,19.623,24.642,19.737,68.196,522.637,120.906,379.530,430.447,350.814,255.184,361.765,371.273,5.388,6589.267,0.000,-999.000,-999.000,101.523,0.200,0.200,5.800,9.490,328.211,3.849,8.000,327.892,0.520,18.919,18.821,19.006,17.719,17.680,17.779,17.483,17.463,17.509,-999.000,-999.000,-999.000,15.095,13.314,24.072,23.523,24.689,-999.000,-999.000,-999.000,-999.000,-999.000,-999.000,17.744,17.714,17.771,7.124,3.469,7.975,42.854,0.303,0.405,0.453,0.759,0.274,0.330,0.439,0.752,0.477,,,,,,,,
2023-08-04,16,19.200,18.431,19.885,19.180,18.448,19.842,19.229,18.460,19.960,19.222,18.470,20.000,20.866,18.554,22.934,19.264,67.427,369.844,84.647,355.282,420.655,219.823,184.039,319.176,347.257,5.416,6639.750,0.000,-999.000,-999.000,101.535,0.200,0.200,5.498,9.250,323.907,3.634,7.030,323.024,0.519,19.080,19.020,19.131,17.818,17.761,17.875,17.490,17.465,17.523,-999.000,-999.000,-999.000,15.103,13.337,22.879,22.424,23.795,-999.000,-999.000,-999.000,-999.000,-999.000,-999.000,17.738,17.710,17.765,7.247,3.531,8.192,24.378,0.303,0.405,0.452,0.758,0.274,0.330,0.439,0.752,0.475,,,,,,,,
2023-08-04,17,19.407,18.697,19.891,19.363,18.692,19.806,19.373,18.730,19.800,19.363,18.730,19.790,21.079,18.806,22.418,19.474,65.222,349.953,87.751,347.532,417.970,191.764,114.474,526.958,337.750,8.222,6893.400,0.000,-999.000,-999.000,101.554,0.200,0.200,5.301,8.420,333.959,3.521,6.400,332.744,0.518,19.159,19.111,19.198,17.886,17.856,17.912,17.505,17.479,17.545,-999.000,-999.000,-999.000,15.088,13.329,21.884,21.339,22.394,-999.000,-999.000,-999.000,-999.000,-999.000,-999.000,17.716,17.695,17.743,6.573,3.123,7.426,15.760,0.301,0.404,0.452,0.758,0.273,0.329,0.438,0.752,0.473,,,,,,,,
2023-08-04,18,18.695,18.254,19.090,18.651,18.215,19.012,18.649,18.260,19.020,18.645,18.270,18.990,19.596,17.929,21.759,18.773,69.380,185.544,46.378,337.770,407.245,69.691,65.291,399.125,329.603,8.722,7199.867,0.000,-999.000,-999.000,101.579,0.200,0.200,4.373,6.810,333.013,2.760,5.980,331.555,0.520,19.163,19.139,19.189,17.952,17.895,17.996,17.537,17.507,17.559,-999.000,-999.000,-999.000,15.098,13.317,20.597,19.847,21.323,-999.000,-999.000,-999.000,-999.000,-999.000,-999.000,17.721,17.695,17.762,5.553,2.467,6.250,3.236,0.301,0.404,0.451,0.758,0.273,0.329,0.438,0.752,0.471,,,,,,,,
2023-08-04,19,17.140,16.515,18.359,17.129,16.493,18.302,17.165,16.500,18.310,17.135,16.480,18.310,16.471,15.178,18.661,17.143,79.201,43.547,4.447,337.125,393.832,-16.507,33.003,53.121,331.368,1.000,7163.983,0.000,-999.000,-999.000,101.621,0.200,0.200,3.289,6.360,344.778,2.004,4.870,346.136,0.530,19.096,19.031,19.145,18.019,17.964,18.057,17.556,17.526,17.586,-999.000,-999.000,-999.000,15.105,13.330,18.998,18.229,19.831,-999.000,-999.000,-999.000,-999.000,-999.000,-999.000,17.718,17.683,17.751,4.364,1.753,4.792,-14.389,0.300,0.404,0.451,0.758,0.272,0.329,0.439,0.752,0.469,,,,,,,,
2023-08-04,20,15.737,15.362,16.456,15.733,15.304,16.467,15.782,15.400,16.470,15.749,15.400,16.470,14.027,13.738,15.076,15.704,87.555,2.211,0.000,351.915,384.752,-23.620,1.837,0.174,347.440,0.000,7291.383,0.000,-999.000,-999.000,101.667,0.200,0.200,2.173,3.690,345.598,0.960,2.260,343.559,0.528,18.967,18.895,19.043,18.066,18.040,18.090,17.580,17.538,17.617,-999.000,-999.000,-999.000,15.100,13.330,17.685,17.443,18.206,-999.000,-999.000,-999.000,-999.000,-999.000,-999.000,17.697,17.669,17.735,2.945,1.006,3.154,-24.219,0.299,0.403,0.451,0.758,0.272,0.328,0.439,0.753,0.466,,,,,,,,
2023-08-04,21,15.524,15.333,15.655,15.531,15.301,15.706,15.579,15.370,15.720,15.575,15.350,15.740,14.302,13.859,14.661,15.520,90.562,0.000,0.000,373.937,388.780,-7.354,0.000,0.000,369.230,0.000,6813.000,0.000,-999.000,-999.000,101.707,0.200,0.200,1.847,2.450,287.032,0.763,1.430,285.534,0.527,18.790,18.693,18.891,18.100,18.071,18.139,17.605,17.584,17.623,-999.000,-999.000,-999.000,15.113,13.333,17.332,17.146,17.454,-999.000,-999.000,-999.000,-999.000,-999.000,-999.000,17.708,17.678,17.730,1.518,0.292,1.607,-20.615,0.298,0.403,0.451,0.758,0.271,0.328,0.440,0.753,0.464,,,,,,,,
2023-08-04,22,15.216,14.754,15.364,15.221,14.752,15.360,15.250,14.760,15.390,15.237,14.770,15.360,13.882,12.429,14.384,15.185,93.210,0.000,0.000,359.322,385.117,-18.575,0.000,0.000,354.287,0.000,6736.667,0.000,-999.000,-999.000,101.710,0.200,0.200,2.134,3.000,314.991,0.882,1.630,306.407,0.526,18.630,18.557,18.706,18.116,18.089,18.143,17.623,17.604,17.648,-999.000,-999.000,-999.000,15.112,13.337,16.912,16.513,17.140,-999.000,-999.000,-999.000,-999.000,-999.000,-999.000,17.691,17.657,17.717,0.557,-0.197,0.556,-19.566,0.297,0.402,0.451,0.758,0.271,0.327,0.440,0.754,0.462,,,,,,,,
2023-08-04,23,14.461,14.316,14.711,14.471,14.324,14.729,14.522,14.340,14.700,14.509,14.350,14.710,12.568,11.253,13.827,14.448,94.528,0.000,0.000,364.567,379.837,-7.638,0.000,0.000,360.952,0.000,6646.783,0.000,-999.000,-999.000,101.714,0.200,0.200,1.069,1.890,318.277,0.546,1.360,350.982,0.526,18.478,18.372,18.574,18.106,18.084,18.128,17.644,17.615,17.669,-999.000,-999.000,-999.000,15.101,13.324,16.216,16.120,16.490,-999.000,-999.000,-999.000,-999.000,-999.000,-999.000,17.684,17.651,17.713,-0.137,-0.519,-0.271,-21.215,0.296,0.402,0.451,0.759,0.270,0.327,0.441,0.754,0.461,,,,,,,,
2023-08-04,24,14.669,14.559,14.834,14.660,14.561,14.846,14.685,14.560,14.850,14.666,14.560,14.850,13.704,12.387,14.200,14.624,95.860,0.000,0.000,376.267,385.635,-1.187,0.000,0.000,387.760,0.000,6169.933,0.050,-999.000,-999.000,101.705,0.200,0.200,0.378,0.940,161.685,0.348,0.720,194.566,0.525,18.296,18.211,18.372,18.076,18.047,18.118,17.663,17.639,17.688,-999.000,-999.000,-999.000,15.091,13.323,16.250,16.048,16.324,-999.000,-999.000,-999.000,-999.000,-999.000,-999.000,17.670,17.652,17.702,-0.926,-0.952,-1.139,-16.329,0.296,0.401,0.451,0.760,0.269,0.327,0.441,0.755,0.460,,,,,,,,
