2023-06-29,01,17.144,16.953,17.523,17.157,16.965,17.528,17.231,17.050,17.620,17.216,17.030,17.630,16.043,15.478,16.844,17.169,93.918,0.000,0.000,378.418,396.480,-11.104,0.000,0.000,374.510,0.000,7999.000,0.000,-999.000,-999.000,101.573,0.202,0.450,2.091,2.710,157.200,0.880,1.420,154.480,0.862,19.747,19.632,19.861,19.419,19.395,19.462,18.998,18.966,19.023,-999.000,-999.000,-999.000,13.867,11.810,20.354,20.194,20.623,-999.000,-999.000,-999.000,-999.000,-999.000,-999.000,20.864,20.836,20.895,0.184,0.511,-0.894,-19.571,0.218,0.301,0.286,0.548,0.240,0.329,0.381,0.655,0.424,,,,,,,,
2023-06-29,02,17.672,17.543,17.760,17.699,17.547,17.776,17.748,17.620,17.830,17.748,17.640,17.800,16.867,16.670,17.009,17.699,93.322,0.000,0.000,391.625,402.152,-3.360,0.000,0.000,387.902,0.000,7999.000,0.000,-999.000,-999.000,101.532,0.214,0.950,1.903,2.350,151.827,0.995,1.480,140.405,0.862,19.544,19.459,19.642,19.381,19.353,19.411,18.992,18.969,19.012,-999.000,-999.000,-999.000,13.873,11.822,20.158,20.081,20.214,-999.000,-999.000,-999.000,-999.000,-999.000,-999.000,20.850,20.826,20.879,-0.430,-0.296,-1.824,-16.374,0.218,0.300,0.286,0.548,0.239,0.328,0.381,0.655,0.423,,,,,,,,
2023-06-29,03,17.917,17.691,18.031,17.934,17.719,18.035,17.958,17.770,18.030,17.957,17.760,18.040,17.261,16.986,17.376,17.929,93.248,0.000,0.000,398.072,404.320,0.637,0.000,0.000,394.345,0.000,7949.500,0.000,-999.000,-999.000,101.503,0.200,0.200,1.895,2.490,138.620,1.011,1.760,132.321,0.862,19.426,19.395,19.469,19.334,19.288,19.377,18.995,18.974,19.010,-999.000,-999.000,-999.000,13.885,11.795,20.080,20.058,20.098,-999.000,-999.000,-999.000,-999.000,-999.000,-999.000,20.818,20.793,20.841,-0.620,-0.529,-1.991,-14.374,0.218,0.300,0.286,0.549,0.239,0.328,0.381,0.656,0.422,,,,,,,,
2023-06-29,04,18.018,17.964,18.053,18.005,17.955,18.049,18.030,17.970,18.090,18.020,17.970,18.040,17.453,17.316,17.594,18.018,93.510,2.700,0.000,397.168,405.282,1.976,3.053,0.103,393.575,0.000,7999.000,0.030,-999.000,-999.000,101.466,0.200,0.200,1.540,2.500,152.895,0.711,1.440,149.735,0.863,19.382,19.358,19.405,19.282,19.241,19.311,19.005,18.990,19.017,-999.000,-999.000,-999.000,13.867,11.795,20.040,20.012,20.071,-999.000,-999.000,-999.000,-999.000,-999.000,-999.000,20.823,20.810,20.840,-0.609,-0.516,-1.922,-13.221,0.218,0.300,0.286,0.549,0.238,0.327,0.381,0.656,0.422,,,,,,,,
2023-06-29,05,18.417,17.992,18.988,18.428,17.998,18.990,18.456,18.020,19.020,18.484,18.040,19.040,18.074,17.553,18.648,18.486,91.267,29.968,1.509,397.693,409.130,19.821,30.101,0.000,393.478,0.000,7999.000,0.000,-999.000,-999.000,101.433,0.213,0.888,2.116,3.960,162.372,1.326,3.430,160.307,0.863,19.363,19.317,19.385,19.227,19.202,19.267,19.004,18.962,19.030,-999.000,-999.000,-999.000,13.873,11.807,20.056,20.027,20.108,-999.000,-999.000,-999.000,-999.000,-999.000,-999.000,20.819,20.768,20.846,-0.539,-0.415,-1.763,-11.016,0.217,0.299,0.286,0.549,0.238,0.327,0.381,0.656,0.422,,,,,,,,
2023-06-29,06,19.308,18.969,19.731,19.304,18.994,19.742,19.350,19.020,19.770,19.356,19.030,19.790,19.115,18.512,19.904,19.334,86.445,75.606,10.089,395.838,414.460,46.896,74.997,0.078,391.158,0.000,7999.000,0.000,-999.000,-999.000,101.411,0.200,0.200,2.843,5.450,196.180,1.975,4.680,194.843,0.863,19.354,19.310,19.399,19.184,19.147,19.222,18.964,18.935,18.984,-999.000,-999.000,-999.000,13.873,11.806,20.242,20.118,20.403,-999.000,-999.000,-999.000,-999.000,-999.000,-999.000,20.786,20.757,20.820,-0.329,-0.178,-1.332,-7.372,0.217,0.299,0.286,0.549,0.238,0.327,0.381,0.657,0.422,,,,,,,,
2023-06-29,07,19.885,19.734,20.188,19.886,19.745,20.180,19.913,19.780,20.200,19.908,19.790,20.180,19.894,19.457,20.606,19.871,81.531,116.393,19.094,396.510,418.332,75.478,115.313,0.007,392.097,0.000,7999.000,0.000,-999.000,-999.000,101.408,0.200,0.325,3.661,6.050,216.091,2.733,5.210,214.907,0.864,19.459,19.377,19.551,19.151,19.114,19.186,18.965,18.942,18.988,-999.000,-999.000,-999.000,13.885,11.800,20.653,20.422,20.867,-999.000,-999.000,-999.000,-999.000,-999.000,-999.000,20.774,20.738,20.800,0.098,0.270,-0.473,-2.289,0.217,0.299,0.286,0.549,0.238,0.327,0.381,0.656,0.422,,,,,,,,
2023-06-29,08,20.458,20.213,20.750,20.455,20.187,20.751,20.482,20.220,20.780,20.473,20.210,20.770,21.075,20.479,21.616,20.433,76.316,211.576,40.868,401.148,425.900,145.956,207.591,1.353,397.297,0.000,7999.000,0.000,-999.000,-999.000,101.407,0.205,0.575,4.469,9.260,220.845,3.379,6.260,220.974,0.864,19.622,19.531,19.753,19.133,19.100,19.164,18.954,18.936,18.981,-999.000,-999.000,-999.000,13.890,11.817,21.303,20.867,21.689,-999.000,-999.000,-999.000,-999.000,-999.000,-999.000,20.778,20.740,20.807,0.621,0.826,0.657,5.164,0.218,0.299,0.286,0.549,0.238,0.327,0.381,0.656,0.423,,,,,,,,
2023-06-29,09,21.543,20.644,22.664,21.537,20.638,22.616,21.571,20.660,22.620,21.553,20.620,22.630,23.476,21.137,25.525,21.514,70.692,478.028,100.929,389.430,442.347,324.182,361.038,140.722,384.932,6.027,7999.000,0.000,-999.000,-999.000,101.403,0.200,0.263,5.138,8.860,223.479,3.973,7.320,223.344,0.864,19.830,19.750,19.978,19.124,19.097,19.150,18.923,18.894,18.958,-999.000,-999.000,-999.000,13.900,11.819,22.356,21.709,23.493,-999.000,-999.000,-999.000,-999.000,-999.000,-999.000,20.758,20.725,20.794,1.238,1.491,2.193,17.140,0.218,0.299,0.286,0.548,0.238,0.327,0.380,0.655,0.424,,,,,,,,
2023-06-29,10,22.430,21.961,22.847,22.424,21.965,22.837,22.429,22.020,22.840,22.401,21.960,22.840,24.936,23.730,26.003,22.366,66.346,543.740,113.272,396.697,452.192,374.973,462.192,78.085,394.002,4.305,7999.000,0.000,-999.000,-999.000,101.389,0.200,0.200,5.066,7.980,226.514,4.008,7.250,225.709,0.865,20.262,19.988,20.536,19.144,19.110,19.172,18.917,18.897,18.944,-999.000,-999.000,-999.000,13.903,11.818,24.617,23.574,25.420,-999.000,-999.000,-999.000,-999.000,-999.000,-999.000,20.747,20.709,20.771,2.244,2.657,5.369,40.392,0.218,0.299,0.285,0.548,0.239,0.327,0.380,0.654,0.427,,,,,,,,
2023-06-29,11,22.936,22.353,23.498,22.927,22.364,23.486,22.972,22.440,23.610,22.942,22.410,23.600,25.148,23.751,26.753,22.867,64.347,497.158,102.477,407.875,453.778,348.778,459.413,26.489,405.697,0.278,7999.000,0.000,-999.000,-999.000,101.369,0.207,0.575,4.750,7.590,246.726,3.823,6.820,243.583,0.865,20.762,20.553,20.958,19.179,19.153,19.211,18.910,18.883,18.933,-999.000,-999.000,-999.000,13.903,11.825,25.866,25.433,26.459,-999.000,-999.000,-999.000,-999.000,-999.000,-999.000,20.738,20.707,20.765,3.670,3.999,8.739,41.403,0.219,0.299,0.285,0.547,0.240,0.327,0.380,0.651,0.431,,,,,,,,
2023-06-29,12,23.269,22.714,23.727,23.274,22.739,23.744,23.278,22.710,23.710,23.257,22.680,23.700,25.355,24.039,26.492,23.228,61.700,528.575,109.381,409.070,455.973,372.291,489.892,24.863,407.253,0.056,7999.000,0.000,-999.000,-999.000,101.348,0.207,0.513,5.255,9.040,228.949,4.155,7.870,228.723,0.865,21.113,20.958,21.267,19.257,19.201,19.309,18.902,18.887,18.917,-999.000,-999.000,-999.000,13.904,11.827,26.800,26.465,27.194,-999.000,-999.000,-999.000,-999.000,-999.000,-999.000,20.730,20.707,20.753,4.570,4.951,10.763,41.814,0.219,0.299,0.284,0.545,0.241,0.328,0.380,0.646,0.434,,,,,,,,
2023-06-29,13,23.214,22.148,24.264,23.210,22.073,24.224,23.216,22.150,24.040,23.196,22.120,24.070,24.634,21.357,27.883,23.168,62.828,400.154,81.979,411.420,449.788,279.807,345.467,46.650,407.810,0.194,7999.000,0.000,-999.000,-999.000,101.313,0.206,1.013,5.047,8.280,227.983,3.976,6.940,228.134,0.865,21.406,21.264,21.544,19.355,19.295,19.435,18.898,18.864,18.914,-999.000,-999.000,-999.000,13.909,11.835,27.496,27.214,27.802,-999.000,-999.000,-999.000,-999.000,-999.000,-999.000,20.708,20.663,20.743,5.273,5.741,11.759,40.579,0.219,0.299,0.284,0.543,0.241,0.328,0.380,0.644,0.436,,,,,,,,
2023-06-29,14,21.509,21.196,22.004,21.495,21.173,21.961,21.542,21.210,22.030,21.533,21.210,22.000,20.933,20.444,21.508,21.470,71.233,86.459,11.482,406.988,424.337,57.628,83.836,0.000,401.935,0.000,7999.000,0.000,-999.000,-999.000,101.312,0.200,0.200,4.388,7.800,261.415,3.370,6.660,261.172,0.866,21.537,21.426,21.596,19.479,19.412,19.544,18.904,18.866,18.935,-999.000,-999.000,-999.000,13.918,11.830,26.468,25.643,27.501,-999.000,-999.000,-999.000,-999.000,-999.000,-999.000,20.700,20.653,20.723,5.598,6.063,11.401,14.248,0.220,0.300,0.284,0.543,0.242,0.329,0.380,0.642,0.437,,,,,,,,
2023-06-29,15,21.547,20.889,22.204,21.544,20.910,22.204,21.577,20.920,22.260,21.568,20.930,22.250,22.277,20.366,24.248,21.533,71.566,215.410,41.937,406.410,434.265,145.618,209.549,1.356,403.475,0.000,7999.000,0.000,-999.000,-999.000,101.309,0.215,0.638,3.302,6.100,228.997,2.664,5.520,228.206,0.866,21.336,21.251,21.423,19.593,19.532,19.656,18.919,18.884,18.968,-999.000,-999.000,-999.000,13.931,11.842,25.342,25.157,25.630,-999.000,-999.000,-999.000,-999.000,-999.000,-999.000,20.672,20.642,20.705,4.318,5.215,8.384,5.675,0.219,0.300,0.284,0.543,0.242,0.329,0.380,0.642,0.435,,,,,,,,
2023-06-29,16,21.887,21.243,22.279,21.848,21.163,22.250,21.910,21.230,22.300,21.895,21.210,22.270,21.994,20.839,22.788,21.831,68.184,207.075,40.119,407.003,431.933,142.025,202.915,0.269,402.187,0.000,7999.000,0.000,-999.000,-999.000,101.282,0.200,0.200,5.361,8.680,272.860,3.853,6.270,272.996,0.866,21.316,21.289,21.339,19.667,19.620,19.706,18.960,18.932,19.008,-999.000,-999.000,-999.000,13.923,11.829,25.564,25.447,25.661,-999.000,-999.000,-999.000,-999.000,-999.000,-999.000,20.662,20.630,20.699,3.688,4.711,7.317,11.936,0.219,0.300,0.284,0.543,0.241,0.329,0.380,0.641,0.435,,,,,,,,
2023-06-29,17,20.936,20.326,21.417,20.908,20.267,21.408,20.989,20.360,21.490,20.981,20.320,21.500,21.316,20.223,23.236,20.903,70.618,239.384,49.732,382.580,427.418,144.813,184.064,101.282,376.560,2.750,7999.000,0.000,-999.000,-999.000,101.284,0.200,0.200,5.480,8.910,279.478,4.094,7.280,277.857,0.866,21.235,21.179,21.311,19.730,19.696,19.772,18.999,18.979,19.023,-999.000,-999.000,-999.000,13.930,11.844,25.193,25.074,25.433,-999.000,-999.000,-999.000,-999.000,-999.000,-999.000,20.668,20.632,20.695,3.287,4.438,6.705,6.917,0.219,0.300,0.283,0.543,0.241,0.329,0.380,0.640,0.434,,,,,,,,
2023-06-29,18,18.808,17.715,20.296,18.799,17.684,20.247,18.843,17.730,20.360,18.831,17.720,20.320,18.782,17.738,20.174,18.794,79.679,78.567,10.088,394.310,412.708,50.081,77.617,0.000,388.740,0.000,7999.000,0.000,-999.000,-999.000,101.316,0.204,0.513,6.094,9.890,317.729,4.215,7.830,315.528,0.867,21.119,20.989,21.208,19.771,19.733,19.807,19.018,18.977,19.051,-999.000,-999.000,-999.000,13.939,11.846,24.688,24.135,25.167,-999.000,-999.000,-999.000,-999.000,-999.000,-999.000,20.635,20.589,20.678,2.565,3.946,5.518,-0.629,0.219,0.299,0.283,0.542,0.241,0.329,0.380,0.639,0.434,,,,,,,,
2023-06-29,19,16.788,15.737,17.687,16.788,15.748,17.692,16.853,15.800,17.700,16.833,15.790,17.710,16.791,15.703,17.771,16.778,87.587,25.962,0.672,392.823,401.813,18.052,25.760,0.000,387.480,0.000,7999.000,0.000,-999.000,-999.000,101.362,0.200,0.200,5.906,9.730,330.249,3.851,7.680,329.230,0.867,20.807,20.595,21.019,19.799,19.777,19.839,19.052,19.016,19.084,-999.000,-999.000,-999.000,13.942,11.848,23.554,23.031,24.115,-999.000,-999.000,-999.000,-999.000,-999.000,-999.000,20.628,20.585,20.668,1.615,3.146,3.395,-11.779,0.219,0.299,0.283,0.542,0.241,0.329,0.381,0.638,0.432,,,,,,,,
2023-06-29,20,15.992,15.753,16.178,15.993,15.779,16.210,16.016,15.760,16.210,16.018,15.740,16.210,15.705,15.622,15.839,15.959,85.428,6.273,0.000,386.743,395.607,2.713,6.370,0.245,382.040,0.000,7999.000,0.000,-999.000,-999.000,101.404,0.200,0.200,4.476,8.420,322.305,2.799,6.320,320.604,0.867,20.401,20.211,20.613,19.794,19.762,19.819,19.078,19.056,19.098,-999.000,-999.000,-999.000,13.947,11.849,22.499,22.073,23.019,-999.000,-999.000,-999.000,-999.000,-999.000,-999.000,20.608,20.576,20.644,0.466,2.011,1.013,-18.390,0.218,0.299,0.283,0.543,0.240,0.329,0.381,0.638,0.430,,,,,,,,
2023-06-29,21,15.640,15.171,16.165,15.647,15.194,16.154,15.690,15.240,16.180,15.674,15.230,16.190,15.093,14.646,15.595,15.614,85.287,0.017,0.000,389.342,391.935,2.318,0.078,0.000,389.868,0.000,7999.000,0.590,-999.000,-999.000,101.446,0.200,0.200,2.609,5.450,312.198,1.486,3.690,309.486,0.867,20.059,19.891,20.225,19.751,19.718,19.779,19.104,19.074,19.141,-999.000,-999.000,-999.000,13.946,11.855,21.668,21.242,22.052,-999.000,-999.000,-999.000,-999.000,-999.000,-999.000,20.602,20.572,20.636,-0.603,0.889,-0.839,-20.798,0.218,0.299,0.284,0.543,0.240,0.328,0.381,0.639,0.427,,,,,,,,
2023-06-29,22,15.144,15.107,15.215,15.140,15.095,15.210,15.184,15.130,15.250,15.176,15.130,15.260,14.695,14.630,14.874,15.121,89.187,0.000,0.000,386.070,390.037,1.099,0.583,0.000,382.295,0.000,7999.000,0.000,-999.000,-999.000,101.441,0.200,0.200,2.092,3.140,268.334,1.313,2.080,266.175,0.868,19.779,19.668,19.895,19.692,19.650,19.742,19.114,19.093,19.134,-999.000,-999.000,-999.000,13.961,11.855,20.886,20.556,21.218,-999.000,-999.000,-999.000,-999.000,-999.000,-999.000,20.586,20.555,20.608,-1.319,-0.013,-2.018,-22.972,0.217,0.298,0.284,0.544,0.239,0.328,0.381,0.639,0.425,,,,,,,,
2023-06-29,23,15.092,14.969,15.194,15.098,14.954,15.195,15.135,15.000,15.230,15.129,15.010,15.240,14.393,13.997,14.653,15.081,88.202,0.000,0.000,370.622,388.270,-11.913,0.372,0.000,365.467,0.000,7999.000,0.000,-999.000,-999.000,101.439,0.200,0.200,2.295,3.660,278.534,1.365,2.900,277.809,0.868,19.567,19.460,19.664,19.617,19.574,19.664,19.121,19.111,19.134,-999.000,-999.000,-999.000,13.959,11.859,20.224,19.928,20.539,-999.000,-999.000,-999.000,-999.000,-999.000,-999.000,20.570,20.546,20.588,-1.787,-0.644,-2.715,-23.677,0.217,0.298,0.284,0.545,0.238,0.327,0.381,0.640,0.423,,,,,,,,
2023-06-29,24,14.076,13.566,14.953,14.081,13.528,14.951,14.102,13.570,14.990,14.095,13.550,14.990,12.883,12.285,13.937,14.029,88.365,0.000,0.000,339.497,377.765,-31.716,0.000,0.000,333.843,0.000,7999.000,0.000,-999.000,-999.000,101.424,0.200,0.200,2.575,3.730,292.673,1.267,2.830,291.145,0.868,19.371,19.247,19.478,19.527,19.469,19.579,19.135,19.118,19.166,-999.000,-999.000,-999.000,13.958,11.861,19.522,19.105,19.918,-999.000,-999.000,-999.000,-999.000,-999.000,-999.000,20.571,20.552,20.595,-2.160,-1.117,-3.394,-26.449,0.216,0.297,0.284,0.545,0.238,0.327,0.381,0.640,0.422,,,,,,,,
