2023-11-03,01,8.496,8.364,8.595,8.499,8.400,8.601,8.543,8.460,8.640,8.536,8.470,8.630,7.324,7.242,7.367,8.486,86.003,0.000,0.000,343.775,352.743,-3.802,0.000,0.000,338.777,0.000,7998.867,0.000,-999.000,-999.000,97.671,0.200,0.200,10.282,15.210,201.878,7.795,12.320,201.080,0.329,10.623,10.577,10.690,11.510,11.475,11.541,11.966,11.941,11.991,-999.000,-999.000,-999.000,13.996,13.878,8.573,8.519,8.635,-999.000,-999.000,-999.000,-999.000,-999.000,-999.000,12.563,12.505,12.632,-8.479,-4.497,-8.468,-10.786,0.688,0.689,0.688,0.746,0.684,0.684,0.685,0.743,0.557,,,,,,,,
2023-11-03,02,8.520,8.367,8.754,8.527,8.390,8.737,8.568,8.440,8.760,8.565,8.430,8.770,7.371,7.291,7.476,8.504,86.637,0.000,0.000,343.007,352.895,-4.985,0.012,0.000,338.000,0.000,7989.550,0.060,-999.000,-999.000,97.716,0.200,0.200,10.077,16.600,201.129,7.691,14.100,200.289,0.329,10.540,10.484,10.597,11.458,11.419,11.502,11.949,11.918,11.975,-999.000,-999.000,-999.000,13.991,13.876,8.491,8.456,8.542,-999.000,-999.000,-999.000,-999.000,-999.000,-999.000,12.547,12.472,12.623,-8.601,-4.681,-8.569,-10.641,0.688,0.689,0.688,0.746,0.684,0.684,0.684,0.743,0.557,,,,,,,,
2023-11-03,03,9.017,8.731,9.319,9.018,8.684,9.337,9.051,8.760,9.340,9.049,8.780,9.330,7.613,7.469,7.753,8.980,83.092,0.000,0.000,348.768,354.478,-0.763,0.032,0.000,344.875,0.000,7994.650,0.000,-999.000,-999.000,97.767,0.200,0.200,10.065,15.540,203.505,7.731,13.350,202.707,0.329,10.462,10.427,10.504,11.397,11.354,11.455,11.899,11.862,11.955,-999.000,-999.000,-999.000,13.993,13.879,8.496,8.463,8.535,-999.000,-999.000,-999.000,-999.000,-999.000,-999.000,12.529,12.469,12.601,-8.673,-4.830,-8.622,-10.122,0.688,0.689,0.688,0.746,0.684,0.684,0.684,0.743,0.557,,,,,,,,
2023-11-03,04,9.189,9.009,9.307,9.187,9.048,9.306,9.253,9.080,9.370,9.241,9.070,9.380,7.764,7.649,7.837,9.171,82.155,0.000,0.000,346.995,355.175,-3.707,0.000,0.000,342.832,0.000,7999.000,0.000,-999.000,-999.000,97.814,0.200,0.200,10.467,17.320,209.558,8.106,14.100,208.451,0.330,10.432,10.397,10.477,11.382,11.347,11.410,11.888,11.862,11.912,-999.000,-999.000,-999.000,13.970,13.860,8.498,8.465,8.520,-999.000,-999.000,-999.000,-999.000,-999.000,-999.000,12.554,12.471,12.611,-8.623,-4.941,-8.563,-9.571,0.688,0.689,0.688,0.746,0.684,0.684,0.684,0.743,0.557,,,,,,,,
2023-11-03,05,8.627,8.402,9.039,8.607,8.375,9.025,8.692,8.480,9.070,8.669,8.450,9.060,7.577,7.492,7.659,8.607,87.713,0.000,0.000,348.318,353.810,-1.321,0.142,0.000,342.663,0.000,7987.267,0.610,-999.000,-999.000,97.886,0.200,0.200,9.250,14.860,207.047,7.142,12.200,206.508,0.329,10.369,10.321,10.417,11.315,11.262,11.384,11.854,11.819,11.892,-999.000,-999.000,-999.000,13.972,13.860,8.499,8.467,8.524,-999.000,-999.000,-999.000,-999.000,-999.000,-999.000,12.535,12.456,12.664,-8.514,-5.018,-8.453,-9.293,0.688,0.689,0.688,0.746,0.684,0.684,0.684,0.743,0.558,,,,,,,,
2023-11-03,06,8.741,8.661,8.849,8.734,8.641,8.862,8.787,8.750,8.900,8.786,8.720,8.880,7.530,7.483,7.588,8.719,86.052,0.000,0.000,345.885,353.660,-2.688,0.458,0.000,341.510,0.000,7992.750,0.080,-999.000,-999.000,97.930,0.200,0.200,9.733,15.810,209.467,7.510,12.240,208.848,0.329,10.301,10.272,10.331,11.252,11.216,11.298,11.806,11.773,11.836,-999.000,-999.000,-999.000,13.995,13.882,8.487,8.453,8.516,-999.000,-999.000,-999.000,-999.000,-999.000,-999.000,12.505,12.436,12.575,-8.405,-5.084,-8.352,-9.118,0.688,0.689,0.688,0.746,0.684,0.684,0.684,0.743,0.558,,,,,,,,
2023-11-03,07,8.802,8.631,9.005,8.806,8.620,9.004,8.875,8.720,9.060,8.855,8.680,9.040,7.649,7.572,7.743,8.788,87.423,1.512,0.000,343.665,354.247,-4.018,1.812,0.000,338.157,0.000,7986.633,0.160,-999.000,-999.000,98.016,0.200,0.200,9.029,15.330,212.754,6.956,12.360,211.335,0.329,10.261,10.216,10.302,11.206,11.153,11.242,11.785,11.760,11.810,-999.000,-999.000,-999.000,13.990,13.873,8.468,8.443,8.492,-999.000,-999.000,-999.000,-999.000,-999.000,-999.000,12.508,12.436,12.571,-8.312,-5.123,-8.279,-8.964,0.688,0.688,0.688,0.746,0.684,0.684,0.684,0.743,0.558,,,,,,,,
2023-11-03,08,8.945,8.638,9.410,8.931,8.567,9.402,8.986,8.680,9.410,8.971,8.660,9.410,7.937,7.638,8.372,8.910,87.342,41.895,6.868,336.480,355.688,17.028,41.954,0.000,333.665,0.000,7970.117,0.000,-999.000,-999.000,98.129,0.200,0.200,8.587,14.050,212.358,6.688,11.040,211.495,0.330,10.233,10.212,10.269,11.176,11.143,11.216,11.764,11.727,11.793,-999.000,-999.000,-999.000,13.969,13.857,8.512,8.462,8.600,-999.000,-999.000,-999.000,-999.000,-999.000,-999.000,12.510,12.443,12.581,-8.200,-5.160,-8.186,-8.165,0.688,0.688,0.688,0.746,0.684,0.684,0.684,0.743,0.558,,,,,,,,
2023-11-03,09,9.626,9.380,9.812,9.635,9.339,9.811,9.679,9.430,9.830,9.669,9.420,9.820,8.869,8.415,9.123,9.594,83.488,142.891,37.747,320.635,360.222,65.557,129.418,37.029,320.782,1.055,6979.983,0.000,-999.000,-999.000,98.215,0.200,0.200,8.873,14.020,215.910,6.840,11.470,215.164,0.331,10.209,10.166,10.255,11.146,11.084,11.199,11.759,11.710,11.796,-999.000,-999.000,-999.000,13.972,13.862,8.900,8.609,9.147,-999.000,-999.000,-999.000,-999.000,-999.000,-999.000,12.513,12.440,12.620,-7.957,-5.174,-7.914,-4.521,0.688,0.688,0.688,0.746,0.684,0.684,0.684,0.743,0.558,,,,,,,,
2023-11-03,10,9.786,9.649,9.900,9.789,9.639,9.926,9.834,9.700,9.960,9.825,9.700,9.930,8.915,8.764,9.169,9.738,82.200,139.383,34.290,315.443,360.678,59.859,126.243,24.251,315.720,0.389,6043.150,0.000,-999.000,-999.000,98.270,0.200,0.200,9.013,13.830,223.387,7.111,11.950,222.514,0.332,10.227,10.183,10.255,11.109,11.080,11.142,11.720,11.699,11.746,-999.000,-999.000,-999.000,13.963,13.857,9.244,9.130,9.396,-999.000,-999.000,-999.000,-999.000,-999.000,-999.000,12.510,12.454,12.566,-7.185,-5.122,-7.079,-2.080,0.688,0.688,0.688,0.746,0.684,0.684,0.684,0.743,0.558,,,,,,,,
2023-11-03,11,10.443,9.907,10.985,10.463,9.948,10.978,10.477,9.980,11.050,10.477,9.970,11.070,10.139,9.141,11.050,10.355,79.840,307.237,95.689,296.392,368.277,139.663,140.949,394.014,296.063,9.583,7451.150,0.000,-999.000,-999.000,98.334,0.200,0.200,8.143,13.620,218.595,6.346,11.400,218.447,0.333,10.264,10.218,10.315,11.081,11.052,11.116,11.708,11.672,11.742,-999.000,-999.000,-999.000,13.966,13.859,9.922,9.395,10.330,-999.000,-999.000,-999.000,-999.000,-999.000,-999.000,12.508,12.423,12.573,-6.217,-4.962,-6.129,-0.384,0.688,0.688,0.688,0.746,0.684,0.684,0.684,0.743,0.558,,,,,,,,
2023-11-03,12,10.773,10.346,11.588,10.782,10.355,11.610,10.810,10.410,11.570,10.804,10.400,11.620,10.811,9.934,12.101,10.732,78.123,258.841,75.772,332.995,370.563,145.501,183.643,170.227,332.722,3.000,7673.383,0.000,-999.000,-999.000,98.420,0.200,0.200,7.908,13.250,207.188,6.118,10.950,206.660,0.335,10.333,10.256,10.406,11.058,11.030,11.084,11.683,11.647,11.710,-999.000,-999.000,-999.000,13.964,13.863,10.635,10.376,10.763,-999.000,-999.000,-999.000,-999.000,-999.000,-999.000,12.495,12.416,12.557,-4.989,-4.730,-4.957,3.426,0.688,0.688,0.688,0.746,0.684,0.684,0.684,0.743,0.558,,,,,,,,
2023-11-03,13,11.307,10.830,11.683,11.317,10.885,11.725,11.340,10.860,11.720,11.334,10.850,11.730,11.161,10.078,12.057,11.264,75.172,309.801,100.037,300.445,372.337,137.873,147.410,423.881,299.778,8.806,7992.517,0.000,-999.000,-999.000,98.457,0.200,0.200,8.779,13.990,209.253,6.766,11.770,208.872,0.335,10.449,10.377,10.526,11.041,11.013,11.076,11.650,11.606,11.684,-999.000,-999.000,-999.000,13.962,13.860,11.073,10.726,11.227,-999.000,-999.000,-999.000,-999.000,-999.000,-999.000,12.486,12.419,12.571,-3.292,-4.387,-3.457,5.337,0.688,0.688,0.688,0.746,0.684,0.684,0.685,0.743,0.558,,,,,,,,
2023-11-03,14,11.563,11.232,11.857,11.563,11.225,11.860,11.590,11.270,11.870,11.581,11.250,11.860,10.633,10.155,11.231,11.528,73.932,188.847,59.797,314.317,369.705,73.661,109.967,239.934,313.588,5.528,7967.250,0.000,-999.000,-999.000,98.493,0.200,0.200,8.901,13.880,208.583,6.740,11.320,208.109,0.336,10.597,10.519,10.668,11.040,10.997,11.079,11.626,11.596,11.655,-999.000,-999.000,-999.000,13.963,13.859,11.018,10.818,11.197,-999.000,-999.000,-999.000,-999.000,-999.000,-999.000,12.479,12.390,12.554,-1.722,-3.972,-2.093,2.889,0.688,0.688,0.688,0.746,0.684,0.684,0.685,0.743,0.558,,,,,,,,
2023-11-03,15,11.095,10.788,11.348,11.093,10.787,11.370,11.131,10.850,11.360,11.119,10.830,11.370,9.490,8.610,10.147,11.077,71.337,108.153,31.898,305.590,363.248,18.597,78.400,134.084,305.543,5.583,7982.833,0.000,-999.000,-999.000,98.548,0.200,0.200,8.734,13.590,207.722,6.646,11.850,206.686,0.337,10.734,10.662,10.782,11.050,11.026,11.079,11.612,11.570,11.651,-999.000,-999.000,-999.000,13.952,13.851,10.573,10.259,10.842,-999.000,-999.000,-999.000,-999.000,-999.000,-999.000,12.475,12.391,12.597,-0.832,-3.563,-1.477,0.733,0.688,0.689,0.688,0.746,0.684,0.684,0.685,0.744,0.558,,,,,,,,
2023-11-03,16,10.493,10.089,10.822,10.486,10.068,10.817,10.553,10.110,10.860,10.538,10.090,10.830,8.182,7.506,8.773,10.494,72.031,45.172,12.812,289.590,356.707,-34.586,31.366,105.406,290.127,4.222,7983.967,0.000,-999.000,-999.000,98.596,0.200,0.200,6.846,10.910,211.255,5.254,9.540,210.517,0.338,10.810,10.772,10.834,11.071,11.028,11.106,11.599,11.576,11.630,-999.000,-999.000,-999.000,13.954,13.853,9.934,9.601,10.249,-999.000,-999.000,-999.000,-999.000,-999.000,-999.000,12.477,12.423,12.546,-1.058,-3.257,-1.779,-4.018,0.688,0.689,0.688,0.746,0.684,0.684,0.685,0.744,0.558,,,,,,,,
2023-11-03,17,9.964,9.746,10.206,9.966,9.731,10.186,10.007,9.770,10.180,9.998,9.720,10.190,7.336,7.090,7.600,9.935,73.408,0.720,0.000,286.275,352.778,-61.284,0.758,0.000,286.380,0.000,7999.000,0.000,-999.000,-999.000,98.643,0.200,0.200,7.081,11.000,208.597,5.347,10.160,207.896,0.339,10.797,10.744,10.836,11.100,11.061,11.139,11.582,11.551,11.617,-999.000,-999.000,-999.000,13.955,13.858,9.265,8.982,9.605,-999.000,-999.000,-999.000,-999.000,-999.000,-999.000,12.456,12.396,12.511,-2.245,-3.116,-2.840,-8.365,0.688,0.689,0.688,0.747,0.684,0.684,0.685,0.744,0.558,,,,,,,,
2023-11-03,18,9.619,9.379,9.938,9.632,9.389,9.957,9.667,9.430,9.950,9.658,9.420,9.960,6.994,6.732,7.269,9.594,73.707,0.000,0.000,281.768,351.135,-65.250,0.000,0.000,281.818,0.000,7999.000,0.000,-999.000,-999.000,98.671,0.200,0.200,7.496,12.990,208.413,5.673,10.540,207.860,0.340,10.735,10.681,10.792,11.121,11.094,11.169,11.579,11.557,11.603,-999.000,-999.000,-999.000,13.948,13.856,8.714,8.491,8.975,-999.000,-999.000,-999.000,-999.000,-999.000,-999.000,12.460,12.374,12.540,-3.937,-3.140,-4.291,-11.075,0.688,0.689,0.688,0.746,0.684,0.684,0.685,0.743,0.558,,,,,,,,
2023-11-03,19,9.115,8.502,9.486,9.111,8.495,9.475,9.187,8.560,9.470,9.175,8.510,9.460,6.611,6.206,6.888,9.103,74.788,0.000,0.000,284.043,349.020,-60.780,0.000,0.000,284.135,0.000,7990.867,0.000,-999.000,-999.000,98.692,0.200,0.200,6.773,11.600,208.390,5.151,9.630,208.031,0.341,10.614,10.516,10.695,11.120,11.090,11.156,11.559,11.532,11.598,-999.000,-999.000,-999.000,13.940,13.842,8.297,8.126,8.484,-999.000,-999.000,-999.000,-999.000,-999.000,-999.000,12.438,12.383,12.499,-5.611,-3.295,-5.700,-12.663,0.688,0.689,0.688,0.746,0.684,0.684,0.685,0.743,0.558,,,,,,,,
2023-11-03,20,8.487,7.848,8.814,8.496,7.858,8.820,8.534,7.937,8.880,8.522,7.915,8.890,6.157,5.652,6.523,8.470,77.878,0.000,0.000,283.038,346.545,-59.277,0.000,0.000,283.077,0.000,7999.000,0.000,-999.000,-999.000,98.715,0.200,0.200,6.283,9.690,202.249,4.670,8.420,201.463,0.341,10.481,10.434,10.536,11.122,11.090,11.166,11.570,11.525,11.617,-999.000,-999.000,-999.000,13.949,13.856,7.964,7.777,8.136,-999.000,-999.000,-999.000,-999.000,-999.000,-999.000,12.433,12.356,12.522,-7.016,-3.524,-6.889,-13.202,0.688,0.689,0.688,0.746,0.684,0.684,0.685,0.743,0.558,,,,,,,,
2023-11-03,21,7.995,7.589,8.214,7.982,7.538,8.209,8.032,7.595,8.210,8.028,7.558,8.230,5.673,5.271,5.931,7.987,79.107,0.000,0.000,274.880,344.152,-65.201,0.000,0.000,275.293,0.000,7999.000,0.000,-999.000,-999.000,98.695,0.200,0.200,6.580,12.670,200.266,4.924,11.350,198.584,0.341,10.355,10.273,10.437,11.096,11.057,11.127,11.556,11.526,11.596,-999.000,-999.000,-999.000,13.951,13.854,7.622,7.482,7.770,-999.000,-999.000,-999.000,-999.000,-999.000,-999.000,12.432,12.377,12.516,-8.118,-3.769,-7.830,-14.132,0.688,0.689,0.688,0.746,0.684,0.684,0.685,0.743,0.558,,,,,,,,
2023-11-03,22,7.244,6.883,7.656,7.250,6.865,7.655,7.283,6.971,7.658,7.277,6.938,7.654,4.946,4.701,5.380,7.229,82.332,0.000,0.000,272.213,340.520,-64.382,0.000,0.000,273.037,0.000,7998.283,0.000,-999.000,-999.000,98.674,0.200,0.200,5.617,8.510,189.557,3.927,7.160,187.986,0.341,10.217,10.130,10.289,11.070,11.014,11.112,11.555,11.512,11.585,-999.000,-999.000,-999.000,13.925,13.834,7.277,7.117,7.469,-999.000,-999.000,-999.000,-999.000,-999.000,-999.000,12.412,12.346,12.457,-9.072,-4.006,-8.690,-14.940,0.688,0.689,0.688,0.746,0.684,0.684,0.685,0.743,0.557,,,,,,,,
2023-11-03,23,6.978,6.679,7.290,6.965,6.642,7.329,7.004,6.694,7.313,7.002,6.659,7.322,4.806,4.616,5.025,6.960,83.857,0.000,0.000,272.103,339.852,-63.681,0.000,0.000,272.800,0.000,7983.617,0.000,-999.000,-999.000,98.628,0.200,0.200,5.686,9.850,188.480,3.976,7.370,186.530,0.341,10.050,9.978,10.136,11.004,10.978,11.041,11.518,11.493,11.550,-999.000,-999.000,-999.000,13.944,13.856,6.980,6.851,7.104,-999.000,-999.000,-999.000,-999.000,-999.000,-999.000,12.385,12.315,12.431,-9.947,-4.236,-9.481,-15.496,0.688,0.688,0.688,0.746,0.684,0.683,0.684,0.743,0.558,,,,,,,,
2023-11-03,24,7.135,6.755,7.568,7.139,6.728,7.587,7.121,6.725,7.610,7.125,6.734,7.605,5.312,4.672,6.424,7.096,84.345,0.112,0.000,303.585,343.280,-34.823,0.000,0.000,302.565,0.000,7999.000,0.000,-999.000,-999.000,98.606,0.200,0.200,6.043,8.820,177.633,4.311,6.760,177.108,0.342,9.915,9.842,9.999,10.979,10.918,11.033,11.523,11.483,11.552,-999.000,-999.000,-999.000,13.928,13.836,6.769,6.699,6.838,-999.000,-999.000,-999.000,-999.000,-999.000,-999.000,12.372,12.317,12.422,-10.720,-4.449,-10.166,-15.465,0.688,0.688,0.688,0.746,0.684,0.683,0.684,0.743,0.557,,,,,,,,
