2023-05-16,01,8.527,8.159,8.884,8.534,8.165,8.903,8.582,8.190,8.970,8.567,8.170,8.940,7.323,6.529,8.081,8.471,85.810,0.000,0.000,299.733,351.913,-46.442,0.000,0.000,288.585,0.000,7999.000,0.000,-999.000,-999.000,101.896,0.200,0.200,2.988,5.440,333.545,1.830,4.230,332.385,0.424,13.188,13.137,13.249,13.049,13.006,13.066,12.692,12.669,12.749,-999.000,-999.000,-999.000,9.915,9.732,11.546,11.218,11.856,-999.000,-999.000,-999.000,-999.000,-999.000,-999.000,13.503,13.473,13.534,-4.161,-1.158,-5.984,-21.024,0.585,0.641,0.705,0.726,0.623,0.690,0.700,0.753,0.483,,,,,,,,
2023-05-16,02,8.065,7.895,8.337,8.070,7.911,8.373,8.132,7.946,8.410,8.112,7.923,8.410,6.711,5.769,7.878,8.004,87.292,0.000,0.000,310.120,348.828,-32.830,0.000,0.000,300.423,0.000,7999.000,0.000,-999.000,-999.000,101.905,0.200,0.200,2.399,4.720,326.233,1.280,3.090,319.756,0.425,13.089,13.039,13.138,13.015,13.000,13.047,12.695,12.676,12.708,-999.000,-999.000,-999.000,9.915,9.741,10.900,10.791,11.213,-999.000,-999.000,-999.000,-999.000,-999.000,-999.000,13.511,13.500,13.532,-5.159,-1.746,-6.523,-23.550,0.584,0.642,0.705,0.727,0.622,0.690,0.700,0.752,0.482,,,,,,,,
2023-05-16,03,7.391,6.664,7.970,7.386,6.664,7.962,7.421,6.647,8.000,7.414,6.663,8.000,6.575,5.235,7.931,7.353,90.272,0.000,0.000,308.068,347.512,-33.078,0.000,0.000,297.612,0.000,7999.000,0.000,-999.000,-999.000,101.929,0.200,0.200,2.436,4.060,302.428,1.291,2.690,300.007,0.425,12.953,12.874,13.036,12.981,12.911,13.010,12.686,12.673,12.703,-999.000,-999.000,-999.000,9.917,9.740,10.692,10.458,10.854,-999.000,-999.000,-999.000,-999.000,-999.000,-999.000,13.517,13.503,13.538,-6.256,-2.191,-7.032,-22.177,0.584,0.641,0.705,0.727,0.622,0.689,0.700,0.752,0.481,,,,,,,,
2023-05-16,04,5.927,5.658,6.618,5.928,5.665,6.621,5.955,5.692,6.635,5.943,5.671,6.620,4.558,4.171,5.172,5.869,92.155,1.809,0.000,279.225,336.433,-49.123,1.681,0.418,267.138,0.000,7999.000,0.000,-999.000,-999.000,101.956,0.200,0.200,2.627,3.670,301.677,1.289,2.530,304.297,0.426,12.796,12.749,12.854,12.916,12.870,12.941,12.676,12.648,12.700,-999.000,-999.000,-999.000,9.914,9.731,10.027,9.667,10.442,-999.000,-999.000,-999.000,-999.000,-999.000,-999.000,13.512,13.482,13.546,-7.011,-2.548,-7.332,-24.543,0.583,0.641,0.704,0.728,0.621,0.689,0.700,0.751,0.481,,,,,,,,
2023-05-16,05,6.124,5.676,7.003,6.132,5.655,7.053,6.192,5.708,7.093,6.191,5.706,7.079,5.267,4.294,6.884,6.095,91.277,51.608,9.324,275.043,341.838,-23.690,30.952,129.474,263.095,3.611,7999.000,0.000,-999.000,-999.000,102.002,0.200,0.200,2.984,4.180,300.338,1.641,3.010,301.352,0.427,12.644,12.537,12.749,12.868,12.807,12.913,12.674,12.611,12.685,-999.000,-999.000,-999.000,9.936,9.754,9.477,9.356,9.667,-999.000,-999.000,-999.000,-999.000,-999.000,-999.000,13.517,13.493,13.553,-7.947,-2.923,-7.981,-26.592,0.581,0.641,0.704,0.728,0.620,0.688,0.700,0.751,0.480,,,,,,,,
2023-05-16,06,7.979,7.050,9.134,7.998,7.092,9.139,8.081,7.150,9.250,8.064,7.122,9.210,8.704,6.946,11.113,7.933,83.829,171.099,40.282,287.880,356.822,61.875,71.047,329.842,274.942,6.889,7999.000,0.000,-999.000,-999.000,102.076,0.200,0.200,3.798,6.550,306.386,2.504,5.470,304.788,0.428,12.476,12.379,12.570,12.800,12.740,12.836,12.644,12.588,12.681,-999.000,-999.000,-999.000,9.926,9.739,9.801,9.353,10.523,-999.000,-999.000,-999.000,-999.000,-999.000,-999.000,13.513,13.469,13.545,-8.879,-3.363,-8.587,-23.450,0.581,0.641,0.704,0.729,0.620,0.688,0.699,0.750,0.479,,,,,,,,
2023-05-16,07,10.020,9.107,10.935,10.026,9.146,10.924,10.114,9.250,11.070,10.085,9.220,11.060,12.826,11.160,14.726,9.987,74.797,373.700,92.506,288.260,371.113,198.341,92.178,643.206,271.488,9.805,7988.383,0.000,-999.000,-999.000,102.132,0.200,0.200,5.710,9.360,319.582,3.990,7.600,319.208,0.429,12.353,12.314,12.408,12.732,12.686,12.785,12.627,12.583,12.661,-999.000,-999.000,-999.000,9.925,9.738,11.455,10.529,12.371,-999.000,-999.000,-999.000,-999.000,-999.000,-999.000,13.519,13.486,13.554,-9.119,-3.710,-8.615,-14.938,0.580,0.640,0.704,0.729,0.619,0.686,0.699,0.750,0.479,,,,,,,,
2023-05-16,08,11.239,10.624,11.891,11.234,10.622,11.891,11.310,10.670,11.990,11.286,10.630,11.970,15.182,13.539,17.280,11.223,66.520,525.842,124.939,308.128,384.337,324.695,178.492,601.865,292.873,8.472,7999.000,0.000,-999.000,-999.000,102.156,0.200,0.200,7.004,11.380,326.787,4.689,8.340,325.906,0.431,12.284,12.252,12.324,12.669,12.619,12.728,12.603,12.573,12.636,-999.000,-999.000,-999.000,9.930,9.738,13.464,12.420,14.330,-999.000,-999.000,-999.000,-999.000,-999.000,-999.000,13.519,13.503,13.550,-8.493,-3.702,-7.992,-2.812,0.579,0.640,0.704,0.729,0.618,0.685,0.699,0.750,0.479,,,,,,,,
2023-05-16,09,11.090,9.614,12.769,11.088,9.610,12.750,11.164,9.650,12.810,11.133,9.600,12.800,14.668,11.981,17.993,11.088,68.049,502.052,112.329,327.945,386.033,331.634,255.545,343.701,320.010,5.611,7993.750,0.000,-999.000,-999.000,102.173,0.200,0.200,6.517,11.480,334.188,4.492,8.840,334.949,0.431,12.294,12.261,12.311,12.615,12.572,12.671,12.587,12.559,12.632,-999.000,-999.000,-999.000,9.935,9.742,14.842,14.343,15.169,-999.000,-999.000,-999.000,-999.000,-999.000,-999.000,13.526,13.497,13.553,-5.787,-3.206,-6.749,7.549,0.578,0.639,0.704,0.729,0.618,0.684,0.699,0.750,0.480,,,,,,,,
2023-05-16,10,12.075,11.097,13.337,12.068,11.086,13.326,12.136,11.110,13.420,12.117,11.100,13.430,16.518,13.625,18.227,12.069,65.011,642.044,140.402,320.445,399.035,423.052,213.722,531.887,305.225,6.833,7998.033,0.000,-999.000,-999.000,102.185,0.200,0.200,5.986,10.690,330.831,4.040,9.030,330.801,0.432,12.336,12.292,12.383,12.549,12.509,12.596,12.555,12.527,12.592,-999.000,-999.000,-999.000,9.937,9.743,16.372,15.129,16.989,-999.000,-999.000,-999.000,-999.000,-999.000,-999.000,13.519,13.493,13.553,-1.209,-2.410,-5.380,15.674,0.578,0.639,0.703,0.730,0.617,0.684,0.699,0.750,0.481,,,,,,,,
2023-05-16,11,13.208,12.475,14.107,13.199,12.484,14.106,13.255,12.500,14.080,13.226,12.460,14.070,16.847,14.428,19.149,13.199,55.157,692.936,148.752,327.987,405.095,467.076,272.645,483.309,314.427,5.944,7990.450,0.000,-999.000,-999.000,102.179,0.200,0.200,6.688,10.890,336.937,4.654,8.300,334.619,0.433,12.425,12.371,12.483,12.501,12.470,12.529,12.518,12.490,12.553,-999.000,-999.000,-999.000,9.934,9.745,17.638,16.992,18.035,-999.000,-999.000,-999.000,-999.000,-999.000,-999.000,13.519,13.487,13.536,4.238,-1.407,-3.910,23.411,0.577,0.638,0.703,0.730,0.617,0.683,0.699,0.750,0.482,,,,,,,,
2023-05-16,12,13.288,12.569,14.141,13.281,12.564,14.125,13.339,12.630,14.230,13.316,12.610,14.230,16.135,14.110,18.965,13.288,54.578,551.362,118.024,344.562,401.717,376.182,330.354,233.983,335.978,2.722,7976.800,0.000,-999.000,-999.000,102.187,0.200,0.200,6.429,10.580,332.551,4.366,8.300,331.481,0.434,12.554,12.492,12.634,12.472,12.447,12.513,12.500,12.481,12.532,-999.000,-999.000,-999.000,9.937,9.741,18.114,17.687,18.487,-999.000,-999.000,-999.000,-999.000,-999.000,-999.000,13.517,13.487,13.550,9.847,-0.257,-2.260,24.827,0.576,0.638,0.702,0.731,0.617,0.683,0.698,0.750,0.483,,,,,,,,
2023-05-16,13,12.347,11.709,12.955,12.349,11.714,12.957,12.403,11.830,12.990,12.388,11.800,12.980,13.315,12.245,14.731,12.337,57.739,193.239,39.111,353.953,381.637,126.445,188.430,0.090,348.540,0.000,7886.800,0.000,-999.000,-999.000,102.206,0.200,0.200,5.930,9.820,330.932,4.007,7.350,330.350,0.435,12.682,12.627,12.718,12.461,12.438,12.501,12.472,12.447,12.498,-999.000,-999.000,-999.000,9.947,9.748,16.962,16.222,17.657,-999.000,-999.000,-999.000,-999.000,-999.000,-999.000,13.515,13.495,13.537,13.537,0.697,-0.939,13.564,0.576,0.638,0.702,0.731,0.617,0.683,0.698,0.750,0.484,,,,,,,,
2023-05-16,14,12.033,11.390,12.453,12.028,11.381,12.448,12.097,11.470,12.540,12.072,11.430,12.510,13.951,12.169,16.102,12.009,66.424,245.374,48.898,349.418,387.405,158.490,226.054,16.359,342.690,0.222,7994.783,0.000,-999.000,-999.000,102.222,0.200,0.200,3.732,6.720,343.382,2.565,5.560,342.467,0.436,12.734,12.722,12.751,12.455,12.435,12.484,12.446,12.432,12.466,-999.000,-999.000,-999.000,9.941,9.743,16.311,16.095,16.536,-999.000,-999.000,-999.000,-999.000,-999.000,-999.000,13.511,13.496,13.523,12.746,1.096,-1.106,6.685,0.575,0.638,0.702,0.731,0.617,0.684,0.698,0.750,0.484,,,,,,,,
2023-05-16,15,12.341,12.153,12.544,12.343,12.148,12.529,12.391,12.230,12.580,12.381,12.210,12.580,12.710,12.371,13.391,12.324,61.880,122.355,20.878,353.887,379.332,76.032,119.867,0.008,346.652,0.000,7999.000,0.000,-999.000,-999.000,102.219,0.200,0.200,4.904,8.540,326.489,3.216,6.740,324.288,0.437,12.748,12.722,12.765,12.472,12.446,12.515,12.430,12.410,12.447,-999.000,-999.000,-999.000,9.951,9.743,15.813,15.381,16.295,-999.000,-999.000,-999.000,-999.000,-999.000,-999.000,13.508,13.491,13.517,10.771,1.079,-1.253,4.122,0.575,0.638,0.702,0.732,0.617,0.684,0.698,0.750,0.483,,,,,,,,
2023-05-16,16,12.430,12.358,12.693,12.425,12.346,12.671,12.469,12.390,12.700,12.459,12.370,12.710,12.745,12.421,13.481,12.398,59.562,129.847,22.734,353.470,379.323,81.260,128.126,0.000,346.715,0.000,7998.367,0.000,-999.000,-999.000,102.229,0.200,0.200,4.794,7.600,338.956,3.170,5.860,339.699,0.438,12.758,12.745,12.769,12.492,12.450,12.529,12.431,12.400,12.453,-999.000,-999.000,-999.000,9.970,9.756,15.123,14.913,15.364,-999.000,-999.000,-999.000,-999.000,-999.000,-999.000,13.511,13.496,13.521,8.676,1.034,-1.620,-1.141,0.574,0.638,0.702,0.732,0.616,0.684,0.698,0.750,0.483,,,,,,,,
2023-05-16,17,12.412,11.916,12.820,12.414,11.911,12.829,12.472,11.950,12.860,12.456,11.920,12.850,12.311,11.283,13.590,12.394,60.216,66.394,8.818,354.945,376.665,36.864,64.863,0.000,346.573,0.000,7995.783,0.000,-999.000,-999.000,102.245,0.200,0.200,4.427,7.480,322.706,2.774,5.630,322.188,0.439,12.732,12.693,12.762,12.490,12.450,12.522,12.409,12.381,12.433,-999.000,-999.000,-999.000,9.970,9.758,14.770,14.340,15.001,-999.000,-999.000,-999.000,-999.000,-999.000,-999.000,13.506,13.475,13.517,6.541,0.756,-2.131,-2.306,0.573,0.637,0.702,0.733,0.615,0.684,0.698,0.750,0.482,,,,,,,,
2023-05-16,18,10.687,10.279,12.013,10.684,10.279,12.018,10.738,10.320,12.120,10.724,10.310,12.110,10.662,10.157,11.479,10.626,77.269,29.833,1.140,352.990,368.390,14.405,29.534,0.000,346.102,0.000,7989.683,0.000,-999.000,-999.000,102.288,0.200,0.200,3.149,9.520,293.415,1.931,8.080,292.687,0.440,12.683,12.656,12.714,12.480,12.453,12.523,12.389,12.350,12.415,-999.000,-999.000,-999.000,9.964,9.752,13.989,13.789,14.327,-999.000,-999.000,-999.000,-999.000,-999.000,-999.000,13.486,13.463,13.512,4.852,0.418,-2.558,-7.390,0.572,0.637,0.702,0.733,0.615,0.684,0.698,0.749,0.482,,,,,,,,
2023-05-16,19,10.478,10.306,10.710,10.478,10.325,10.696,10.500,10.340,10.750,10.496,10.320,10.740,10.609,9.641,11.628,10.459,83.978,39.075,5.436,350.947,366.882,18.789,32.628,57.930,367.285,0.278,7999.000,0.470,-999.000,-999.000,102.313,0.200,0.200,1.502,3.260,307.624,0.791,1.900,307.661,0.441,12.635,12.587,12.668,12.488,12.473,12.499,12.379,12.363,12.396,-999.000,-999.000,-999.000,9.970,9.764,13.557,13.276,13.780,-999.000,-999.000,-999.000,-999.000,-999.000,-999.000,13.484,13.467,13.488,2.833,0.148,-3.111,-8.714,0.571,0.638,0.702,0.732,0.614,0.684,0.698,0.749,0.481,,,,,,,,
2023-05-16,20,9.903,8.781,10.396,9.905,8.786,10.368,9.956,8.860,10.410,9.939,8.830,10.410,8.344,6.590,9.538,9.886,85.600,4.615,0.000,331.483,355.963,-14.528,4.436,7.921,302.133,0.000,7997.467,0.000,-999.000,-999.000,102.350,0.200,0.200,2.384,4.600,334.983,1.151,2.740,328.239,0.442,12.573,12.547,12.606,12.453,12.420,12.503,12.367,12.344,12.399,-999.000,-999.000,-999.000,9.969,9.759,12.848,12.310,13.275,-999.000,-999.000,-999.000,-999.000,-999.000,-999.000,13.466,13.440,13.492,1.187,-0.025,-3.227,-11.754,0.571,0.637,0.702,0.733,0.613,0.683,0.698,0.749,0.480,,,,,,,,
2023-05-16,21,7.761,7.342,8.731,7.762,7.351,8.757,7.820,7.411,8.820,7.806,7.413,8.770,5.689,5.181,6.550,7.755,90.210,0.000,0.000,307.842,341.517,-27.503,0.000,0.000,272.670,0.000,7999.000,0.000,-999.000,-999.000,102.374,0.200,0.200,3.158,3.970,298.072,1.308,2.160,297.501,0.442,12.523,12.475,12.578,12.452,12.428,12.491,12.367,12.347,12.405,-999.000,-999.000,-999.000,9.984,9.766,11.710,11.187,12.304,-999.000,-999.000,-999.000,-999.000,-999.000,-999.000,13.465,13.417,13.502,-0.460,-0.271,-3.637,-19.046,0.570,0.637,0.702,0.733,0.613,0.683,0.698,0.748,0.480,,,,,,,,
2023-05-16,22,7.385,7.063,7.650,7.383,7.066,7.650,7.405,7.073,7.664,7.406,7.072,7.663,5.680,5.213,6.090,7.367,91.060,0.000,0.000,302.115,342.383,-34.638,0.000,0.000,272.525,0.000,7999.000,0.000,-999.000,-999.000,102.402,0.200,0.200,3.238,4.340,297.836,1.476,2.750,296.889,0.443,12.396,12.345,12.467,12.424,12.403,12.449,12.353,12.320,12.383,-999.000,-999.000,-999.000,9.962,9.749,10.763,10.368,11.170,-999.000,-999.000,-999.000,-999.000,-999.000,-999.000,13.444,13.426,13.476,-2.587,-0.799,-4.730,-23.244,0.570,0.636,0.702,0.733,0.612,0.682,0.698,0.747,0.479,,,,,,,,
2023-05-16,23,6.841,6.571,7.063,6.845,6.563,7.063,6.868,6.617,7.074,6.865,6.600,7.075,5.238,4.653,5.613,6.829,92.143,0.000,0.000,295.150,340.455,-39.656,0.000,0.000,269.225,0.000,7999.000,0.000,-999.000,-999.000,102.420,0.200,0.200,3.487,4.570,304.333,1.567,2.630,304.101,0.444,12.256,12.193,12.342,12.389,12.360,12.426,12.330,12.297,12.360,-999.000,-999.000,-999.000,9.987,9.758,10.048,9.739,10.365,-999.000,-999.000,-999.000,-999.000,-999.000,-999.000,13.431,13.420,13.448,-4.572,-1.481,-5.830,-24.978,0.569,0.636,0.702,0.733,0.611,0.682,0.698,0.747,0.478,,,,,,,,
2023-05-16,24,6.267,5.898,6.561,6.265,5.914,6.553,6.323,5.973,6.602,6.300,5.944,6.600,4.257,4.017,4.683,6.242,94.925,0.000,0.000,289.510,335.638,-40.110,0.000,0.000,268.575,0.000,7999.000,0.000,-999.000,-999.000,102.434,0.200,0.200,2.815,3.660,309.692,1.166,2.320,312.379,0.445,12.148,12.041,12.215,12.389,12.344,12.423,12.348,12.310,12.367,-999.000,-999.000,-999.000,9.995,9.768,9.434,9.207,9.710,-999.000,-999.000,-999.000,-999.000,-999.000,-999.000,13.446,13.425,13.466,-6.150,-2.186,-6.780,-25.943,0.568,0.635,0.702,0.733,0.611,0.681,0.698,0.746,0.477,,,,,,,,
