2023-01-08,01,10.027,9.842,10.124,10.035,9.841,10.146,10.061,9.930,10.170,10.050,9.900,10.180,9.478,9.187,9.671,10.007,84.500,0.000,0.000,352.755,361.115,-4.362,0.000,0.000,344.125,0.000,7947.783,0.000,-999.000,-999.000,100.299,0.200,0.200,6.632,10.800,191.040,5.027,8.560,190.134,0.272,8.590,8.584,8.601,8.409,8.378,8.427,8.334,8.319,8.346,-999.000,-999.000,-999.000,9.002,10.359,8.409,8.401,8.424,-999.000,-999.000,-999.000,-999.000,-999.000,-999.000,8.317,8.310,8.320,-0.172,-0.113,-0.269,-0.419,0.662,0.666,0.673,0.714,0.687,0.691,0.682,0.730,0.516,,,,,,,,
2023-01-08,02,9.713,9.258,9.924,9.688,9.198,9.985,9.740,9.270,9.990,9.724,9.270,10.010,9.052,8.708,9.222,9.674,86.838,0.000,0.000,353.327,359.772,-2.981,0.000,0.000,345.373,0.000,7423.333,1.330,-999.000,-999.000,100.267,0.200,0.200,4.567,8.550,213.821,3.401,7.160,214.054,0.272,8.615,8.584,8.642,8.400,8.375,8.433,8.347,8.319,8.371,-999.000,-999.000,-999.000,9.033,10.407,8.352,8.320,8.405,-999.000,-999.000,-999.000,-999.000,-999.000,-999.000,8.298,8.272,8.324,-0.083,-0.066,-0.224,-0.983,0.663,0.666,0.673,0.714,0.687,0.691,0.682,0.730,0.517,,,,,,,,
2023-01-08,03,8.782,8.552,9.196,8.772,8.528,9.139,8.801,8.550,9.230,8.788,8.520,9.210,8.355,8.106,8.652,8.714,91.425,0.000,0.000,363.887,357.672,9.532,0.010,0.000,356.945,0.000,7682.233,1.320,-999.000,-999.000,100.249,0.200,0.200,2.890,6.010,231.585,2.162,5.550,231.532,0.271,8.601,8.583,8.629,8.408,8.388,8.426,8.341,8.322,8.368,-999.000,-999.000,-999.000,9.014,10.371,8.338,8.270,8.384,-999.000,-999.000,-999.000,-999.000,-999.000,-999.000,8.321,8.295,8.340,-0.106,-0.060,-0.297,-1.177,0.659,0.658,0.672,0.713,0.687,0.692,0.682,0.730,0.518,,,,,,,,
2023-01-08,04,8.775,8.552,9.074,8.796,8.532,9.205,8.828,8.560,9.160,8.825,8.530,9.220,8.278,7.930,8.630,8.786,87.398,0.000,0.000,357.967,355.997,4.837,0.332,0.000,342.868,0.000,7706.750,0.090,-999.000,-999.000,100.221,0.200,0.200,5.260,8.700,194.877,3.875,8.010,193.558,0.272,8.581,8.568,8.602,8.367,8.342,8.394,8.325,8.306,8.347,-999.000,-999.000,-999.000,9.020,10.392,8.210,8.110,8.267,-999.000,-999.000,-999.000,-999.000,-999.000,-999.000,8.323,8.288,8.340,-0.161,-0.077,-0.347,-1.936,0.656,0.656,0.673,0.713,0.688,0.692,0.682,0.730,0.517,,,,,,,,
2023-01-08,05,8.381,8.152,8.546,8.384,8.135,8.529,8.432,8.190,8.600,8.425,8.170,8.550,7.738,7.407,7.908,8.366,85.828,0.000,0.000,349.573,353.047,0.151,0.005,0.000,326.703,0.000,7948.700,0.000,-999.000,-999.000,100.196,0.200,0.200,4.912,7.530,182.305,3.593,6.610,181.092,0.272,8.556,8.511,8.589,8.400,8.382,8.403,8.329,8.321,8.347,-999.000,-999.000,-999.000,9.018,10.354,7.962,7.833,8.123,-999.000,-999.000,-999.000,-999.000,-999.000,-999.000,8.307,8.285,8.322,-0.359,-0.151,-0.524,-3.817,0.656,0.656,0.673,0.713,0.687,0.692,0.682,0.730,0.517,,,,,,,,
2023-01-08,06,8.160,7.969,8.397,8.151,7.916,8.399,8.180,7.980,8.420,8.177,7.988,8.430,7.524,7.328,7.803,8.127,87.960,0.000,0.000,344.578,352.068,-3.322,0.000,0.000,321.378,0.000,7978.417,0.000,-999.000,-999.000,100.168,0.200,0.200,4.716,8.210,185.850,3.410,6.930,184.129,0.271,8.475,8.422,8.514,8.373,8.344,8.409,8.326,8.324,8.335,-999.000,-999.000,-999.000,9.014,10.354,7.696,7.562,7.843,-999.000,-999.000,-999.000,-999.000,-999.000,-999.000,8.322,8.319,8.322,-0.789,-0.337,-0.931,-5.778,0.655,0.656,0.673,0.712,0.687,0.692,0.682,0.730,0.517,,,,,,,,
2023-01-08,07,7.595,6.580,8.275,7.584,6.550,8.327,7.613,6.615,8.310,7.589,6.578,8.340,6.509,5.345,7.466,7.561,86.618,0.000,0.000,302.017,345.435,-39.671,0.000,0.000,272.620,0.000,7992.833,0.000,-999.000,-999.000,100.168,0.200,0.200,4.953,7.440,194.035,3.450,6.050,192.439,0.272,8.384,8.340,8.436,8.349,8.324,8.399,8.321,8.299,8.334,-999.000,-999.000,-999.000,9.022,10.374,7.314,6.967,7.549,-999.000,-999.000,-999.000,-999.000,-999.000,-999.000,8.326,8.310,8.343,-1.249,-0.605,-1.429,-7.800,0.656,0.656,0.673,0.713,0.687,0.692,0.682,0.730,0.517,,,,,,,,
2023-01-08,08,6.569,6.148,6.874,6.572,6.152,6.906,6.595,6.160,6.906,6.595,6.139,6.918,5.430,4.868,5.937,6.569,86.458,1.371,0.000,281.792,340.217,-52.859,1.433,0.000,263.070,0.000,7975.600,0.000,-999.000,-999.000,100.173,0.200,0.200,4.953,7.350,188.035,3.400,6.580,186.029,0.272,8.264,8.178,8.327,8.340,8.329,8.368,8.324,8.301,8.336,-999.000,-999.000,-999.000,9.017,10.359,6.506,6.163,6.929,-999.000,-999.000,-999.000,-999.000,-999.000,-999.000,8.334,8.316,8.350,-1.900,-0.983,-2.257,-13.749,0.663,0.660,0.672,0.714,0.688,0.692,0.682,0.730,0.517,,,,,,,,
2023-01-08,09,6.814,6.507,7.008,6.816,6.490,7.018,6.855,6.484,7.050,6.839,6.467,7.060,6.579,5.465,7.380,6.796,84.232,42.213,11.042,276.905,342.775,-34.413,28.195,114.346,263.207,6.639,7982.283,0.000,-999.000,-999.000,100.156,0.200,0.200,5.830,8.160,182.990,4.266,6.830,181.443,0.272,8.065,7.966,8.178,8.309,8.268,8.329,8.314,8.272,8.330,-999.000,-999.000,-999.000,9.018,10.364,6.011,5.946,6.173,-999.000,-999.000,-999.000,-999.000,-999.000,-999.000,8.333,8.319,8.359,-2.945,-1.604,-3.504,-16.317,0.666,0.662,0.672,0.714,0.688,0.692,0.682,0.730,0.517,,,,,,,,
2023-01-08,10,7.409,6.842,8.067,7.411,6.825,8.063,7.463,6.897,8.100,7.436,6.876,8.100,7.480,6.376,8.259,7.382,83.195,112.258,32.958,276.800,347.327,8.773,51.558,288.245,262.707,8.444,7990.433,0.000,-999.000,-999.000,100.125,0.200,0.200,6.250,9.090,180.076,4.703,8.060,178.325,0.273,7.897,7.827,7.969,8.283,8.240,8.327,8.315,8.273,8.330,-999.000,-999.000,-999.000,9.025,10.363,6.090,5.912,6.448,-999.000,-999.000,-999.000,-999.000,-999.000,-999.000,8.348,8.322,8.385,-3.746,-2.269,-4.373,-13.718,0.667,0.657,0.672,0.714,0.688,0.692,0.682,0.730,0.516,,,,,,,,
2023-01-08,11,8.450,8.074,8.842,8.457,8.086,8.858,8.508,8.160,8.820,8.481,8.130,8.820,8.850,8.295,9.280,8.425,82.430,215.288,66.696,280.753,354.998,74.347,62.136,586.741,265.025,10.000,7945.667,0.000,-999.000,-999.000,100.101,0.200,0.200,7.113,10.300,187.146,5.584,8.780,185.970,0.272,7.768,7.715,7.816,8.221,8.177,8.272,8.299,8.272,8.322,-999.000,-999.000,-999.000,9.030,10.374,7.053,6.441,7.631,-999.000,-999.000,-999.000,-999.000,-999.000,-999.000,8.346,8.315,8.380,-3.892,-2.742,-4.576,-5.320,0.666,0.656,0.672,0.714,0.688,0.692,0.682,0.730,0.516,,,,,,,,
2023-01-08,12,9.219,8.813,9.623,9.223,8.805,9.632,9.255,8.840,9.640,9.245,8.820,9.640,9.839,9.322,10.225,9.191,79.560,257.107,78.259,286.810,361.050,104.607,61.514,681.078,270.063,9.972,7787.833,0.000,-999.000,-999.000,100.036,0.200,0.200,6.295,9.590,187.622,4.860,7.260,187.078,0.273,7.790,7.734,7.846,8.173,8.119,8.206,8.295,8.267,8.314,-999.000,-999.000,-999.000,9.033,10.370,8.217,7.686,8.708,-999.000,-999.000,-999.000,-999.000,-999.000,-999.000,8.356,8.330,8.388,-3.040,-2.839,-3.865,4.286,0.665,0.655,0.672,0.714,0.687,0.692,0.682,0.730,0.516,,,,,,,,
2023-01-08,13,9.849,9.462,10.115,9.861,9.452,10.130,9.894,9.500,10.170,9.883,9.450,10.160,10.238,9.109,10.857,9.830,74.459,234.006,71.078,291.068,362.048,91.948,68.228,595.841,275.017,8.861,7818.050,0.000,-999.000,-999.000,99.947,0.200,0.200,7.252,11.000,195.491,5.565,8.890,195.155,0.273,7.900,7.802,7.986,8.106,8.067,8.119,8.260,8.240,8.273,-999.000,-999.000,-999.000,9.015,10.381,9.012,8.725,9.203,-999.000,-999.000,-999.000,-999.000,-999.000,-999.000,8.346,8.333,8.353,-1.599,-2.530,-2.600,9.886,0.665,0.661,0.672,0.713,0.687,0.692,0.682,0.730,0.516,,,,,,,,
2023-01-08,14,9.568,9.288,9.796,9.566,9.294,9.806,9.593,9.330,9.840,9.579,9.280,9.810,9.386,8.743,10.091,9.549,74.289,130.740,36.011,302.523,358.022,39.230,85.270,214.578,290.555,4.250,7774.250,0.000,-999.000,-999.000,99.891,0.200,0.200,7.307,11.090,197.445,5.676,9.630,196.601,0.274,8.080,8.013,8.141,8.077,8.046,8.118,8.253,8.229,8.282,-999.000,-999.000,-999.000,9.035,10.381,9.034,8.838,9.257,-999.000,-999.000,-999.000,-999.000,-999.000,-999.000,8.358,8.347,8.394,-0.348,-1.990,-1.414,8.551,0.664,0.665,0.672,0.714,0.688,0.692,0.682,0.730,0.516,,,,,,,,
2023-01-08,15,9.329,8.970,9.678,9.324,8.959,9.707,9.334,8.930,9.720,9.318,8.910,9.730,8.730,7.914,9.704,9.293,73.575,77.674,22.659,290.933,354.135,-8.187,47.091,192.981,277.513,5.167,7899.150,0.000,-999.000,-999.000,99.822,0.200,0.200,7.374,11.180,195.816,5.559,9.530,194.875,0.274,8.180,8.124,8.219,8.070,8.041,8.117,8.238,8.202,8.277,-999.000,-999.000,-999.000,9.039,10.374,8.597,8.260,8.821,-999.000,-999.000,-999.000,-999.000,-999.000,-999.000,8.360,8.345,8.380,0.044,-1.450,-0.661,3.409,0.664,0.664,0.672,0.714,0.688,0.692,0.682,0.730,0.516,,,,,,,,
2023-01-08,16,8.352,7.572,9.205,8.340,7.561,9.191,8.372,7.540,9.240,8.345,7.498,9.220,7.373,6.182,8.663,8.318,75.411,16.440,4.490,278.703,346.860,-54.166,10.089,88.479,264.142,4.333,7940.317,0.000,-999.000,-999.000,99.750,0.200,0.200,6.222,10.770,191.136,4.441,9.000,190.268,0.274,8.193,8.135,8.233,8.081,8.044,8.128,8.220,8.192,8.246,-999.000,-999.000,-999.000,9.037,10.373,7.785,7.276,8.241,-999.000,-999.000,-999.000,-999.000,-999.000,-999.000,8.366,8.340,8.408,-0.277,-1.215,-0.847,-4.207,0.663,0.664,0.672,0.714,0.687,0.692,0.682,0.730,0.516,,,,,,,,
2023-01-08,17,7.011,6.614,7.578,7.002,6.611,7.578,7.002,6.596,7.587,7.004,6.597,7.612,5.507,5.002,6.136,6.973,81.779,0.000,0.000,276.700,340.273,-59.379,0.000,0.000,262.692,0.000,7995.833,0.000,-999.000,-999.000,99.726,0.200,0.200,4.856,6.470,172.861,3.217,5.150,170.468,0.274,8.084,7.983,8.193,8.081,8.051,8.130,8.204,8.180,8.229,-999.000,-999.000,-999.000,9.037,10.369,6.807,6.356,7.279,-999.000,-999.000,-999.000,-999.000,-999.000,-999.000,8.363,8.342,8.379,-1.262,-1.396,-1.844,-11.934,0.662,0.661,0.672,0.714,0.687,0.692,0.681,0.730,0.515,,,,,,,,
2023-01-08,18,7.501,6.739,8.084,7.504,6.742,8.094,7.503,6.751,8.070,7.513,6.756,8.090,6.538,5.353,7.348,7.478,81.209,0.000,0.000,312.802,345.733,-29.078,0.000,0.000,303.220,0.000,7960.067,0.000,-999.000,-999.000,99.680,0.200,0.200,5.444,7.910,171.371,4.041,6.720,169.536,0.274,7.910,7.805,8.037,8.093,8.051,8.129,8.196,8.167,8.211,-999.000,-999.000,-999.000,9.039,10.356,6.181,6.094,6.339,-999.000,-999.000,-999.000,-999.000,-999.000,-999.000,8.360,8.335,8.383,-2.527,-1.918,-3.228,-15.561,0.662,0.657,0.672,0.713,0.688,0.692,0.682,0.730,0.515,,,,,,,,
2023-01-08,19,7.383,7.087,7.703,7.359,7.073,7.679,7.354,7.062,7.660,7.359,7.066,7.670,6.332,5.693,6.856,7.309,83.080,0.000,0.000,301.105,344.740,-39.808,0.000,0.000,287.903,0.000,7993.783,0.000,-999.000,-999.000,99.603,0.200,0.200,5.353,7.830,160.730,3.907,6.580,159.465,0.274,7.735,7.648,7.812,8.052,8.042,8.059,8.179,8.166,8.193,-999.000,-999.000,-999.000,9.026,10.358,6.126,5.992,6.205,-999.000,-999.000,-999.000,-999.000,-999.000,-999.000,8.370,8.351,8.384,-3.434,-2.503,-4.139,-12.992,0.662,0.653,0.672,0.713,0.687,0.691,0.681,0.730,0.514,,,,,,,,
2023-01-08,20,7.333,6.952,8.032,7.340,6.942,8.031,7.332,6.961,8.040,7.342,6.956,8.040,6.346,5.755,7.383,7.293,82.521,0.000,0.000,301.852,344.487,-38.927,0.000,0.000,291.080,0.000,7950.433,0.000,-999.000,-999.000,99.522,0.200,0.200,6.015,8.980,169.032,4.511,8.220,167.679,0.274,7.607,7.540,7.668,8.013,7.993,8.055,8.156,8.150,8.177,-999.000,-999.000,-999.000,9.030,10.375,5.832,5.737,5.982,-999.000,-999.000,-999.000,-999.000,-999.000,-999.000,8.345,8.325,8.365,-3.857,-2.883,-4.576,-13.675,0.661,0.651,0.672,0.712,0.687,0.691,0.681,0.730,0.514,,,,,,,,
2023-01-08,21,7.796,7.495,8.088,7.790,7.478,8.094,7.802,7.493,8.060,7.804,7.503,8.080,6.888,6.259,7.449,7.766,81.064,0.000,0.000,301.370,346.713,-41.657,0.000,0.000,290.250,0.000,7893.950,0.000,-999.000,-999.000,99.451,0.200,0.200,6.568,10.200,168.112,5.037,8.260,166.559,0.274,7.506,7.484,7.537,7.989,7.969,8.009,8.170,8.153,8.176,-999.000,-999.000,-999.000,9.044,10.350,5.827,5.778,5.873,-999.000,-999.000,-999.000,-999.000,-999.000,-999.000,8.392,8.354,8.403,-4.239,-3.217,-5.001,-11.965,0.660,0.650,0.672,0.711,0.687,0.691,0.681,0.729,0.514,,,,,,,,
2023-01-08,22,7.763,7.436,7.928,7.755,7.429,7.944,7.779,7.456,7.965,7.782,7.429,7.964,6.953,6.475,7.334,7.735,82.805,0.000,0.000,310.537,347.337,-32.991,0.000,0.000,300.535,0.000,7833.350,0.000,-999.000,-999.000,99.389,0.200,0.200,6.583,9.900,169.351,4.997,8.400,167.795,0.274,7.431,7.358,7.488,7.950,7.893,7.973,8.167,8.153,8.173,-999.000,-999.000,-999.000,9.055,10.350,5.763,5.738,5.795,-999.000,-999.000,-999.000,-999.000,-999.000,-999.000,8.379,8.343,8.400,-4.358,-3.431,-5.127,-11.246,0.660,0.650,0.672,0.711,0.687,0.691,0.681,0.730,0.514,,,,,,,,
2023-01-08,23,8.018,7.750,8.229,8.010,7.744,8.239,8.051,7.812,8.260,8.033,7.796,8.230,7.436,7.152,7.676,7.982,86.558,0.000,0.000,341.272,351.765,-6.793,0.000,0.000,333.737,0.000,7590.333,0.840,-999.000,-999.000,99.330,0.200,0.200,6.632,11.360,179.561,5.098,9.360,178.384,0.274,7.320,7.292,7.365,7.864,7.833,7.907,8.120,8.098,8.163,-999.000,-999.000,-999.000,9.047,10.371,5.964,5.778,6.190,-999.000,-999.000,-999.000,-999.000,-999.000,-999.000,8.336,8.322,8.349,-4.386,-3.571,-5.191,-8.835,0.660,0.650,0.672,0.711,0.687,0.692,0.681,0.730,0.514,,,,,,,,
2023-01-08,24,7.422,7.121,7.796,7.411,7.130,7.872,7.440,7.183,7.834,7.414,7.160,7.831,6.900,6.714,7.162,7.386,91.348,0.000,0.000,345.267,350.365,-2.103,0.079,0.000,339.240,0.000,7679.183,1.690,-999.000,-999.000,99.364,0.200,0.200,5.075,11.350,214.975,4.030,9.870,213.537,0.273,7.316,7.292,7.360,7.823,7.797,7.853,8.110,8.086,8.130,-999.000,-999.000,-999.000,9.052,10.364,6.324,6.206,6.390,-999.000,-999.000,-999.000,-999.000,-999.000,-999.000,8.339,8.322,8.373,-4.061,-3.551,-4.825,-4.823,0.654,0.652,0.671,0.712,0.688,0.692,0.681,0.730,0.515,,,,,,,,
