2023-04-04,01,0.107,-0.630,0.518,0.127,-0.675,0.522,0.200,-0.600,0.660,0.237,-0.615,0.720,-1.315,-2.028,-1.051,0.153,78.716,0.000,0.000,248.102,301.627,-48.938,0.000,0.000,233.700,0.000,7993.950,0.000,-999.000,-999.000,103.008,0.200,0.200,1.154,2.250,20.621,0.907,5.110,340.531,0.319,7.213,7.047,7.397,8.151,8.110,8.255,8.254,8.226,8.282,-999.000,-999.000,-999.000,8.264,8.996,2.601,2.369,2.924,-999.000,-999.000,-999.000,-999.000,-999.000,-999.000,8.550,8.531,8.588,-7.566,-8.014,-11.252,-33.447,0.640,0.687,0.686,0.711,0.701,0.704,0.687,0.752,0.520,,,,,,,,
2023-04-04,02,-0.021,-0.527,0.425,-0.037,-0.523,0.422,0.036,-0.474,0.620,0.030,-0.473,0.661,-1.792,-2.701,-1.295,-0.074,78.948,0.000,0.000,244.985,300.400,-50.873,0.000,0.000,230.038,0.000,7988.000,0.000,-999.000,-999.000,102.983,0.200,0.200,1.775,2.650,19.964,1.230,5.860,355.715,0.319,6.897,6.756,7.043,8.046,7.985,8.114,8.247,8.226,8.257,-999.000,-999.000,-999.000,8.273,9.002,2.280,2.190,2.369,-999.000,-999.000,-999.000,-999.000,-999.000,-999.000,8.535,8.528,8.556,-8.676,-8.988,-12.353,-31.381,0.639,0.686,0.686,0.711,0.701,0.704,0.687,0.751,0.519,,,,,,,,
2023-04-04,03,-1.022,-1.704,-0.207,-1.021,-1.706,-0.163,-1.013,-1.740,-0.106,-1.009,-1.781,-0.058,-2.314,-3.074,-1.728,-1.079,83.794,0.000,0.000,242.360,298.710,-51.764,0.000,0.000,227.908,0.000,7912.283,0.000,-999.000,-999.000,102.987,0.200,0.200,1.393,2.470,352.739,1.034,5.090,328.840,0.319,6.615,6.459,6.763,7.934,7.860,7.985,8.237,8.218,8.257,-999.000,-999.000,-999.000,8.283,9.009,2.100,2.006,2.184,-999.000,-999.000,-999.000,-999.000,-999.000,-999.000,8.549,8.533,8.574,-9.655,-9.841,-13.315,-29.268,0.638,0.684,0.687,0.711,0.701,0.704,0.687,0.748,0.517,,,,,,,,
2023-04-04,04,-2.057,-2.679,-1.509,-2.065,-2.688,-1.505,-2.038,-2.675,-1.479,-2.040,-2.715,-1.494,-2.643,-3.066,-2.276,-2.074,90.065,0.000,0.000,241.030,295.583,-49.900,0.000,0.000,226.413,0.000,7733.183,0.000,-999.000,-999.000,102.948,0.200,0.200,1.170,1.830,334.009,0.828,-999.000,300.441,0.319,6.340,6.203,6.467,7.811,7.717,7.895,8.210,8.145,8.246,-999.000,-999.000,-999.000,8.292,9.015,1.949,1.874,2.022,-999.000,-999.000,-999.000,-999.000,-999.000,-999.000,8.550,8.537,8.575,-10.459,-10.562,-14.028,-27.524,0.637,0.679,0.688,0.711,0.701,0.705,0.687,0.741,0.513,,,,,,,,
2023-04-04,05,-2.652,-3.041,-2.386,-2.666,-3.032,-2.401,-2.657,-3.087,-2.400,-2.649,-3.062,-2.378,-2.992,-3.891,-2.567,-2.690,93.003,0.011,0.000,239.225,293.973,-50.056,0.001,0.000,225.122,0.000,7159.233,0.000,-999.000,-999.000,102.936,0.200,0.200,1.636,2.210,344.896,1.044,4.960,311.094,0.319,6.047,5.915,6.216,7.662,7.606,7.727,8.161,8.141,8.189,-999.000,-999.000,-999.000,8.280,9.019,1.824,1.775,1.894,-999.000,-999.000,-999.000,-999.000,-999.000,-999.000,8.541,8.527,8.558,-11.107,-11.234,-14.714,-25.880,0.636,0.670,0.688,0.711,0.701,0.705,0.686,0.737,0.509,,,,,,,,
2023-04-04,06,-2.718,-3.166,-1.820,-2.714,-3.165,-1.819,-2.648,-3.136,-1.706,-2.660,-3.133,-1.715,-3.017,-3.802,-2.144,-2.759,92.880,30.842,7.757,238.808,296.737,-33.488,15.660,89.921,225.200,3.361,7388.700,0.000,-999.000,-999.000,102.961,0.200,0.200,1.936,2.740,320.505,0.961,1.880,314.117,0.320,5.799,5.668,5.926,7.536,7.461,7.613,8.124,8.078,8.147,-999.000,-999.000,-999.000,8.285,9.013,1.714,1.646,1.792,-999.000,-999.000,-999.000,-999.000,-999.000,-999.000,8.535,8.519,8.552,-11.678,-11.847,-15.414,-24.505,0.635,0.668,0.689,0.710,0.701,0.705,0.687,0.736,0.504,,,,,,,,
2023-04-04,07,-0.881,-1.893,0.585,-0.828,-1.868,0.814,-0.588,-1.822,1.778,-0.651,-1.824,1.467,-1.274,-2.404,0.746,-0.807,89.437,176.823,52.638,245.768,312.842,57.112,58.033,484.979,229.478,9.361,7299.700,0.050,-999.000,-999.000,103.033,0.200,0.200,1.348,2.160,332.621,0.948,1.550,323.947,0.320,5.567,5.444,5.688,7.390,7.302,7.457,8.067,8.018,8.102,-999.000,-999.000,-999.000,8.287,9.012,1.617,1.578,1.655,-999.000,-999.000,-999.000,-999.000,-999.000,-999.000,8.531,8.505,8.554,-12.123,-12.338,-15.806,-23.753,0.635,0.666,0.688,0.710,0.701,0.705,0.686,0.736,0.505,,,,,,,,
2023-04-04,08,2.494,0.526,4.566,2.632,0.764,4.799,3.221,1.695,5.463,2.959,1.357,5.076,3.061,0.852,5.621,2.660,73.136,372.349,102.258,262.257,342.715,189.633,83.880,734.669,239.800,10.000,7142.650,0.050,-999.000,-999.000,103.104,0.200,0.200,0.682,1.510,324.672,0.595,1.460,319.463,0.320,5.397,5.347,5.469,7.241,7.145,7.325,8.008,7.966,8.058,-999.000,-999.000,-999.000,8.286,9.011,1.642,1.568,2.023,-999.000,-999.000,-999.000,-999.000,-999.000,-999.000,8.526,8.493,8.555,-12.243,-12.468,-15.517,-23.819,0.635,0.666,0.688,0.711,0.701,0.704,0.686,0.740,0.516,,,,,,,,
2023-04-04,09,6.360,4.770,7.162,6.532,4.951,7.517,6.759,5.439,7.599,6.505,5.301,7.453,7.812,5.812,9.708,6.199,53.696,514.832,133.413,273.657,370.220,284.856,74.351,836.965,245.667,10.000,7019.000,0.000,-999.000,-999.000,103.094,0.200,0.200,0.932,3.640,139.192,0.810,2.820,128.653,0.320,5.363,5.324,5.421,7.107,7.039,7.177,7.952,7.914,7.990,-999.000,-999.000,-999.000,8.291,9.013,3.902,2.056,5.794,-999.000,-999.000,-999.000,-999.000,-999.000,-999.000,8.522,8.500,8.538,-11.558,-12.010,-13.851,-2.276,0.636,0.667,0.688,0.710,0.700,0.704,0.686,0.743,0.524,,,,,,,,
2023-04-04,10,7.751,7.064,8.471,7.798,7.070,8.559,7.271,6.942,7.748,7.199,6.909,7.651,10.557,9.511,12.864,7.061,48.284,573.358,142.078,271.562,373.360,329.482,113.998,734.746,247.068,10.000,7252.583,0.000,-999.000,-999.000,103.059,0.200,0.200,2.963,7.710,89.386,2.363,6.790,88.647,0.320,5.567,5.421,5.749,6.983,6.915,7.057,7.885,7.837,7.925,-999.000,-999.000,-999.000,8.289,9.014,7.518,5.877,8.825,-999.000,-999.000,-999.000,-999.000,-999.000,-999.000,8.519,8.499,8.560,-9.256,-10.697,-10.216,29.876,0.636,0.666,0.688,0.710,0.700,0.703,0.686,0.743,0.524,,,,,,,,
2023-04-04,11,8.712,7.312,9.650,8.795,7.281,9.777,8.106,7.354,8.620,8.097,7.277,8.680,14.193,11.338,15.350,8.016,44.895,710.387,171.252,275.805,387.165,427.775,116.234,848.826,251.185,10.000,6884.217,0.000,-999.000,-999.000,103.025,0.200,0.200,2.002,5.470,104.987,1.723,4.580,113.979,0.321,6.009,5.763,6.287,6.904,6.871,6.929,7.827,7.810,7.841,-999.000,-999.000,-999.000,8.297,9.018,10.185,8.845,11.700,-999.000,-999.000,-999.000,-999.000,-999.000,-999.000,8.519,8.501,8.540,-5.487,-8.481,-5.485,44.475,0.633,0.665,0.687,0.711,0.699,0.703,0.685,0.743,0.523,,,,,,,,
2023-04-04,12,9.381,8.829,9.852,9.401,8.742,9.951,8.751,8.350,9.250,8.760,8.280,9.250,14.998,13.527,16.959,8.749,44.292,752.010,179.962,276.220,389.862,458.407,78.272,933.382,249.850,10.000,7334.367,0.000,-999.000,-999.000,102.969,0.200,0.200,2.855,8.970,98.677,2.476,7.600,95.895,0.321,6.634,6.293,6.982,6.863,6.848,6.887,7.757,7.726,7.811,-999.000,-999.000,-999.000,8.297,9.014,12.827,11.740,13.817,-999.000,-999.000,-999.000,-999.000,-999.000,-999.000,8.518,8.504,8.537,-1.362,-5.846,-0.628,56.970,0.632,0.664,0.687,0.711,0.699,0.702,0.685,0.743,0.519,,,,,,,,
2023-04-04,13,9.420,8.933,10.105,9.421,8.906,10.206,9.340,8.960,9.900,9.321,8.920,9.880,16.300,13.836,18.085,9.189,45.067,716.331,172.754,281.765,392.990,432.352,134.841,822.206,257.735,10.000,7408.500,0.000,-999.000,-999.000,102.910,0.200,0.200,2.598,5.700,186.479,2.295,5.940,184.235,0.321,7.367,7.001,7.752,6.875,6.840,6.933,7.691,7.661,7.749,-999.000,-999.000,-999.000,8.301,9.020,14.765,13.837,15.338,-999.000,-999.000,-999.000,-999.000,-999.000,-999.000,8.494,8.463,8.527,2.797,-3.052,4.217,61.549,0.629,0.663,0.687,0.711,0.699,0.702,0.685,0.742,0.518,,,,,,,,
2023-04-04,14,10.023,9.671,10.548,10.031,9.657,10.686,9.884,9.570,10.340,9.858,9.560,10.340,15.489,13.985,17.269,9.853,40.484,574.297,139.014,298.195,390.495,342.982,350.319,319.253,283.910,10.000,7273.283,0.000,-999.000,-999.000,102.830,0.200,0.200,2.189,4.760,70.726,1.851,4.120,84.789,0.322,8.112,7.772,8.411,6.966,6.889,7.019,7.651,7.608,7.690,-999.000,-999.000,-999.000,8.308,9.016,15.857,15.347,16.106,-999.000,-999.000,-999.000,-999.000,-999.000,-999.000,8.496,8.479,8.517,6.331,-0.468,8.484,60.084,0.623,0.664,0.687,0.712,0.697,0.700,0.685,0.742,0.518,,,,,,,,
2023-04-04,15,10.879,9.859,11.618,10.921,9.819,11.653,10.612,9.930,11.560,10.583,9.880,11.610,16.153,14.569,17.278,10.537,37.173,535.920,138.296,287.603,390.632,294.596,150.295,685.119,265.037,10.000,7550.950,0.000,-999.000,-999.000,102.759,0.200,0.200,1.487,4.320,351.047,1.285,3.890,346.011,0.322,8.707,8.414,8.963,7.098,7.019,7.169,7.613,7.583,7.630,-999.000,-999.000,-999.000,8.307,9.019,16.191,16.000,16.455,-999.000,-999.000,-999.000,-999.000,-999.000,-999.000,8.479,8.449,8.497,8.901,1.796,11.210,52.632,0.621,0.663,0.687,0.712,0.696,0.699,0.685,0.742,0.517,,,,,,,,
2023-04-04,16,10.271,10.085,10.733,10.259,10.081,10.739,10.208,9.960,10.700,10.166,9.940,10.610,11.699,10.407,14.444,10.154,36.750,268.820,64.258,297.248,370.870,130.941,218.525,89.598,282.850,8.083,7608.617,0.000,-999.000,-999.000,102.695,0.200,0.200,2.433,5.160,7.738,1.973,4.630,7.370,0.322,9.159,8.973,9.332,7.261,7.162,7.361,7.576,7.547,7.611,-999.000,-999.000,-999.000,8.302,9.018,15.794,14.998,16.476,-999.000,-999.000,-999.000,-999.000,-999.000,-999.000,8.459,8.432,8.487,10.335,3.346,12.114,42.682,0.620,0.662,0.687,0.712,0.696,0.699,0.685,0.741,0.516,,,,,,,,
2023-04-04,17,10.309,9.994,10.710,10.305,9.981,10.699,10.165,9.780,10.550,10.128,9.770,10.500,10.599,9.282,11.699,10.121,39.320,224.647,59.412,301.790,366.017,101.009,160.426,206.018,288.797,7.139,7684.417,0.000,-999.000,-999.000,102.639,0.200,0.200,2.688,5.040,12.330,2.126,4.460,10.945,0.323,9.426,9.332,9.491,7.459,7.358,7.565,7.588,7.566,7.604,-999.000,-999.000,-999.000,8.310,9.021,14.295,13.713,14.965,-999.000,-999.000,-999.000,-999.000,-999.000,-999.000,8.450,8.428,8.469,10.486,4.053,11.374,24.307,0.619,0.661,0.687,0.712,0.696,0.699,0.685,0.740,0.516,,,,,,,,
2023-04-04,18,9.373,8.497,10.044,9.372,8.496,10.056,9.113,8.120,9.830,9.095,8.100,9.830,7.889,6.192,9.220,9.029,45.324,67.978,16.284,307.068,353.565,5.197,51.876,107.597,294.283,2.028,7762.517,0.000,-999.000,-999.000,102.608,0.200,0.200,2.417,4.800,39.681,1.771,3.910,39.347,0.323,9.508,9.474,9.544,7.649,7.562,7.738,7.596,7.549,7.627,-999.000,-999.000,-999.000,8.310,9.023,12.929,12.048,13.706,-999.000,-999.000,-999.000,-999.000,-999.000,-999.000,8.433,8.412,8.471,9.523,4.035,9.632,12.151,0.618,0.658,0.687,0.712,0.696,0.699,0.685,0.739,0.515,,,,,,,,
2023-04-04,19,7.444,6.532,8.478,7.413,6.528,8.473,7.206,6.492,8.360,7.195,6.514,8.350,4.742,3.721,6.149,7.126,54.000,2.716,0.077,285.482,333.802,-41.668,2.107,8.163,272.890,0.000,7938.483,0.000,-999.000,-999.000,102.604,0.200,0.200,2.812,4.510,50.634,1.666,3.470,49.671,0.323,9.459,9.376,9.523,7.796,7.705,7.896,7.623,7.580,7.664,-999.000,-999.000,-999.000,8.310,9.025,11.046,10.133,12.049,-999.000,-999.000,-999.000,-999.000,-999.000,-999.000,8.420,8.386,8.449,8.110,3.536,7.363,-2.360,0.617,0.657,0.687,0.712,0.696,0.699,0.685,0.738,0.514,,,,,,,,
2023-04-04,20,6.250,5.859,6.542,6.237,5.820,6.526,6.268,5.909,6.605,6.293,5.870,6.630,3.605,2.602,4.007,6.254,61.028,0.000,0.000,293.150,330.505,-32.711,0.000,0.000,281.442,0.000,7970.950,0.000,-999.000,-999.000,102.628,0.200,0.200,2.633,4.940,19.817,1.498,4.630,15.462,0.324,9.244,9.096,9.373,7.919,7.864,7.962,7.650,7.633,7.671,-999.000,-999.000,-999.000,8.301,9.018,9.398,8.775,10.076,-999.000,-999.000,-999.000,-999.000,-999.000,-999.000,8.400,8.363,8.432,6.143,2.492,4.465,-12.920,0.617,0.656,0.688,0.712,0.696,0.699,0.685,0.737,0.514,,,,,,,,
2023-04-04,21,5.645,5.164,5.963,5.623,5.157,5.949,5.612,5.167,6.036,5.615,5.158,6.042,3.737,3.361,3.945,5.573,73.133,0.000,0.000,296.180,332.845,-32.222,0.000,0.000,285.023,0.000,7911.350,0.000,-999.000,-999.000,102.615,0.200,0.200,2.399,4.070,16.876,1.396,2.810,17.073,0.324,8.976,8.843,9.103,8.017,7.962,8.080,7.691,7.658,7.743,-999.000,-999.000,-999.000,8.316,9.037,8.281,7.877,8.755,-999.000,-999.000,-999.000,-999.000,-999.000,-999.000,8.363,8.353,8.404,3.764,1.081,1.646,-17.123,0.616,0.655,0.688,0.712,0.696,0.700,0.685,0.737,0.513,,,,,,,,
2023-04-04,22,4.760,4.227,5.160,4.746,4.167,5.157,4.740,4.232,5.158,4.732,4.161,5.129,2.717,1.822,3.536,4.682,79.435,0.000,0.000,271.138,320.638,-44.568,0.000,0.000,257.370,0.000,7903.217,0.000,-999.000,-999.000,102.587,0.200,0.200,1.455,2.670,24.292,0.760,-999.000,5.353,0.325,8.696,8.545,8.843,8.078,8.054,8.102,7.755,7.723,7.805,-999.000,-999.000,-999.000,8.320,9.029,7.441,6.940,7.871,-999.000,-999.000,-999.000,-999.000,-999.000,-999.000,8.380,8.355,8.425,1.882,-0.118,-0.321,-19.161,0.615,0.654,0.688,0.712,0.696,0.700,0.685,0.736,0.513,,,,,,,,
2023-04-04,23,3.289,2.642,4.190,3.275,2.566,4.118,3.021,2.489,4.149,3.013,2.490,4.099,1.550,1.176,2.175,2.969,88.537,0.000,0.000,258.707,313.213,-48.013,0.000,0.000,243.198,0.000,7892.467,0.000,-999.000,-999.000,102.532,0.200,0.200,1.152,1.930,49.091,0.299,0.720,9.945,0.325,8.409,8.227,8.560,8.088,8.067,8.117,7.800,7.739,7.829,-999.000,-999.000,-999.000,8.317,9.024,6.401,5.883,6.937,-999.000,-999.000,-999.000,-999.000,-999.000,-999.000,8.364,8.339,8.403,0.236,-1.364,-2.188,-23.336,0.614,0.654,0.688,0.712,0.696,0.700,0.686,0.736,0.512,,,,,,,,
2023-04-04,24,2.176,1.757,2.642,2.198,1.797,2.553,2.217,1.740,2.560,2.258,1.742,2.538,0.808,0.352,1.265,2.211,85.111,0.000,0.000,254.102,310.083,-51.026,0.000,0.000,238.778,0.000,7788.567,0.000,-999.000,-999.000,102.506,0.200,0.200,1.444,2.470,18.669,0.934,2.200,347.024,0.326,8.089,7.902,8.251,8.088,8.061,8.120,7.844,7.810,7.856,-999.000,-999.000,-999.000,8.322,9.035,5.397,4.930,5.870,-999.000,-999.000,-999.000,-999.000,-999.000,-999.000,8.358,8.341,8.396,-1.544,-2.897,-4.484,-27.365,0.613,0.653,0.688,0.711,0.696,0.700,0.686,0.735,0.512,,,,,,,,
