2023-05-01,01,6.862,6.587,7.526,6.878,6.593,7.535,6.927,6.659,7.620,6.917,6.653,7.596,4.869,4.442,5.201,6.857,93.033,0.000,0.000,302.698,338.793,-30.269,0.000,0.000,291.010,0.000,7744.533,0.000,-999.000,-999.000,101.785,0.200,0.200,1.421,1.870,349.814,0.918,1.620,305.599,0.408,10.821,10.685,10.956,10.552,10.528,10.575,9.877,9.862,9.899,-999.000,-999.000,-999.000,9.138,9.434,10.287,10.020,10.539,-999.000,-999.000,-999.000,-999.000,-999.000,-999.000,10.088,10.051,10.097,-0.200,1.116,-2.066,-23.620,0.575,0.628,0.690,0.713,0.605,0.664,0.690,0.736,0.492,,,,,,,,
2023-05-01,02,6.917,6.428,7.486,6.918,6.428,7.512,7.002,6.476,7.545,6.995,6.451,7.549,5.536,4.666,6.092,6.938,95.033,0.000,0.000,318.010,342.902,-19.260,0.000,0.000,307.908,0.000,7348.017,0.000,-999.000,-999.000,101.709,0.200,0.200,1.857,2.210,344.391,0.956,1.520,315.395,0.408,10.595,10.498,10.685,10.509,10.471,10.532,9.913,9.885,9.942,-999.000,-999.000,-999.000,9.140,9.435,9.806,9.687,10.020,-999.000,-999.000,-999.000,-999.000,-999.000,-999.000,10.083,10.039,10.097,-1.134,0.125,-3.148,-23.142,0.574,0.628,0.690,0.713,0.604,0.664,0.690,0.737,0.491,,,,,,,,
2023-05-01,03,7.607,7.297,7.882,7.627,7.303,7.891,7.656,7.338,7.935,7.690,7.339,7.946,6.063,5.421,6.869,7.649,88.470,0.000,0.000,327.182,345.098,-11.945,0.000,0.000,317.443,0.000,7431.367,0.000,-999.000,-999.000,101.641,0.200,0.200,1.683,2.360,19.402,0.769,1.530,351.665,0.409,10.416,10.364,10.488,10.430,10.406,10.471,9.923,9.880,9.948,-999.000,-999.000,-999.000,9.131,9.427,9.580,9.515,9.684,-999.000,-999.000,-999.000,-999.000,-999.000,-999.000,10.081,10.044,10.097,-1.670,-0.559,-3.612,-20.949,0.573,0.627,0.690,0.714,0.604,0.664,0.691,0.737,0.491,,,,,,,,
2023-05-01,04,8.035,7.725,8.189,8.036,7.715,8.208,8.139,7.883,8.320,8.145,7.904,8.320,7.280,6.714,7.848,8.076,85.538,0.000,0.000,349.423,354.573,0.692,0.000,0.000,340.487,0.000,7670.600,0.000,-999.000,-999.000,101.588,0.200,0.200,1.808,2.230,28.357,0.848,1.380,5.706,0.410,10.301,10.249,10.364,10.382,10.350,10.426,9.950,9.934,9.970,-999.000,-999.000,-999.000,9.144,9.450,9.557,9.503,9.630,-999.000,-999.000,-999.000,-999.000,-999.000,-999.000,10.106,10.083,10.167,-1.925,-1.007,-3.732,-18.125,0.573,0.627,0.690,0.714,0.603,0.663,0.691,0.737,0.490,,,,,,,,
2023-05-01,05,8.240,8.123,8.383,8.251,8.148,8.382,8.397,8.290,8.470,8.398,8.300,8.480,7.770,7.489,8.232,8.321,82.947,5.341,0.000,350.682,357.105,4.097,5.411,0.000,341.918,0.000,7696.450,0.000,-999.000,-999.000,101.554,0.200,0.200,1.643,2.190,36.729,0.783,1.500,21.098,0.411,10.181,10.123,10.255,10.302,10.261,10.363,9.948,9.930,9.985,-999.000,-999.000,-999.000,9.135,9.427,9.639,9.589,9.700,-999.000,-999.000,-999.000,-999.000,-999.000,-999.000,10.104,10.088,10.150,-1.988,-1.245,-3.544,-14.637,0.572,0.627,0.691,0.714,0.603,0.663,0.691,0.737,0.490,,,,,,,,
2023-05-01,06,8.613,8.353,8.975,8.614,8.332,8.970,8.790,8.470,9.220,8.787,8.470,9.210,8.883,8.123,10.067,8.708,81.785,49.119,5.871,344.953,362.698,25.715,48.568,0.031,336.500,0.000,7726.817,0.000,-999.000,-999.000,101.556,0.200,0.200,1.368,1.890,39.723,0.705,1.210,27.863,0.411,10.133,10.100,10.169,10.246,10.202,10.268,9.943,9.913,9.978,-999.000,-999.000,-999.000,9.142,9.444,9.815,9.707,9.991,-999.000,-999.000,-999.000,-999.000,-999.000,-999.000,10.150,10.118,10.167,-1.824,-1.271,-3.111,-11.829,0.572,0.626,0.691,0.714,0.602,0.663,0.691,0.737,0.490,,,,,,,,
2023-05-01,07,9.664,8.994,10.480,9.685,8.963,10.501,9.920,9.270,10.830,9.904,9.260,10.800,11.123,9.948,12.785,9.813,77.625,149.025,29.888,338.968,374.487,83.619,144.818,2.427,330.938,0.000,7208.167,0.000,-999.000,-999.000,101.540,0.200,0.200,0.898,1.540,36.451,0.693,1.390,35.326,0.412,10.115,10.095,10.135,10.167,10.123,10.205,9.932,9.914,9.958,-999.000,-999.000,-999.000,9.142,9.444,10.384,10.004,10.879,-999.000,-999.000,-999.000,-999.000,-999.000,-999.000,10.158,10.134,10.185,-1.540,-1.161,-2.540,-6.318,0.572,0.626,0.691,0.714,0.602,0.663,0.691,0.737,0.490,,,,,,,,
2023-05-01,08,11.701,10.522,12.964,11.773,10.560,13.116,12.012,10.880,13.250,11.951,10.860,13.140,13.745,12.271,16.315,11.828,69.121,305.859,71.051,328.662,390.100,173.370,237.967,102.702,319.260,3.694,6445.617,0.000,-999.000,-999.000,101.546,0.200,0.200,0.982,2.150,126.239,0.824,2.100,129.931,0.413,10.148,10.107,10.198,10.116,10.079,10.168,9.919,9.895,9.941,-999.000,-999.000,-999.000,9.138,9.438,11.593,10.915,12.519,-999.000,-999.000,-999.000,-999.000,-999.000,-999.000,10.176,10.154,10.200,-1.021,-0.899,-1.543,3.718,0.572,0.626,0.691,0.714,0.602,0.662,0.691,0.737,0.490,,,,,,,,
2023-05-01,09,13.801,12.905,14.645,13.858,12.964,14.696,14.154,13.100,15.090,13.983,13.000,14.900,18.033,15.460,19.803,13.809,63.823,503.650,123.199,338.697,412.827,306.321,340.940,223.669,328.038,7.889,6609.033,0.000,-999.000,-999.000,101.576,0.200,0.200,1.049,2.140,164.938,0.914,2.220,163.615,0.414,10.247,10.166,10.347,10.076,10.050,10.105,9.907,9.884,9.936,-999.000,-999.000,-999.000,9.138,9.442,13.892,12.556,15.303,-999.000,-999.000,-999.000,-999.000,-999.000,-999.000,10.198,10.164,10.219,-0.094,-0.421,0.102,21.363,0.571,0.626,0.691,0.714,0.601,0.662,0.690,0.737,0.491,,,,,,,,
2023-05-01,10,15.385,14.664,15.669,15.405,14.683,15.664,15.555,14.840,16.080,15.487,14.760,15.970,19.802,17.929,21.358,15.308,61.967,513.057,123.862,364.905,423.928,330.172,432.484,83.615,356.538,2.389,6540.417,0.000,-999.000,-999.000,101.568,0.200,0.200,1.485,3.980,291.884,1.196,3.270,290.491,0.414,10.448,10.318,10.551,10.059,10.024,10.090,9.896,9.868,9.923,-999.000,-999.000,-999.000,9.142,9.444,16.615,15.323,17.555,-999.000,-999.000,-999.000,-999.000,-999.000,-999.000,10.218,10.189,10.248,1.393,0.336,2.575,41.392,0.571,0.626,0.691,0.714,0.601,0.661,0.690,0.736,0.492,,,,,,,,
2023-05-01,11,16.189,15.594,16.909,16.177,15.589,16.891,16.248,15.620,16.960,16.226,15.590,16.940,20.035,18.047,22.458,16.191,60.783,658.585,158.619,353.892,422.705,431.153,476.704,199.344,346.170,3.250,6847.983,0.000,-999.000,-999.000,101.559,0.200,0.200,3.907,6.150,326.233,2.951,5.360,326.215,0.415,10.712,10.551,10.864,10.043,10.008,10.077,9.873,9.843,9.891,-999.000,-999.000,-999.000,9.139,9.438,18.141,17.555,19.144,-999.000,-999.000,-999.000,-999.000,-999.000,-999.000,10.234,10.200,10.262,3.306,1.489,5.468,46.334,0.571,0.625,0.690,0.714,0.600,0.661,0.690,0.736,0.493,,,,,,,,
2023-05-01,12,16.206,15.932,16.869,16.201,15.925,16.871,16.272,16.020,16.940,16.254,16.000,16.940,18.552,17.345,20.339,16.222,56.373,483.882,115.708,363.982,410.897,321.259,455.222,17.053,359.233,0.000,7125.567,0.000,-999.000,-999.000,101.558,0.200,0.200,5.029,7.510,326.763,3.752,7.010,325.448,0.416,11.024,10.853,11.197,10.066,10.025,10.090,9.860,9.828,9.884,-999.000,-999.000,-999.000,9.140,9.441,19.376,19.173,19.514,-999.000,-999.000,-999.000,-999.000,-999.000,-999.000,10.254,10.210,10.285,5.061,2.881,8.074,49.303,0.571,0.625,0.690,0.714,0.599,0.661,0.690,0.735,0.494,,,,,,,,
2023-05-01,13,16.885,16.351,17.473,16.874,16.355,17.448,16.928,16.420,17.450,16.909,16.400,17.440,20.198,17.761,21.731,16.879,52.684,742.341,178.657,338.218,422.645,479.258,357.754,453.102,326.108,6.917,6916.000,0.000,-999.000,-999.000,101.576,0.200,0.200,5.766,8.460,319.202,4.177,6.720,320.110,0.416,11.330,11.186,11.488,10.102,10.083,10.132,9.846,9.812,9.884,-999.000,-999.000,-999.000,9.138,9.439,19.941,19.201,20.586,-999.000,-999.000,-999.000,-999.000,-999.000,-999.000,10.266,10.234,10.285,6.505,4.192,10.007,44.213,0.570,0.624,0.689,0.714,0.599,0.660,0.690,0.735,0.494,,,,,,,,
2023-05-01,14,15.531,14.876,16.759,15.532,14.861,16.757,15.604,14.920,16.780,15.588,14.890,16.760,16.278,15.320,19.128,15.549,61.895,239.222,51.896,359.215,396.687,149.854,232.219,1.647,352.615,0.056,6557.600,0.000,-999.000,-999.000,101.568,0.200,0.200,5.585,9.370,321.728,3.918,6.930,321.542,0.417,11.636,11.495,11.770,10.182,10.118,10.257,9.849,9.821,9.880,-999.000,-999.000,-999.000,9.141,9.444,19.864,18.958,20.587,-999.000,-999.000,-999.000,-999.000,-999.000,-999.000,10.279,10.237,10.306,7.643,5.221,11.665,39.679,0.570,0.624,0.689,0.714,0.598,0.660,0.690,0.735,0.495,,,,,,,,
2023-05-01,15,14.724,14.386,15.786,14.717,14.394,15.714,14.797,14.470,15.850,14.792,14.480,15.850,15.548,14.756,19.669,14.736,67.264,242.567,57.368,362.748,393.763,154.184,196.768,69.943,356.535,1.083,7261.967,0.000,-999.000,-999.000,101.580,0.200,0.200,4.584,6.730,325.131,3.345,5.490,324.513,0.418,11.852,11.767,11.919,10.265,10.208,10.305,9.855,9.834,9.886,-999.000,-999.000,-999.000,9.145,9.445,18.207,17.703,18.939,-999.000,-999.000,-999.000,-999.000,-999.000,-999.000,10.297,10.279,10.315,8.256,5.904,11.931,19.955,0.569,0.624,0.689,0.714,0.598,0.660,0.690,0.735,0.494,,,,,,,,
2023-05-01,16,16.323,15.702,16.776,16.272,15.677,16.694,16.299,15.670,16.750,16.287,15.580,16.770,19.265,16.154,21.197,16.393,58.496,471.748,123.419,331.347,412.272,267.404,166.731,539.247,314.825,9.000,6593.500,0.000,-999.000,-999.000,101.599,0.200,0.200,3.824,6.230,325.143,2.883,5.200,325.546,0.418,11.948,11.880,11.993,10.367,10.306,10.412,9.872,9.837,9.900,-999.000,-999.000,-999.000,9.150,9.449,18.667,17.753,19.071,-999.000,-999.000,-999.000,-999.000,-999.000,-999.000,10.313,10.273,10.344,7.847,6.057,10.910,22.170,0.570,0.625,0.689,0.713,0.597,0.660,0.690,0.735,0.493,,,,,,,,
2023-05-01,17,15.890,15.152,16.619,15.862,15.157,16.540,15.912,15.240,16.520,15.903,15.230,16.530,16.622,14.767,19.041,15.938,58.956,213.852,49.494,332.783,395.625,101.516,141.927,155.010,321.113,3.306,6848.500,0.000,-999.000,-999.000,101.624,0.200,0.200,4.599,7.260,329.575,3.298,6.070,329.154,0.419,12.073,11.987,12.166,10.450,10.412,10.537,9.886,9.848,9.926,-999.000,-999.000,-999.000,9.145,9.443,18.497,17.884,18.962,-999.000,-999.000,-999.000,-999.000,-999.000,-999.000,10.320,10.298,10.344,7.864,6.168,10.854,22.362,0.569,0.624,0.689,0.713,0.597,0.660,0.690,0.735,0.493,,,,,,,,
2023-05-01,18,14.572,14.088,15.112,14.571,14.089,15.114,14.634,14.140,15.210,14.624,14.130,15.190,14.255,13.464,15.245,14.580,68.021,76.579,13.352,344.337,384.215,23.349,72.586,15.883,335.478,0.000,7165.167,0.000,-999.000,-999.000,101.661,0.200,0.200,4.794,8.420,335.492,3.441,7.690,333.979,0.420,12.182,12.149,12.215,10.542,10.501,10.596,9.913,9.895,9.948,-999.000,-999.000,-999.000,9.147,9.446,17.061,16.313,17.848,-999.000,-999.000,-999.000,-999.000,-999.000,-999.000,10.330,10.308,10.357,7.906,6.247,10.330,8.820,0.568,0.624,0.689,0.713,0.597,0.660,0.690,0.736,0.492,,,,,,,,
2023-05-01,19,13.462,12.746,14.450,13.449,12.750,14.439,13.506,12.810,14.450,13.488,12.790,14.450,13.200,11.435,15.579,13.485,75.359,42.154,8.252,324.363,376.233,-16.652,32.172,82.234,313.098,0.000,6990.833,0.000,-999.000,-999.000,101.714,0.200,0.200,3.662,5.610,341.348,2.405,4.960,339.857,0.421,12.182,12.159,12.204,10.625,10.590,10.659,9.943,9.929,9.975,-999.000,-999.000,-999.000,9.146,9.455,15.799,15.186,16.298,-999.000,-999.000,-999.000,-999.000,-999.000,-999.000,10.337,10.320,10.358,7.245,6.025,8.992,-0.732,0.568,0.624,0.689,0.713,0.596,0.660,0.690,0.736,0.491,,,,,,,,
2023-05-01,20,12.001,10.456,12.859,12.009,10.448,12.871,12.090,10.510,12.960,12.068,10.460,12.940,10.474,8.441,11.825,12.001,80.602,0.367,0.000,319.310,365.593,-39.593,0.433,0.000,307.800,0.000,7235.667,0.000,-999.000,-999.000,101.772,0.200,0.200,2.932,4.810,329.062,1.712,3.570,325.853,0.421,12.139,12.101,12.181,10.704,10.653,10.749,9.980,9.952,10.002,-999.000,-999.000,-999.000,9.150,9.450,14.595,14.022,15.153,-999.000,-999.000,-999.000,-999.000,-999.000,-999.000,10.349,10.316,10.378,6.326,5.588,7.521,-7.725,0.567,0.624,0.689,0.713,0.596,0.660,0.691,0.736,0.490,,,,,,,,
2023-05-01,21,9.856,9.429,10.589,9.847,9.411,10.598,9.929,9.450,10.580,9.926,9.440,10.590,7.989,7.411,8.649,9.844,86.538,0.000,0.000,300.623,353.495,-47.146,0.000,0.000,288.383,0.000,7171.517,0.000,-999.000,-999.000,101.828,0.200,0.200,3.444,4.870,290.351,1.699,3.590,287.234,0.422,12.052,11.995,12.119,10.759,10.717,10.798,10.018,9.997,10.053,-999.000,-999.000,-999.000,9.152,9.455,13.355,12.767,13.982,-999.000,-999.000,-999.000,-999.000,-999.000,-999.000,10.363,10.319,10.401,5.309,5.011,5.959,-14.074,0.568,0.625,0.689,0.713,0.596,0.660,0.691,0.736,0.489,,,,,,,,
2023-05-01,22,10.006,9.444,10.785,10.001,9.425,10.791,10.096,9.550,10.850,10.093,9.520,10.870,9.331,8.061,10.438,10.014,90.770,0.000,0.000,336.688,361.875,-19.628,0.000,0.000,328.125,0.000,6960.167,0.000,-999.000,-999.000,101.875,0.200,0.200,3.768,5.860,299.107,2.333,4.460,298.045,0.423,11.912,11.823,12.020,10.809,10.789,10.832,10.075,10.053,10.091,-999.000,-999.000,-999.000,9.160,9.460,12.365,12.181,12.767,-999.000,-999.000,-999.000,-999.000,-999.000,-999.000,10.379,10.346,10.398,4.084,4.236,4.250,-18.364,0.567,0.624,0.689,0.713,0.595,0.660,0.691,0.737,0.487,,,,,,,,
2023-05-01,23,10.641,10.387,10.949,10.641,10.413,10.952,10.701,10.460,11.010,10.691,10.470,11.010,10.265,9.714,10.582,10.620,90.870,0.000,0.000,355.725,367.485,-5.563,0.000,0.000,348.032,0.000,6753.433,0.000,-999.000,-999.000,101.913,0.200,0.200,3.239,6.000,330.774,2.415,4.600,328.280,0.424,11.750,11.695,11.826,10.810,10.786,10.839,10.083,10.055,10.100,-999.000,-999.000,-999.000,9.149,9.451,12.165,12.087,12.229,-999.000,-999.000,-999.000,-999.000,-999.000,-999.000,10.387,10.352,10.401,2.872,3.429,2.941,-14.979,0.566,0.624,0.690,0.713,0.595,0.660,0.691,0.737,0.487,,,,,,,,
2023-05-01,24,10.272,9.729,10.576,10.279,9.722,10.592,10.329,9.790,10.650,10.322,9.740,10.640,9.747,8.955,10.100,10.260,88.790,0.000,0.000,349.310,364.512,-9.007,0.000,0.000,341.248,0.000,7150.350,0.000,-999.000,-999.000,101.976,0.200,0.200,4.003,7.040,306.363,2.596,5.130,306.199,0.425,11.629,11.554,11.699,10.797,10.779,10.809,10.119,10.095,10.131,-999.000,-999.000,-999.000,9.144,9.457,11.939,11.750,12.080,-999.000,-999.000,-999.000,-999.000,-999.000,-999.000,10.396,10.384,10.398,2.170,2.864,2.326,-12.689,0.566,0.624,0.690,0.713,0.595,0.660,0.691,0.737,0.486,,,,,,,,
