2023-10-26,01,7.597,7.335,8.069,7.591,7.260,8.072,7.666,7.388,8.160,7.650,7.363,8.130,5.685,5.063,6.469,7.572,99.055,0.000,0.000,309.087,341.330,-27.486,0.000,0.000,291.873,0.000,7054.033,0.000,-999.000,-999.000,99.632,0.200,0.200,2.703,4.440,297.639,1.336,3.010,295.321,0.349,11.402,11.346,11.440,11.889,11.867,11.909,12.324,12.283,12.345,-999.000,-999.000,-999.000,14.578,14.113,9.033,8.810,9.327,-999.000,-999.000,-999.000,-999.000,-999.000,-999.000,13.234,13.191,13.277,-5.866,-3.837,-5.044,-12.336,0.687,0.688,0.688,0.746,0.683,0.684,0.686,0.744,0.554,,,,,,,,
2023-10-26,02,7.779,6.840,8.310,7.785,6.822,8.303,7.859,6.932,8.380,7.833,6.893,8.380,6.596,4.892,7.881,7.759,99.122,0.289,0.000,338.187,347.377,-3.504,0.011,0.000,327.508,0.000,5826.617,0.000,-999.000,-999.000,99.683,0.200,0.200,1.678,3.230,273.430,0.900,2.450,268.312,0.348,11.300,11.224,11.366,11.873,11.831,11.903,12.306,12.280,12.336,-999.000,-999.000,-999.000,14.562,14.098,8.669,8.586,8.813,-999.000,-999.000,-999.000,-999.000,-999.000,-999.000,13.208,13.174,13.254,-7.348,-4.050,-6.110,-13.429,0.687,0.688,0.687,0.746,0.683,0.684,0.686,0.744,0.553,,,,,,,,
2023-10-26,03,8.195,8.066,8.275,8.187,8.065,8.261,8.254,8.140,8.370,8.241,8.160,8.360,7.800,7.582,8.029,8.164,98.825,0.000,0.000,342.640,352.177,-3.744,0.000,0.000,339.623,0.000,7481.883,0.000,-999.000,-999.000,99.688,0.200,0.200,0.849,1.460,314.698,0.414,0.950,355.240,0.348,11.178,11.104,11.240,11.860,11.823,11.896,12.298,12.262,12.325,-999.000,-999.000,-999.000,14.571,14.114,8.758,8.691,8.816,-999.000,-999.000,-999.000,-999.000,-999.000,-999.000,13.184,13.140,13.233,-8.462,-4.383,-6.999,-10.621,0.687,0.688,0.687,0.746,0.683,0.684,0.686,0.744,0.553,,,,,,,,
2023-10-26,04,8.153,8.029,8.267,8.138,7.998,8.266,8.253,7.977,8.430,8.231,7.967,8.380,7.614,7.186,7.865,8.165,98.957,0.000,0.000,336.922,351.420,-8.629,0.000,0.000,337.128,0.000,7658.833,0.000,-999.000,-999.000,99.679,0.200,0.200,0.656,1.430,263.612,0.522,1.410,118.324,0.348,11.083,11.045,11.124,11.820,11.797,11.843,12.266,12.249,12.279,-999.000,-999.000,-999.000,14.581,14.116,8.812,8.796,8.826,-999.000,-999.000,-999.000,-999.000,-999.000,-999.000,13.161,13.133,13.186,-8.646,-4.675,-7.186,-9.301,0.687,0.688,0.687,0.746,0.683,0.684,0.686,0.744,0.553,,,,,,,,
2023-10-26,05,8.634,8.148,8.826,8.629,8.144,8.853,8.724,8.330,8.900,8.706,8.310,8.880,8.027,7.756,8.421,8.624,99.322,0.000,0.000,341.777,355.058,-6.579,0.001,0.000,340.967,0.000,4654.900,0.000,-999.000,-999.000,99.667,0.200,0.200,1.535,3.100,352.735,0.952,2.430,1.196,0.348,11.033,11.012,11.055,11.809,11.787,11.826,12.271,12.255,12.285,-999.000,-999.000,-999.000,14.550,14.094,8.829,8.802,8.861,-999.000,-999.000,-999.000,-999.000,-999.000,-999.000,13.169,13.140,13.196,-8.497,-4.814,-7.189,-8.611,0.687,0.688,0.687,0.746,0.683,0.684,0.686,0.744,0.553,,,,,,,,
2023-10-26,06,8.834,8.735,8.910,8.836,8.722,8.909,8.907,8.830,8.960,8.898,8.810,8.950,8.797,8.421,8.932,8.798,99.280,0.001,0.000,356.610,358.972,5.845,0.001,0.000,354.448,0.000,1395.100,0.000,-999.000,-999.000,99.657,0.200,0.200,0.425,1.070,270.612,0.380,0.940,252.610,0.348,10.976,10.946,11.027,11.778,11.747,11.826,12.269,12.235,12.305,-999.000,-999.000,-999.000,14.563,14.105,8.961,8.833,9.060,-999.000,-999.000,-999.000,-999.000,-999.000,-999.000,13.156,13.109,13.199,-8.286,-4.875,-7.134,-7.108,0.687,0.688,0.687,0.746,0.683,0.683,0.686,0.744,0.553,,,,,,,,
2023-10-26,07,8.553,8.385,8.752,8.550,8.381,8.742,8.625,8.480,8.830,8.611,8.440,8.810,8.883,8.793,9.054,8.565,99.243,5.326,0.000,356.078,358.870,9.416,5.649,0.000,353.840,0.000,1536.433,0.000,-999.000,-999.000,99.657,0.200,0.200,1.054,1.870,174.055,0.825,1.710,173.312,0.348,10.954,10.932,10.979,11.741,11.710,11.760,12.247,12.222,12.268,-999.000,-999.000,-999.000,14.562,14.103,9.113,9.036,9.195,-999.000,-999.000,-999.000,-999.000,-999.000,-999.000,13.138,13.099,13.175,-7.850,-4.866,-6.842,-5.665,0.687,0.688,0.687,0.746,0.683,0.683,0.686,0.744,0.553,,,,,,,,
2023-10-26,08,8.519,8.385,8.716,8.523,8.391,8.728,8.596,8.480,8.810,8.581,8.450,8.790,9.417,9.001,9.671,8.514,99.475,42.590,3.888,357.068,361.630,34.293,42.849,0.000,354.793,0.000,1679.317,0.000,-999.000,-999.000,99.654,0.200,0.200,1.407,2.430,197.719,1.214,2.340,197.191,0.348,10.948,10.926,10.972,11.713,11.697,11.730,12.230,12.205,12.252,-999.000,-999.000,-999.000,14.557,14.095,9.308,9.185,9.470,-999.000,-999.000,-999.000,-999.000,-999.000,-999.000,13.133,13.076,13.165,-7.282,-4.761,-6.424,-4.098,0.687,0.688,0.687,0.746,0.683,0.683,0.686,0.744,0.553,,,,,,,,
2023-10-26,09,8.809,8.593,9.028,8.803,8.600,9.047,8.863,8.690,9.080,8.843,8.670,9.050,10.372,9.669,11.004,8.775,99.302,75.620,11.891,358.930,365.862,56.797,76.287,0.000,357.940,0.000,3602.867,0.000,-999.000,-999.000,99.685,0.200,0.200,0.870,2.780,222.638,0.747,2.440,206.636,0.348,10.938,10.909,10.969,11.682,11.647,11.727,12.223,12.182,12.258,-999.000,-999.000,-999.000,14.540,14.093,9.710,9.454,9.957,-999.000,-999.000,-999.000,-999.000,-999.000,-999.000,13.123,13.075,13.182,-6.554,-4.576,-5.819,-1.329,0.687,0.688,0.687,0.746,0.683,0.683,0.686,0.744,0.553,,,,,,,,
2023-10-26,10,8.941,8.792,9.104,8.931,8.798,9.083,8.979,8.760,9.160,8.961,8.800,9.130,11.301,10.467,12.006,8.921,98.633,122.810,25.627,359.435,369.292,87.325,122.634,0.000,357.413,0.000,7377.967,0.000,-999.000,-999.000,99.701,0.200,0.200,1.780,3.170,177.339,1.570,2.850,176.786,0.348,10.979,10.952,11.025,11.659,11.618,11.697,12.207,12.169,12.245,-999.000,-999.000,-999.000,14.532,14.090,10.312,9.977,10.648,-999.000,-999.000,-999.000,-999.000,-999.000,-999.000,13.113,13.065,13.151,-5.421,-4.316,-4.787,2.952,0.687,0.688,0.687,0.746,0.683,0.683,0.686,0.744,0.553,,,,,,,,
2023-10-26,11,8.907,8.676,9.364,8.925,8.712,9.429,8.925,8.630,9.300,8.927,8.650,9.310,10.201,9.719,10.649,8.899,97.507,95.322,16.736,355.242,366.467,67.361,94.697,0.025,351.192,0.000,7843.750,0.000,-999.000,-999.000,99.658,0.200,0.200,2.024,3.830,133.131,1.693,3.450,135.176,0.348,11.056,11.005,11.108,11.631,11.599,11.665,12.196,12.174,12.217,-999.000,-999.000,-999.000,14.539,14.100,10.667,10.612,10.774,-999.000,-999.000,-999.000,-999.000,-999.000,-999.000,13.096,13.032,13.139,-3.798,-3.971,-3.283,4.032,0.687,0.688,0.687,0.746,0.683,0.683,0.686,0.744,0.553,,,,,,,,
2023-10-26,12,9.712,9.390,10.157,9.842,9.489,10.315,9.780,9.220,10.450,9.770,9.250,10.430,11.451,10.725,12.263,9.838,93.708,162.646,35.847,350.615,373.148,104.265,159.831,0.279,350.523,0.000,7773.883,0.000,-999.000,-999.000,99.618,0.200,0.200,2.381,4.320,136.188,1.869,3.500,138.154,0.348,11.153,11.085,11.204,11.632,11.598,11.655,12.175,12.136,12.213,-999.000,-999.000,-999.000,14.535,14.091,11.102,10.777,11.367,-999.000,-999.000,-999.000,-999.000,-999.000,-999.000,13.088,13.024,13.142,-2.419,-3.563,-2.122,5.456,0.687,0.688,0.687,0.746,0.683,0.683,0.686,0.744,0.553,,,,,,,,
2023-10-26,13,10.500,10.147,10.866,10.544,10.268,10.918,10.652,10.380,10.990,10.627,10.380,10.980,11.988,11.268,12.903,10.576,90.168,133.714,29.788,359.513,374.842,88.597,131.965,0.371,360.763,0.000,7642.100,0.000,-999.000,-999.000,99.607,0.200,0.200,2.420,3.800,155.373,1.927,3.250,154.577,0.348,11.260,11.170,11.335,11.632,11.607,11.657,12.148,12.121,12.171,-999.000,-999.000,-999.000,14.520,14.079,11.623,11.373,11.722,-999.000,-999.000,-999.000,-999.000,-999.000,-999.000,13.076,13.024,13.120,-1.082,-3.183,-0.859,8.451,0.687,0.688,0.687,0.746,0.683,0.684,0.685,0.744,0.553,,,,,,,,
2023-10-26,14,10.765,10.657,10.965,10.807,10.726,11.017,10.882,10.770,11.190,10.876,10.740,11.190,11.365,10.681,12.446,10.825,87.955,94.994,18.378,358.588,373.003,62.201,93.070,0.000,358.805,0.000,7587.133,0.000,-999.000,-999.000,99.561,0.200,0.200,2.818,4.650,115.148,2.112,4.430,114.717,0.348,11.393,11.318,11.470,11.662,11.630,11.683,12.148,12.127,12.171,-999.000,-999.000,-999.000,14.510,14.075,11.847,11.729,11.883,-999.000,-999.000,-999.000,-999.000,-999.000,-999.000,13.076,13.030,13.123,0.339,-2.782,0.445,7.947,0.687,0.688,0.687,0.746,0.683,0.684,0.685,0.744,0.553,,,,,,,,
2023-10-26,15,11.085,10.704,11.368,11.111,10.753,11.407,11.021,10.770,11.330,11.037,10.780,11.350,11.121,9.987,12.212,10.961,86.992,128.013,31.125,336.423,372.388,60.923,110.214,49.617,337.043,1.361,7574.500,0.000,-999.000,-999.000,99.534,0.200,0.200,2.855,4.460,106.915,2.206,3.750,104.718,0.348,11.527,11.460,11.580,11.676,11.647,11.704,12.141,12.121,12.163,-999.000,-999.000,-999.000,14.533,14.087,11.925,11.795,12.074,-999.000,-999.000,-999.000,-999.000,-999.000,-999.000,13.071,13.016,13.111,1.195,-2.377,1.180,5.594,0.687,0.688,0.687,0.746,0.683,0.684,0.685,0.744,0.553,,,,,,,,
2023-10-26,16,10.633,10.427,10.955,10.622,10.429,10.930,10.551,10.390,10.750,10.553,10.400,10.750,9.519,9.373,9.951,10.494,87.650,31.706,1.263,328.812,363.172,-3.366,30.426,0.000,328.802,0.000,7792.550,0.000,-999.000,-999.000,99.481,0.200,0.200,3.005,4.630,108.311,2.160,3.900,107.813,0.348,11.642,11.581,11.716,11.712,11.673,11.746,12.140,12.105,12.163,-999.000,-999.000,-999.000,14.536,14.098,11.612,11.328,11.952,-999.000,-999.000,-999.000,-999.000,-999.000,-999.000,13.071,13.027,13.113,1.498,-2.087,1.389,1.772,0.687,0.688,0.688,0.746,0.683,0.684,0.685,0.744,0.553,,,,,,,,
2023-10-26,17,10.278,10.174,10.450,10.284,10.223,10.443,10.242,10.190,10.400,10.238,10.180,10.420,9.140,9.062,9.381,10.169,88.988,2.188,0.000,345.020,361.572,-8.187,2.039,0.000,344.172,0.000,7408.050,0.000,-999.000,-999.000,99.467,0.200,0.200,2.442,3.920,100.117,1.670,2.960,99.437,0.348,11.713,11.672,11.741,11.754,11.708,11.786,12.143,12.121,12.168,-999.000,-999.000,-999.000,14.527,14.094,11.115,10.941,11.338,-999.000,-999.000,-999.000,-999.000,-999.000,-999.000,13.060,13.021,13.112,0.972,-1.951,0.714,-2.468,0.687,0.688,0.688,0.746,0.683,0.684,0.685,0.744,0.553,,,,,,,,
2023-10-26,18,10.206,10.138,10.258,10.199,10.140,10.247,10.214,10.120,10.300,10.203,10.110,10.300,9.217,9.123,9.322,10.154,89.662,0.000,0.000,350.892,362.225,-4.645,0.000,0.000,349.715,0.000,7370.017,0.000,-999.000,-999.000,99.484,0.200,0.200,2.317,3.860,114.570,1.648,3.070,114.183,0.348,11.716,11.692,11.738,11.777,11.753,11.802,12.129,12.106,12.145,-999.000,-999.000,-999.000,14.521,14.073,10.795,10.680,10.924,-999.000,-999.000,-999.000,-999.000,-999.000,-999.000,13.042,12.999,13.075,-0.300,-2.004,-0.452,-4.236,0.687,0.688,0.688,0.746,0.683,0.684,0.685,0.744,0.553,,,,,,,,
2023-10-26,19,10.127,9.858,10.245,10.122,9.851,10.270,10.082,9.760,10.290,10.066,9.740,10.280,9.196,8.781,9.341,10.008,90.970,0.000,0.000,350.982,362.058,-4.814,0.000,0.000,348.555,0.000,7699.067,0.000,-999.000,-999.000,99.459,0.200,0.200,2.978,4.750,117.682,2.111,3.980,116.711,0.348,11.694,11.646,11.725,11.806,11.783,11.823,12.122,12.093,12.152,-999.000,-999.000,-999.000,14.525,14.086,10.601,10.496,10.680,-999.000,-999.000,-999.000,-999.000,-999.000,-999.000,13.026,12.976,13.082,-1.521,-2.173,-1.483,-4.650,0.687,0.688,0.687,0.746,0.683,0.684,0.685,0.744,0.553,,,,,,,,
2023-10-26,20,9.961,9.819,10.090,9.944,9.818,10.089,9.937,9.790,10.050,9.934,9.790,10.040,9.112,8.741,9.355,9.861,93.858,0.000,0.000,348.538,361.715,-6.998,0.000,0.000,347.417,0.000,7909.500,0.000,-999.000,-999.000,99.443,0.200,0.200,2.910,5.220,125.824,2.130,4.310,126.152,0.348,11.645,11.620,11.672,11.825,11.800,11.846,12.121,12.096,12.147,-999.000,-999.000,-999.000,14.522,14.100,10.416,10.325,10.480,-999.000,-999.000,-999.000,-999.000,-999.000,-999.000,12.994,12.950,13.023,-2.438,-2.346,-2.256,-5.222,0.687,0.688,0.687,0.746,0.683,0.684,0.685,0.744,0.553,,,,,,,,
2023-10-26,21,10.011,9.862,10.156,10.015,9.851,10.145,10.053,9.930,10.160,10.043,9.950,10.130,9.177,8.873,9.378,9.979,93.188,0.000,0.000,347.105,361.842,-8.391,0.000,0.000,345.595,0.000,7729.683,0.000,-999.000,-999.000,99.420,0.200,0.200,3.037,5.090,111.086,2.249,4.170,109.978,0.348,11.613,11.573,11.649,11.838,11.810,11.863,12.125,12.096,12.144,-999.000,-999.000,-999.000,14.519,14.101,10.291,10.222,10.328,-999.000,-999.000,-999.000,-999.000,-999.000,-999.000,12.981,12.943,13.016,-3.151,-2.491,-2.883,-5.406,0.687,0.688,0.687,0.746,0.683,0.684,0.685,0.744,0.553,,,,,,,,
2023-10-26,22,10.065,9.998,10.136,10.070,9.997,10.132,10.156,10.090,10.200,10.152,10.100,10.200,9.113,8.860,9.239,10.070,90.950,0.000,0.000,343.723,361.363,-11.423,0.000,0.000,342.352,0.000,7929.783,0.000,-999.000,-999.000,99.366,0.200,0.200,3.770,5.870,110.762,2.652,4.850,110.872,0.348,11.570,11.537,11.599,11.851,11.832,11.879,12.129,12.106,12.150,-999.000,-999.000,-999.000,14.513,14.101,10.171,10.107,10.229,-999.000,-999.000,-999.000,-999.000,-999.000,-999.000,12.974,12.930,13.026,-3.704,-2.615,-3.386,-5.818,0.687,0.688,0.687,0.746,0.683,0.683,0.685,0.744,0.553,,,,,,,,
2023-10-26,23,10.057,9.991,10.113,10.054,9.970,10.122,10.091,10.020,10.150,10.078,10.010,10.130,9.145,8.682,9.351,9.991,91.775,0.000,0.000,351.652,362.028,-4.035,0.000,0.000,350.007,0.000,7537.667,0.000,-999.000,-999.000,99.332,0.200,0.200,3.396,5.390,121.572,2.426,5.020,120.968,0.348,11.528,11.497,11.563,11.851,11.829,11.876,12.139,12.113,12.163,-999.000,-999.000,-999.000,14.510,14.098,10.057,10.028,10.107,-999.000,-999.000,-999.000,-999.000,-999.000,-999.000,12.966,12.930,13.013,-4.166,-2.738,-3.819,-6.197,0.687,0.688,0.687,0.746,0.683,0.684,0.685,0.744,0.553,,,,,,,,
2023-10-26,24,10.100,10.030,10.159,10.095,10.039,10.135,10.039,10.000,10.070,10.037,10.000,10.080,9.417,9.355,9.477,9.956,94.213,0.000,0.000,358.722,363.258,1.781,0.000,0.000,356.350,0.000,7232.250,0.000,-999.000,-999.000,99.281,0.200,0.200,3.983,6.430,117.876,2.939,4.970,117.412,0.348,11.494,11.461,11.527,11.846,11.826,11.872,12.141,12.126,12.159,-999.000,-999.000,-999.000,14.508,14.092,10.076,10.057,10.100,-999.000,-999.000,-999.000,-999.000,-999.000,-999.000,12.966,12.927,13.009,-4.543,-2.866,-4.172,-5.359,0.687,0.688,0.687,0.746,0.683,0.683,0.685,0.744,0.553,,,,,,,,
