2023-12-11,01,9.505,9.320,9.876,9.510,9.317,9.875,9.580,9.400,9.920,9.578,9.390,9.930,7.252,7.078,7.525,9.488,87.395,0.000,0.000,284.415,352.930,-64.153,0.000,0.000,280.877,0.000,5998.467,0.000,-999.000,-999.000,99.879,0.200,0.200,7.099,10.670,227.233,5.383,8.290,227.020,0.332,6.760,6.716,6.803,6.097,6.067,6.144,5.892,5.849,5.952,-999.000,-999.000,-999.000,10.537,12.123,6.904,6.780,7.024,-999.000,-999.000,-999.000,-999.000,-999.000,-999.000,6.303,6.260,6.375,3.935,1.898,3.634,-0.948,0.687,0.688,0.686,0.721,0.699,0.703,0.679,0.730,0.586,,,,,,,,
2023-12-11,02,9.786,9.481,10.008,9.774,9.459,9.997,9.858,9.550,10.080,9.856,9.530,10.090,7.764,7.081,8.131,9.772,85.718,0.000,0.000,327.572,356.150,-23.387,0.000,0.000,323.635,0.000,5971.233,0.000,-999.000,-999.000,99.838,0.200,0.200,7.204,12.190,220.185,5.576,9.840,219.280,0.331,6.774,6.732,6.810,6.141,6.101,6.176,5.927,5.888,5.959,-999.000,-999.000,-999.000,10.530,12.122,6.784,6.724,6.898,-999.000,-999.000,-999.000,-999.000,-999.000,-999.000,6.314,6.267,6.359,3.479,1.848,3.226,-1.243,0.687,0.688,0.686,0.721,0.699,0.703,0.679,0.730,0.586,,,,,,,,
2023-12-11,03,9.785,9.545,9.971,9.785,9.545,9.971,9.859,9.620,10.070,9.841,9.610,10.040,8.138,8.059,8.207,9.786,87.837,0.000,0.000,350.950,357.837,-2.264,0.020,0.000,344.802,0.000,5995.633,0.550,-999.000,-999.000,99.762,0.200,0.200,7.643,11.980,220.890,5.879,10.300,220.486,0.331,6.761,6.739,6.775,6.176,6.136,6.215,5.954,5.924,5.984,-999.000,-999.000,-999.000,10.536,12.125,7.151,6.908,7.343,-999.000,-999.000,-999.000,-999.000,-999.000,-999.000,6.353,6.296,6.441,3.148,1.765,2.899,3.460,0.687,0.688,0.686,0.721,0.699,0.703,0.679,0.730,0.586,,,,,,,,
2023-12-11,04,9.771,9.426,10.041,9.785,9.422,10.057,9.827,9.490,10.060,9.828,9.460,10.070,7.903,7.541,8.224,9.758,87.227,0.000,0.000,326.682,356.733,-26.179,0.393,0.000,322.818,0.000,6201.183,1.150,-999.000,-999.000,99.687,0.200,0.200,8.444,14.980,234.774,6.488,13.190,233.899,0.330,6.767,6.735,6.812,6.203,6.173,6.236,5.974,5.961,5.990,-999.000,-999.000,-999.000,10.530,12.113,7.356,7.267,7.422,-999.000,-999.000,-999.000,-999.000,-999.000,-999.000,6.361,6.299,6.421,3.326,1.699,2.953,5.680,0.687,0.688,0.686,0.721,0.699,0.703,0.679,0.730,0.586,,,,,,,,
2023-12-11,05,9.858,9.572,10.107,9.866,9.617,10.113,9.935,9.750,10.170,9.933,9.750,10.170,8.093,7.917,8.215,9.861,87.393,0.002,0.000,341.912,357.728,-11.673,0.136,0.000,335.647,0.000,6082.100,0.360,-999.000,-999.000,99.652,0.200,0.200,8.536,13.110,230.705,6.603,10.600,229.997,0.330,6.793,6.769,6.825,6.228,6.199,6.259,5.995,5.964,6.030,-999.000,-999.000,-999.000,10.524,12.107,7.370,7.284,7.449,-999.000,-999.000,-999.000,-999.000,-999.000,-999.000,6.366,6.293,6.425,3.409,1.697,3.149,4.970,0.687,0.688,0.687,0.721,0.700,0.703,0.679,0.730,0.586,,,,,,,,
2023-12-11,06,9.968,9.674,10.259,9.978,9.677,10.298,10.038,9.740,10.370,10.025,9.730,10.370,8.128,8.055,8.207,9.966,85.730,0.022,0.000,350.048,358.153,-3.622,0.398,0.000,344.968,0.000,5852.917,0.430,-999.000,-999.000,99.616,0.200,0.200,8.300,13.970,231.618,6.430,11.820,231.182,0.330,6.821,6.791,6.851,6.250,6.215,6.281,6.032,5.990,6.053,-999.000,-999.000,-999.000,10.522,12.117,7.540,7.439,7.607,-999.000,-999.000,-999.000,-999.000,-999.000,-999.000,6.400,6.345,6.451,3.489,1.724,3.266,6.139,0.687,0.688,0.687,0.721,0.700,0.703,0.679,0.730,0.586,,,,,,,,
2023-12-11,07,9.792,9.525,10.091,9.811,9.541,10.100,9.861,9.580,10.190,9.854,9.580,10.180,8.099,8.039,8.158,9.803,86.177,0.000,0.000,352.742,357.852,-0.500,0.340,0.000,347.652,0.000,5998.350,0.120,-999.000,-999.000,99.583,0.200,0.200,10.003,17.510,234.143,7.851,14.160,234.400,0.329,6.858,6.824,6.884,6.281,6.252,6.301,6.061,6.037,6.086,-999.000,-999.000,-999.000,10.516,12.116,7.672,7.604,7.716,-999.000,-999.000,-999.000,-999.000,-999.000,-999.000,6.412,6.345,6.471,3.600,1.760,3.388,6.857,0.687,0.688,0.687,0.721,0.700,0.703,0.679,0.730,0.586,,,,,,,,
2023-12-11,08,9.544,9.135,9.949,9.561,9.145,9.961,9.629,9.260,10.010,9.619,9.240,9.990,8.023,7.957,8.102,9.552,87.642,1.652,0.000,352.165,357.358,0.931,2.296,0.000,347.187,0.000,6116.517,0.200,-999.000,-999.000,99.614,0.200,0.200,10.893,18.070,244.706,8.627,16.210,244.489,0.329,6.886,6.854,6.928,6.304,6.278,6.334,6.080,6.056,6.103,-999.000,-999.000,-999.000,10.514,12.104,7.742,7.703,7.776,-999.000,-999.000,-999.000,-999.000,-999.000,-999.000,6.424,6.378,6.467,3.734,1.803,3.504,7.065,0.687,0.688,0.687,0.721,0.700,0.703,0.679,0.730,0.586,,,,,,,,
2023-12-11,09,9.328,9.162,9.552,9.356,9.161,9.614,9.444,9.290,9.660,9.439,9.260,9.660,8.020,7.981,8.061,9.359,88.645,21.187,0.945,347.858,357.188,12.003,21.908,0.003,343.955,0.000,6494.150,0.030,-999.000,-999.000,99.754,0.200,0.200,10.240,18.430,259.461,8.091,14.500,259.920,0.328,6.952,6.914,6.984,6.335,6.298,6.371,6.119,6.089,6.149,-999.000,-999.000,-999.000,10.493,12.093,7.832,7.749,7.905,-999.000,-999.000,-999.000,-999.000,-999.000,-999.000,6.426,6.339,6.477,3.815,1.853,3.593,7.193,0.687,0.688,0.687,0.721,0.700,0.704,0.679,0.730,0.587,,,,,,,,
2023-12-11,10,9.755,9.403,9.872,9.773,9.326,9.931,9.853,9.420,9.970,9.847,9.380,9.970,7.957,7.860,8.030,9.770,79.788,59.921,8.432,344.465,357.827,38.210,59.647,0.053,340.828,0.000,6574.050,0.000,-999.000,-999.000,99.908,0.200,0.200,9.564,15.720,270.348,7.244,14.670,269.748,0.328,6.979,6.947,7.029,6.367,6.331,6.413,6.143,6.112,6.182,-999.000,-999.000,-999.000,10.500,12.102,8.044,7.894,8.181,-999.000,-999.000,-999.000,-999.000,-999.000,-999.000,6.464,6.408,6.520,3.821,1.904,3.667,8.781,0.687,0.688,0.687,0.721,0.700,0.704,0.679,0.730,0.587,,,,,,,,
2023-12-11,11,9.461,9.198,9.651,9.469,9.158,9.677,9.516,9.200,9.720,9.512,9.220,9.710,8.018,7.821,8.227,9.428,84.013,57.747,8.330,348.472,357.698,40.274,57.967,0.024,344.708,0.000,6333.300,0.000,-999.000,-999.000,100.068,0.200,0.200,8.460,15.660,272.426,6.397,13.580,271.761,0.328,7.026,6.999,7.055,6.407,6.374,6.443,6.179,6.159,6.205,-999.000,-999.000,-999.000,10.496,12.112,8.225,8.141,8.346,-999.000,-999.000,-999.000,-999.000,-999.000,-999.000,6.498,6.451,6.550,3.848,1.954,3.803,9.619,0.687,0.688,0.687,0.721,0.700,0.704,0.679,0.730,0.587,,,,,,,,
2023-12-11,12,9.386,8.715,9.965,9.401,8.714,10.021,9.461,8.810,10.050,9.454,8.810,10.060,8.119,7.709,9.076,9.367,82.070,114.911,27.038,337.802,357.990,67.685,90.347,91.613,331.685,1.472,6389.067,0.150,-999.000,-999.000,100.168,0.200,0.200,8.217,14.380,277.023,6.082,11.080,276.929,0.328,7.075,7.042,7.106,6.444,6.413,6.477,6.207,6.178,6.239,-999.000,-999.000,-999.000,10.479,12.102,8.518,8.342,8.762,-999.000,-999.000,-999.000,-999.000,-999.000,-999.000,6.515,6.460,6.580,3.891,2.004,3.946,11.081,0.687,0.688,0.687,0.721,0.700,0.704,0.679,0.730,0.587,,,,,,,,
2023-12-11,13,9.752,9.625,9.843,9.753,9.631,9.869,9.813,9.710,9.900,9.803,9.700,9.890,8.013,7.723,8.218,9.715,76.727,76.053,12.357,344.388,357.918,50.166,75.441,0.359,341.390,0.000,6358.867,0.000,-999.000,-999.000,100.237,0.200,0.200,6.848,10.880,271.422,5.145,9.080,270.339,0.326,7.128,7.086,7.179,6.476,6.441,6.507,6.233,6.206,6.265,-999.000,-999.000,-999.000,10.487,12.103,8.767,8.719,8.802,-999.000,-999.000,-999.000,-999.000,-999.000,-999.000,6.536,6.462,6.591,4.003,2.052,4.143,12.727,0.687,0.688,0.687,0.721,0.700,0.704,0.679,0.730,0.587,,,,,,,,
2023-12-11,14,9.249,8.606,9.638,9.230,8.589,9.621,9.307,8.680,9.690,9.295,8.670,9.700,7.836,7.686,8.119,9.194,84.448,35.098,3.035,347.270,356.438,23.097,34.603,3.363,343.605,0.000,6439.017,0.180,-999.000,-999.000,100.306,0.200,0.200,6.353,10.700,265.517,4.842,9.150,265.144,0.326,7.187,7.142,7.227,6.505,6.477,6.542,6.259,6.232,6.280,-999.000,-999.000,-999.000,10.476,12.098,8.686,8.560,8.802,-999.000,-999.000,-999.000,-999.000,-999.000,-999.000,6.546,6.486,6.594,4.162,2.104,4.382,10.283,0.688,0.689,0.687,0.721,0.700,0.704,0.680,0.730,0.587,,,,,,,,
2023-12-11,15,8.679,8.563,8.788,8.689,8.582,8.818,8.750,8.650,8.860,8.745,8.620,8.870,7.576,7.170,7.686,8.659,91.308,24.355,1.315,338.050,354.495,7.409,24.510,0.000,335.172,0.000,6587.817,0.390,-999.000,-999.000,100.397,0.200,0.200,5.563,11.080,272.557,4.296,8.730,272.914,0.326,7.233,7.184,7.272,6.536,6.496,6.587,6.279,6.238,6.315,-999.000,-999.000,-999.000,10.470,12.094,8.445,8.342,8.573,-999.000,-999.000,-999.000,-999.000,-999.000,-999.000,6.554,6.477,6.607,4.216,2.144,4.390,6.694,0.688,0.689,0.687,0.721,0.700,0.704,0.680,0.730,0.587,,,,,,,,
2023-12-11,16,8.655,8.523,8.758,8.649,8.532,8.747,8.709,8.600,8.810,8.700,8.580,8.800,7.432,7.150,7.559,8.607,92.628,1.267,0.000,347.075,354.022,-1.041,1.389,0.000,349.100,0.000,6220.233,1.670,-999.000,-999.000,100.469,0.200,0.200,4.119,6.920,268.402,3.070,5.940,268.517,0.325,7.267,7.252,7.292,6.575,6.550,6.600,6.305,6.282,6.332,-999.000,-999.000,-999.000,10.478,12.100,8.150,8.025,8.342,-999.000,-999.000,-999.000,-999.000,-999.000,-999.000,6.595,6.545,6.641,4.226,2.152,4.141,3.585,0.688,0.689,0.688,0.721,0.701,0.704,0.680,0.730,0.587,,,,,,,,
2023-12-11,17,8.417,8.249,8.550,8.429,8.292,8.592,8.517,8.400,8.660,8.506,8.380,8.660,7.268,7.121,7.388,8.398,92.807,0.000,0.000,347.918,353.137,-0.853,0.001,0.000,351.208,0.000,6478.217,0.290,-999.000,-999.000,100.520,0.200,0.200,4.136,7.730,268.893,3.198,7.170,268.461,0.324,7.275,7.239,7.309,6.599,6.550,6.636,6.315,6.289,6.342,-999.000,-999.000,-999.000,10.473,12.096,7.932,7.837,8.035,-999.000,-999.000,-999.000,-999.000,-999.000,-999.000,6.597,6.529,6.654,3.734,2.122,3.755,1.777,0.688,0.689,0.688,0.721,0.701,0.704,0.680,0.730,0.587,,,,,,,,
2023-12-11,18,8.431,8.209,8.712,8.452,8.212,8.781,8.526,8.310,8.790,8.522,8.310,8.800,7.296,7.128,7.392,8.409,93.205,0.008,0.000,349.700,353.377,0.882,0.095,0.000,354.240,0.000,6581.133,1.510,-999.000,-999.000,100.578,0.200,0.200,3.339,9.120,279.717,2.509,8.050,279.771,0.324,7.294,7.266,7.323,6.632,6.600,6.670,6.342,6.319,6.369,-999.000,-999.000,-999.000,10.464,12.086,7.771,7.715,7.827,-999.000,-999.000,-999.000,-999.000,-999.000,-999.000,6.597,6.558,6.631,3.316,2.047,3.374,0.833,0.688,0.689,0.688,0.722,0.701,0.704,0.680,0.730,0.587,,,,,,,,
2023-12-11,19,8.346,8.315,8.391,8.360,8.328,8.417,8.448,8.430,8.470,8.437,8.410,8.480,7.354,7.237,7.435,8.303,95.037,0.000,0.000,350.672,353.618,1.263,0.000,0.000,354.755,0.000,6551.383,2.540,-999.000,-999.000,100.645,0.200,0.200,2.926,5.120,283.551,2.120,4.050,283.263,0.323,7.273,7.249,7.299,6.652,6.630,6.686,6.368,6.352,6.395,-999.000,-999.000,-999.000,10.451,12.088,7.707,7.682,7.735,-999.000,-999.000,-999.000,-999.000,-999.000,-999.000,6.624,6.588,6.674,3.092,1.940,3.033,0.968,0.688,0.689,0.688,0.722,0.701,0.704,0.680,0.730,0.587,,,,,,,,
2023-12-11,20,8.388,8.299,8.470,8.406,8.321,8.487,8.485,8.410,8.580,8.482,8.400,8.540,7.421,7.253,7.530,8.343,95.327,0.000,0.000,350.685,353.883,0.762,0.000,0.000,354.595,0.000,6665.400,1.340,-999.000,-999.000,100.696,0.200,0.200,3.537,6.710,266.671,2.672,4.850,265.645,0.322,7.265,7.242,7.282,6.680,6.656,6.702,6.393,6.378,6.414,-999.000,-999.000,-999.000,10.449,12.084,7.662,7.639,7.705,-999.000,-999.000,-999.000,-999.000,-999.000,-999.000,6.635,6.565,6.687,2.732,1.825,2.763,1.173,0.688,0.689,0.688,0.722,0.701,0.705,0.680,0.730,0.588,,,,,,,,
2023-12-11,21,8.239,7.912,8.464,8.249,7.935,8.444,8.345,7.976,8.510,8.333,7.994,8.520,7.176,6.405,7.507,8.219,96.252,0.000,0.000,347.298,352.205,-0.879,0.000,0.000,356.403,0.000,6540.283,0.590,-999.000,-999.000,100.737,0.200,0.200,2.311,3.660,237.953,1.685,3.240,235.948,0.321,7.257,7.236,7.282,6.704,6.672,6.732,6.417,6.398,6.438,-999.000,-999.000,-999.000,10.445,12.080,7.628,7.583,7.656,-999.000,-999.000,-999.000,-999.000,-999.000,-999.000,6.662,6.624,6.690,2.458,1.719,2.555,1.367,0.688,0.689,0.688,0.722,0.701,0.704,0.680,0.730,0.588,,,,,,,,
2023-12-11,22,7.676,7.117,7.995,7.700,7.140,8.017,7.734,7.189,8.050,7.740,7.198,8.050,5.993,4.676,6.779,7.655,94.773,0.000,0.000,326.525,345.987,-15.836,0.000,0.000,351.785,0.000,6820.750,0.000,-999.000,-999.000,100.773,0.200,0.200,3.053,5.500,237.875,2.119,4.210,236.778,0.321,7.264,7.228,7.291,6.730,6.696,6.767,6.453,6.411,6.495,-999.000,-999.000,-999.000,10.431,12.058,7.475,7.252,7.577,-999.000,-999.000,-999.000,-999.000,-999.000,-999.000,6.669,6.614,6.725,2.246,1.621,2.385,0.026,0.688,0.689,0.688,0.722,0.701,0.705,0.680,0.730,0.587,,,,,,,,
2023-12-11,23,7.768,7.352,7.901,7.785,7.388,7.914,7.814,7.378,7.919,7.824,7.389,7.919,6.394,5.266,6.615,7.745,92.737,0.006,0.000,339.990,349.018,-5.060,0.185,0.000,349.527,0.000,6933.450,0.000,-999.000,-999.000,100.801,0.200,0.200,4.143,6.280,245.245,3.157,5.010,244.814,0.321,7.217,7.195,7.245,6.724,6.701,6.750,6.462,6.436,6.496,-999.000,-999.000,-999.000,10.437,12.057,7.073,7.008,7.259,-999.000,-999.000,-999.000,-999.000,-999.000,-999.000,6.678,6.616,6.745,1.906,1.524,2.123,-3.983,0.688,0.689,0.688,0.722,0.701,0.704,0.680,0.730,0.587,,,,,,,,
2023-12-11,24,7.757,7.151,7.980,7.765,7.153,7.960,7.781,7.171,7.942,7.790,7.187,7.961,6.173,4.696,6.615,7.703,92.198,0.000,0.000,326.047,347.078,-17.139,0.172,0.000,316.468,0.000,6970.167,0.000,-999.000,-999.000,100.808,0.200,0.200,3.704,5.560,237.462,2.622,4.720,236.276,0.321,7.202,7.175,7.225,6.757,6.731,6.780,6.497,6.473,6.522,-999.000,-999.000,-999.000,10.413,12.075,7.012,6.929,7.041,-999.000,-999.000,-999.000,-999.000,-999.000,-999.000,6.715,6.666,6.752,1.336,1.390,1.682,-3.176,0.688,0.689,0.688,0.722,0.701,0.704,0.681,0.731,0.587,,,,,,,,
