2023-08-15,01,17.459,17.203,17.792,17.486,17.228,17.843,17.545,17.220,17.900,17.563,17.240,17.940,15.832,15.310,16.289,17.584,91.955,0.000,0.000,371.808,395.828,-17.037,0.000,0.000,368.422,0.000,7999.000,0.000,-999.000,-999.000,101.201,0.200,0.200,2.613,3.400,158.451,1.110,1.880,160.787,0.457,18.845,18.778,18.895,18.403,18.373,18.455,17.749,17.728,17.767,-999.000,-999.000,-999.000,15.092,13.532,19.857,19.696,20.054,-999.000,-999.000,-999.000,-999.000,-999.000,-999.000,17.883,17.856,17.908,-0.343,0.241,-2.141,-17.307,0.424,0.574,0.658,0.762,0.317,0.467,0.708,0.755,0.463,,,,,,,,
2023-08-15,02,17.390,17.074,17.666,17.400,17.061,17.678,17.457,17.150,17.720,17.457,17.130,17.700,15.314,14.853,16.392,17.479,90.762,0.000,0.000,376.285,393.400,-9.767,0.000,0.000,372.832,0.000,7993.683,0.000,-999.000,-999.000,101.207,0.200,0.200,1.830,2.840,225.862,0.851,2.000,220.236,0.458,18.754,18.696,18.796,18.370,18.340,18.407,17.772,17.744,17.802,-999.000,-999.000,-999.000,15.090,13.531,19.499,19.388,19.686,-999.000,-999.000,-999.000,-999.000,-999.000,-999.000,17.884,17.862,17.911,-0.814,0.145,-2.502,-17.572,0.423,0.574,0.658,0.762,0.316,0.467,0.707,0.755,0.462,,,,,,,,
2023-08-15,03,17.826,17.471,18.109,17.834,17.489,18.093,17.829,17.560,18.070,17.839,17.570,18.100,16.036,15.591,16.453,17.834,85.697,0.000,0.000,383.825,399.067,-8.202,0.000,0.000,379.877,0.000,7999.000,0.000,-999.000,-999.000,101.258,0.200,0.200,2.413,4.630,230.898,1.473,3.520,223.843,0.459,18.639,18.587,18.700,18.350,18.334,18.366,17.778,17.759,17.798,-999.000,-999.000,-999.000,15.091,13.540,19.336,19.197,19.425,-999.000,-999.000,-999.000,-999.000,-999.000,-999.000,17.885,17.865,17.905,-1.248,0.070,-2.906,-15.040,0.422,0.573,0.657,0.762,0.316,0.467,0.707,0.756,0.461,,,,,,,,
2023-08-15,04,17.177,16.709,17.658,17.189,16.659,17.706,17.236,16.800,17.750,17.228,16.790,17.740,14.697,13.627,15.693,17.187,85.527,0.000,0.000,356.722,389.675,-25.871,0.000,0.000,352.625,0.000,7999.000,0.000,-999.000,-999.000,101.274,0.200,0.200,2.274,4.000,246.337,1.461,3.090,246.419,0.460,18.577,18.539,18.601,18.314,18.284,18.343,17.794,17.776,17.826,-999.000,-999.000,-999.000,15.097,13.535,18.961,18.677,19.194,-999.000,-999.000,-999.000,-999.000,-999.000,-999.000,17.904,17.878,17.942,-1.451,0.007,-2.969,-17.323,0.422,0.573,0.657,0.762,0.316,0.466,0.707,0.756,0.460,,,,,,,,
2023-08-15,05,16.606,16.276,16.876,16.602,16.251,16.878,16.605,16.140,16.930,16.598,16.100,16.950,13.788,12.812,14.388,16.558,90.183,5.285,0.000,344.117,382.818,-25.572,5.196,0.000,340.853,0.000,7999.000,0.000,-999.000,-999.000,101.296,0.200,0.200,1.052,2.490,240.978,0.707,2.450,249.103,0.460,18.511,18.455,18.539,18.275,18.230,18.315,17.794,17.764,17.828,-999.000,-999.000,-999.000,15.100,13.535,18.424,18.187,18.657,-999.000,-999.000,-999.000,-999.000,-999.000,-999.000,17.917,17.877,17.951,-1.888,-0.027,-3.646,-20.636,0.422,0.573,0.657,0.762,0.316,0.466,0.707,0.756,0.459,,,,,,,,
2023-08-15,06,16.822,16.250,17.820,16.828,16.242,17.838,16.925,16.150,17.960,16.857,16.110,17.930,16.804,13.116,20.553,16.777,92.902,101.799,21.432,339.097,395.232,25.357,36.354,301.466,335.043,6.944,7999.000,0.000,-999.000,-999.000,101.399,0.200,0.200,1.029,2.510,205.668,0.771,2.190,184.517,0.461,18.403,18.329,18.472,18.247,18.200,18.294,17.794,17.776,17.814,-999.000,-999.000,-999.000,15.105,13.536,18.233,18.104,18.530,-999.000,-999.000,-999.000,-999.000,-999.000,-999.000,17.936,17.901,17.973,-2.639,-0.270,-4.707,-19.136,0.423,0.573,0.657,0.763,0.315,0.466,0.707,0.756,0.458,,,,,,,,
2023-08-15,07,18.783,17.799,19.408,18.788,17.817,19.406,18.859,17.980,19.500,18.836,17.920,19.470,20.915,20.297,21.487,18.771,86.988,266.944,64.587,348.140,416.120,134.377,63.469,581.079,340.827,10.000,7999.000,0.000,-999.000,-999.000,101.489,0.200,0.200,3.235,7.510,240.397,2.701,6.470,239.590,0.462,18.309,18.273,18.356,18.208,18.178,18.243,17.791,17.763,17.828,-999.000,-999.000,-999.000,15.097,13.532,19.067,18.538,19.538,-999.000,-999.000,-999.000,-999.000,-999.000,-999.000,17.941,17.920,17.972,-2.875,-0.592,-4.558,-5.795,0.422,0.573,0.656,0.763,0.315,0.466,0.707,0.756,0.458,,,,,,,,
2023-08-15,08,20.097,19.404,20.697,20.097,19.404,20.691,20.170,19.420,20.820,20.145,19.390,20.780,22.178,20.616,24.442,20.078,80.745,349.573,81.896,384.352,428.527,223.502,180.199,352.452,372.448,7.167,7999.000,0.000,-999.000,-999.000,101.515,0.200,0.200,4.108,6.810,244.463,3.492,6.250,242.752,0.461,18.301,18.266,18.339,18.171,18.118,18.207,17.786,17.765,17.809,-999.000,-999.000,-999.000,15.102,13.541,20.283,19.551,20.796,-999.000,-999.000,-999.000,-999.000,-999.000,-999.000,17.964,17.935,17.998,-1.790,-0.441,-2.180,11.055,0.420,0.573,0.656,0.763,0.315,0.466,0.707,0.756,0.459,,,,,,,,
2023-08-15,09,20.013,19.594,20.721,19.995,19.581,20.662,20.017,19.610,20.860,19.996,19.600,20.820,20.931,19.616,24.641,19.919,80.560,258.780,54.429,391.482,426.583,169.250,187.963,99.492,387.543,1.694,7999.000,0.000,-999.000,-999.000,101.556,0.200,0.200,4.106,7.630,249.797,3.373,6.890,249.552,0.461,18.387,18.323,18.462,18.135,18.094,18.179,17.782,17.755,17.814,-999.000,-999.000,-999.000,15.104,13.537,20.841,20.733,21.268,-999.000,-999.000,-999.000,-999.000,-999.000,-999.000,17.978,17.943,18.008,0.015,0.057,1.312,14.844,0.421,0.572,0.656,0.763,0.314,0.466,0.707,0.756,0.460,,,,,,,,
2023-08-15,10,21.526,20.745,22.505,21.505,20.739,22.477,21.588,20.940,22.590,21.547,20.890,22.580,24.673,23.066,27.441,21.456,74.504,529.381,120.496,391.755,448.998,351.642,345.478,243.037,388.542,5.083,7999.000,0.000,-999.000,-999.000,101.607,0.200,0.200,4.396,8.340,244.711,3.700,7.730,243.711,0.462,18.486,18.422,18.569,18.118,18.089,18.152,17.769,17.746,17.803,-999.000,-999.000,-999.000,15.106,13.541,22.385,21.330,23.279,-999.000,-999.000,-999.000,-999.000,-999.000,-999.000,17.995,17.960,18.019,1.606,0.595,4.099,32.254,0.421,0.572,0.656,0.763,0.314,0.466,0.707,0.756,0.462,,,,,,,,
2023-08-15,11,22.586,21.916,23.427,22.580,21.935,23.462,22.696,22.170,23.460,22.657,22.120,23.460,26.404,23.671,29.682,22.550,69.574,550.458,122.845,402.932,459.303,371.241,347.100,246.181,399.048,4.750,7999.000,0.000,-999.000,-999.000,101.641,0.200,0.200,3.965,7.620,240.003,3.349,6.380,239.634,0.463,18.667,18.554,18.795,18.106,18.082,18.125,17.769,17.747,17.793,-999.000,-999.000,-999.000,15.103,13.541,24.441,23.351,25.229,-999.000,-999.000,-999.000,-999.000,-999.000,-999.000,18.009,17.972,18.041,4.042,1.195,8.590,54.173,0.420,0.572,0.655,0.763,0.314,0.465,0.707,0.756,0.465,,,,,,,,
2023-08-15,12,22.785,22.274,23.220,22.741,22.235,23.187,22.764,22.130,23.250,22.739,22.120,23.220,25.315,23.507,26.686,22.641,69.085,491.767,108.165,410.330,454.648,339.284,457.820,29.689,410.547,0.139,7999.000,0.000,-999.000,-999.000,101.672,0.200,0.200,4.513,7.650,259.749,3.561,6.320,260.508,0.463,18.896,18.789,19.022,18.108,18.085,18.134,17.757,17.735,17.778,-999.000,-999.000,-999.000,15.109,13.543,24.863,24.494,25.416,-999.000,-999.000,-999.000,-999.000,-999.000,-999.000,18.029,18.003,18.061,7.189,1.999,13.169,44.691,0.420,0.573,0.655,0.763,0.314,0.465,0.707,0.755,0.467,,,,,,,,
2023-08-15,13,23.083,22.493,23.851,23.049,22.431,23.815,23.075,22.490,23.870,23.036,22.460,23.790,26.195,24.350,28.315,22.920,66.304,606.624,135.147,398.730,460.143,410.064,379.754,273.603,394.177,3.750,7999.000,0.000,-999.000,-999.000,101.692,0.200,0.200,5.051,8.500,254.487,4.044,6.850,254.919,0.464,19.088,19.009,19.188,18.136,18.095,18.179,17.757,17.724,17.782,-999.000,-999.000,-999.000,15.115,13.541,25.732,25.344,26.681,-999.000,-999.000,-999.000,-999.000,-999.000,-999.000,18.047,18.011,18.079,8.788,2.748,15.135,48.800,0.420,0.573,0.654,0.762,0.314,0.465,0.705,0.754,0.469,,,,,,,,
2023-08-15,14,23.616,23.123,24.188,23.557,23.072,24.121,23.558,22.980,24.180,23.524,22.950,24.130,26.519,24.288,28.556,23.425,64.964,558.610,123.537,390.178,461.320,363.932,291.543,341.723,383.413,5.638,7999.000,0.000,-999.000,-999.000,101.696,0.200,0.200,4.363,8.020,269.840,3.417,7.000,268.280,0.464,19.274,19.174,19.369,18.186,18.152,18.216,17.756,17.734,17.779,-999.000,-999.000,-999.000,15.103,13.536,26.784,26.566,27.008,-999.000,-999.000,-999.000,-999.000,-999.000,-999.000,18.047,18.020,18.080,10.209,3.350,17.705,58.592,0.418,0.573,0.652,0.762,0.314,0.464,0.705,0.754,0.471,,,,,,,,
2023-08-15,15,23.790,23.290,24.171,23.728,23.225,24.102,23.797,23.190,24.200,23.769,23.170,24.180,26.544,23.971,27.872,23.665,63.288,546.276,123.296,380.510,460.347,343.143,199.590,507.408,370.670,7.722,7999.000,0.000,-999.000,-999.000,101.704,0.200,0.200,4.201,6.770,272.974,3.327,6.710,271.588,0.465,19.466,19.359,19.556,18.223,18.182,18.269,17.747,17.713,17.776,-999.000,-999.000,-999.000,15.102,13.541,27.103,26.814,27.414,-999.000,-999.000,-999.000,-999.000,-999.000,-999.000,18.056,18.032,18.083,11.689,3.904,19.551,53.575,0.417,0.574,0.652,0.761,0.314,0.464,0.705,0.755,0.472,,,,,,,,
2023-08-15,16,23.822,23.322,24.200,23.777,23.238,24.197,23.747,23.140,24.290,23.731,23.110,24.280,25.541,23.448,27.093,23.660,61.733,432.723,101.280,372.842,451.865,252.420,130.425,559.969,363.097,8.417,7999.000,0.000,-999.000,-999.000,101.708,0.200,0.200,4.604,7.590,272.680,3.462,6.040,272.981,0.466,19.627,19.553,19.683,18.292,18.246,18.341,17.754,17.723,17.778,-999.000,-999.000,-999.000,15.111,13.546,26.717,26.366,27.068,-999.000,-999.000,-999.000,-999.000,-999.000,-999.000,18.075,18.044,18.105,12.269,4.347,19.363,42.440,0.416,0.574,0.651,0.760,0.314,0.464,0.705,0.755,0.473,,,,,,,,
2023-08-15,17,23.605,22.936,24.117,23.560,22.884,24.084,23.547,22.830,24.070,23.538,22.830,24.060,24.675,22.699,25.868,23.491,61.143,314.715,76.629,369.378,443.225,164.240,110.983,507.867,361.325,9.250,7999.000,0.000,-999.000,-999.000,101.734,0.200,0.200,3.858,7.100,283.435,2.757,5.350,282.473,0.466,19.724,19.666,19.777,18.361,18.325,18.402,17.767,17.739,17.800,-999.000,-999.000,-999.000,15.104,13.544,25.981,25.515,26.372,-999.000,-999.000,-999.000,-999.000,-999.000,-999.000,18.075,18.052,18.109,11.742,4.557,17.096,29.541,0.416,0.574,0.651,0.760,0.314,0.464,0.705,0.755,0.472,,,,,,,,
2023-08-15,18,22.262,21.146,23.196,22.233,21.125,23.200,22.205,21.110,23.120,22.216,21.120,23.140,22.376,20.578,24.029,22.335,65.200,166.943,41.696,359.570,426.693,58.125,60.591,429.235,352.785,10.000,7999.000,0.000,-999.000,-999.000,101.763,0.200,0.200,3.986,6.040,315.158,2.352,4.470,312.895,0.467,19.787,19.769,19.812,18.428,18.378,18.477,17.780,17.761,17.798,-999.000,-999.000,-999.000,15.105,13.544,24.900,24.313,25.489,-999.000,-999.000,-999.000,-999.000,-999.000,-999.000,18.090,18.066,18.110,10.590,4.519,13.858,13.036,0.414,0.574,0.651,0.760,0.314,0.464,0.703,0.754,0.471,,,,,,,,
2023-08-15,19,19.767,18.465,21.082,19.761,18.509,21.038,19.743,18.440,21.070,19.743,18.440,21.080,18.353,16.259,20.506,19.798,72.376,42.965,8.279,347.730,405.503,-22.036,22.155,192.522,342.488,7.528,7999.000,0.000,-999.000,-999.000,101.829,0.200,0.200,3.894,7.040,321.512,2.182,5.040,318.747,0.468,19.773,19.722,19.807,18.499,18.449,18.554,17.809,17.776,17.840,-999.000,-999.000,-999.000,15.106,13.542,23.581,22.905,24.290,-999.000,-999.000,-999.000,-999.000,-999.000,-999.000,18.095,18.049,18.131,8.831,4.161,9.897,-7.871,0.413,0.574,0.652,0.760,0.314,0.464,0.702,0.754,0.468,,,,,,,,
2023-08-15,20,17.707,16.567,18.547,17.716,16.578,18.551,17.722,16.630,18.540,17.698,16.600,18.540,14.992,13.792,16.160,17.652,79.838,0.342,0.000,340.553,384.733,-36.285,0.188,0.000,336.233,0.000,7999.000,0.000,-999.000,-999.000,101.879,0.200,0.200,2.363,4.530,341.535,1.033,2.820,337.981,0.469,19.665,19.581,19.755,18.554,18.511,18.601,17.834,17.796,17.873,-999.000,-999.000,-999.000,15.108,13.547,22.221,21.662,22.882,-999.000,-999.000,-999.000,-999.000,-999.000,-999.000,18.107,18.072,18.142,6.210,3.412,5.526,-21.676,0.411,0.574,0.652,0.760,0.313,0.464,0.702,0.754,0.465,,,,,,,,
2023-08-15,21,16.363,15.662,16.638,16.372,15.729,16.630,16.307,15.620,16.630,16.283,15.600,16.590,13.645,12.921,14.258,16.236,87.685,0.000,0.000,346.188,378.542,-24.273,0.000,0.000,342.950,0.000,7999.000,0.000,-999.000,-999.000,101.916,0.200,0.200,1.277,2.140,50.267,0.498,1.000,122.030,0.470,19.484,19.367,19.600,18.593,18.551,18.638,17.867,17.828,17.904,-999.000,-999.000,-999.000,15.108,13.548,21.214,20.758,21.632,-999.000,-999.000,-999.000,-999.000,-999.000,-999.000,18.115,18.084,18.150,3.330,2.365,1.440,-27.978,0.410,0.573,0.652,0.760,0.312,0.465,0.701,0.753,0.462,,,,,,,,
2023-08-15,22,16.111,15.675,16.378,16.107,15.689,16.343,16.187,15.680,16.610,16.180,15.700,16.610,14.807,12.998,15.709,16.143,90.582,0.000,0.000,379.483,390.620,-3.109,0.000,0.000,375.895,0.000,7999.000,0.000,-999.000,-999.000,101.942,0.200,0.200,0.752,1.560,338.061,0.557,1.140,274.412,0.471,19.246,19.129,19.365,18.615,18.596,18.658,17.888,17.863,17.924,-999.000,-999.000,-999.000,15.110,13.558,20.664,20.566,20.741,-999.000,-999.000,-999.000,-999.000,-999.000,-999.000,18.121,18.093,18.153,0.875,1.197,-1.530,-28.532,0.408,0.573,0.652,0.760,0.311,0.465,0.701,0.753,0.460,,,,,,,,
2023-08-15,23,16.007,15.857,16.210,16.014,15.896,16.202,16.054,15.880,16.270,16.050,15.890,16.270,14.969,14.403,15.584,15.996,92.532,0.000,0.000,371.172,389.953,-10.513,0.000,0.000,368.117,0.000,7999.000,0.000,-999.000,-999.000,101.951,0.200,0.200,1.164,1.770,308.343,0.481,1.180,297.737,0.472,19.070,18.993,19.136,18.590,18.564,18.616,17.928,17.905,17.953,-999.000,-999.000,-999.000,15.110,13.536,20.390,20.191,20.559,-999.000,-999.000,-999.000,-999.000,-999.000,-999.000,18.138,18.116,18.155,-0.473,0.298,-2.663,-24.225,0.407,0.573,0.653,0.760,0.311,0.465,0.701,0.753,0.459,,,,,,,,
2023-08-15,24,15.492,15.213,15.834,15.494,15.225,15.866,15.540,15.240,15.870,15.519,15.240,15.890,13.983,13.009,14.705,15.471,94.387,0.000,0.000,354.265,381.130,-18.850,0.000,0.000,351.250,0.000,7999.000,0.000,-999.000,-999.000,101.948,0.200,0.200,1.346,2.640,325.867,0.602,1.810,331.370,0.472,18.932,18.856,19.017,18.578,18.545,18.621,17.943,17.921,17.957,-999.000,-999.000,-999.000,15.116,13.546,19.863,19.589,20.182,-999.000,-999.000,-999.000,-999.000,-999.000,-999.000,18.148,18.121,18.173,-1.144,-0.092,-3.204,-26.481,0.407,0.572,0.653,0.760,0.311,0.465,0.701,0.754,0.457,,,,,,,,
