2023-07-01,01,17.765,17.552,17.946,17.779,17.577,17.971,17.812,17.610,18.020,17.813,17.610,18.020,16.746,16.549,16.977,17.786,58.204,0.000,0.000,389.738,397.667,-2.446,0.000,0.000,384.787,0.000,7999.000,0.000,-999.000,-999.000,100.672,0.200,0.200,5.457,9.610,199.184,4.017,8.360,199.045,0.878,18.986,18.895,19.084,19.118,19.076,19.156,18.791,18.761,18.818,-999.000,-999.000,-999.000,14.055,11.956,20.405,20.242,20.584,-999.000,-999.000,-999.000,-999.000,-999.000,-999.000,20.323,20.301,20.348,-1.820,-2.308,-3.800,-19.107,0.215,0.294,0.280,0.542,0.237,0.326,0.379,0.620,0.421,,,,,,,,
2023-07-01,02,17.719,17.390,17.969,17.730,17.408,17.971,17.764,17.420,17.980,17.758,17.420,18.000,16.851,16.594,17.030,17.704,61.697,0.000,0.000,390.492,398.787,-3.134,0.000,0.000,385.490,0.000,7999.000,0.000,-999.000,-999.000,100.601,0.200,0.200,7.118,13.620,215.315,5.300,11.080,215.227,0.878,18.818,18.730,18.906,19.042,18.997,19.086,18.776,18.754,18.794,-999.000,-999.000,-999.000,14.064,11.962,20.121,20.010,20.243,-999.000,-999.000,-999.000,-999.000,-999.000,-999.000,20.317,20.290,20.344,-2.149,-3.010,-4.536,-18.423,0.214,0.294,0.280,0.543,0.237,0.325,0.379,0.619,0.419,,,,,,,,
2023-07-01,03,17.230,17.041,17.470,17.231,17.032,17.504,17.274,17.080,17.490,17.268,17.080,17.480,16.486,16.324,16.585,17.233,69.372,0.000,0.000,390.830,397.605,-1.596,0.000,0.000,385.910,0.000,7999.000,0.000,-999.000,-999.000,100.525,0.200,0.200,6.936,12.090,207.543,5.165,10.300,207.341,0.879,18.662,18.613,18.744,18.959,18.916,19.007,18.783,18.753,18.807,-999.000,-999.000,-999.000,14.054,11.951,19.911,19.811,20.014,-999.000,-999.000,-999.000,-999.000,-999.000,-999.000,20.315,20.286,20.349,-2.574,-3.493,-5.007,-17.670,0.214,0.293,0.280,0.543,0.236,0.325,0.379,0.619,0.418,,,,,,,,
2023-07-01,04,16.791,16.584,17.054,16.801,16.610,17.055,16.855,16.680,17.070,16.841,16.650,17.080,16.263,16.147,16.483,16.799,78.016,1.152,0.000,390.278,396.922,-0.244,1.451,0.000,385.445,0.000,7999.000,0.000,-999.000,-999.000,100.468,0.200,0.200,7.148,13.140,211.307,5.280,9.860,210.531,0.879,18.547,18.489,18.631,18.871,18.817,18.926,18.765,18.732,18.798,-999.000,-999.000,-999.000,14.054,11.931,19.739,19.648,19.842,-999.000,-999.000,-999.000,-999.000,-999.000,-999.000,20.307,20.274,20.330,-2.747,-3.686,-5.214,-16.865,0.214,0.293,0.279,0.543,0.236,0.325,0.379,0.619,0.418,,,,,,,,
2023-07-01,05,16.234,15.775,16.634,16.224,15.756,16.633,16.299,15.810,16.700,16.275,15.770,16.690,15.835,15.417,16.206,16.234,84.947,7.297,0.000,390.533,395.080,6.944,8.047,0.000,384.682,0.000,7999.000,0.000,-999.000,-999.000,100.414,0.200,0.200,6.343,10.560,206.733,4.776,9.240,206.357,0.880,18.431,18.374,18.489,18.791,18.732,18.845,18.721,18.696,18.755,-999.000,-999.000,-999.000,14.064,11.934,19.561,19.453,19.651,-999.000,-999.000,-999.000,-999.000,-999.000,-999.000,20.295,20.271,20.340,-2.745,-3.590,-5.186,-16.164,0.213,0.292,0.279,0.543,0.236,0.324,0.379,0.619,0.417,,,,,,,,
2023-07-01,06,16.007,15.887,16.208,16.012,15.886,16.227,16.054,15.910,16.260,16.046,15.930,16.250,15.780,15.477,16.191,16.006,90.265,26.051,1.259,390.917,395.353,21.347,26.418,0.000,386.477,0.000,7999.000,0.000,-999.000,-999.000,100.379,0.200,0.200,6.617,10.130,207.599,4.898,9.160,206.491,0.880,18.369,18.321,18.405,18.709,18.643,18.760,18.715,18.679,18.740,-999.000,-999.000,-999.000,14.055,11.942,19.377,19.328,19.457,-999.000,-999.000,-999.000,-999.000,-999.000,-999.000,20.303,20.282,20.329,-2.616,-3.348,-5.009,-16.248,0.213,0.292,0.279,0.543,0.236,0.324,0.378,0.619,0.416,,,,,,,,
2023-07-01,07,16.316,16.175,16.390,16.308,16.216,16.377,16.350,16.260,16.400,16.332,16.260,16.410,16.307,16.204,16.384,16.298,91.057,60.708,8.002,394.117,398.582,48.241,61.178,0.000,389.827,0.000,7999.000,0.210,-999.000,-999.000,100.358,0.200,0.200,6.438,10.010,207.226,4.877,8.880,206.730,0.880,18.310,18.278,18.354,18.638,18.599,18.669,18.661,18.637,18.695,-999.000,-999.000,-999.000,14.077,11.938,19.412,19.343,19.457,-999.000,-999.000,-999.000,-999.000,-999.000,-999.000,20.283,20.245,20.336,-2.400,-3.010,-4.652,-13.050,0.213,0.292,0.279,0.543,0.235,0.323,0.378,0.619,0.416,,,,,,,,
2023-07-01,08,16.384,16.234,16.476,16.370,16.209,16.464,16.418,16.240,16.530,16.402,16.230,16.510,16.420,16.229,16.579,16.369,93.110,70.954,10.347,397.132,399.660,58.079,72.655,0.000,390.313,0.000,7999.000,0.150,-999.000,-999.000,100.336,0.200,0.200,6.125,10.800,208.762,4.702,8.900,207.154,0.881,18.320,18.301,18.344,18.577,18.533,18.616,18.623,18.591,18.655,-999.000,-999.000,-999.000,14.082,11.938,19.401,19.367,19.444,-999.000,-999.000,-999.000,-999.000,-999.000,-999.000,20.267,20.238,20.296,-2.062,-2.579,-4.041,-12.004,0.213,0.292,0.279,0.543,0.235,0.323,0.378,0.619,0.415,,,,,,,,
2023-07-01,09,16.786,16.446,17.193,16.773,16.430,17.154,16.844,16.500,17.200,16.826,16.500,17.180,17.366,16.576,17.993,16.788,94.728,158.986,28.923,403.738,405.675,128.126,159.911,0.000,398.717,0.000,7893.317,0.710,-999.000,-999.000,100.320,0.200,0.200,5.900,9.080,209.450,4.528,7.160,207.566,0.881,18.377,18.330,18.437,18.507,18.470,18.567,18.584,18.551,18.606,-999.000,-999.000,-999.000,14.072,11.941,19.524,19.364,19.751,-999.000,-999.000,-999.000,-999.000,-999.000,-999.000,20.280,20.245,20.307,-1.659,-2.082,-3.333,-9.448,0.213,0.292,0.279,0.543,0.235,0.323,0.378,0.619,0.415,,,,,,,,
2023-07-01,10,17.282,17.020,17.618,17.280,17.005,17.630,17.324,17.040,17.700,17.315,17.050,17.680,17.752,17.544,18.029,17.309,93.960,128.611,22.490,410.010,407.277,108.854,128.542,0.000,402.303,0.000,7994.300,0.240,-999.000,-999.000,100.300,0.200,0.200,5.822,9.140,214.005,4.475,7.660,212.723,0.882,18.497,18.425,18.570,18.469,18.435,18.502,18.541,18.519,18.571,-999.000,-999.000,-999.000,14.087,11.971,19.859,19.750,19.893,-999.000,-999.000,-999.000,-999.000,-999.000,-999.000,20.274,20.245,20.305,-1.045,-1.339,-2.159,-4.957,0.213,0.295,0.283,0.543,0.236,0.325,0.380,0.620,0.416,,,,,,,,
2023-07-01,11,18.013,17.502,18.687,18.006,17.508,18.666,18.045,17.550,18.720,18.039,17.530,18.730,18.774,17.712,20.232,18.002,92.752,198.681,37.650,415.470,413.193,163.308,196.889,0.004,400.967,0.000,7999.000,0.000,-999.000,-999.000,100.275,0.200,0.200,5.705,9.480,216.514,4.360,7.760,215.406,0.882,18.634,18.572,18.714,18.436,18.416,18.470,18.512,18.483,18.534,-999.000,-999.000,-999.000,14.088,11.941,20.037,19.873,20.345,-999.000,-999.000,-999.000,-999.000,-999.000,-999.000,20.276,20.245,20.312,-0.407,-0.651,-1.066,-3.799,0.214,0.294,0.280,0.543,0.236,0.325,0.380,0.619,0.416,,,,,,,,
2023-07-01,12,18.539,18.202,19.117,18.522,18.169,19.131,18.573,18.300,19.110,18.554,18.260,19.170,19.754,19.024,22.019,18.509,93.368,257.158,49.165,420.698,418.872,209.819,251.130,2.423,409.758,0.000,7788.467,1.340,-999.000,-999.000,100.271,0.200,0.200,5.541,9.250,235.906,4.420,8.230,234.643,0.882,18.818,18.689,18.969,18.419,18.400,18.449,18.478,18.438,18.499,-999.000,-999.000,-999.000,14.074,11.954,20.696,20.362,21.102,-999.000,-999.000,-999.000,-999.000,-999.000,-999.000,20.278,20.249,20.308,0.205,0.079,0.197,3.787,0.215,0.299,0.282,0.543,0.236,0.327,0.380,0.620,0.417,,,,,,,,
2023-07-01,13,18.905,18.091,19.618,18.912,18.062,19.633,18.964,18.110,19.850,18.960,18.110,19.840,20.657,19.192,22.693,18.904,89.623,374.960,75.021,425.383,424.507,300.815,359.209,11.096,405.608,0.083,7991.517,0.210,-999.000,-999.000,100.298,0.200,0.200,5.391,10.750,264.581,4.192,7.680,263.734,0.882,19.119,18.978,19.290,18.427,18.401,18.454,18.445,18.417,18.485,-999.000,-999.000,-999.000,14.084,11.962,21.439,21.052,21.861,-999.000,-999.000,-999.000,-999.000,-999.000,-999.000,20.269,20.246,20.297,1.129,0.979,2.155,10.649,0.224,0.314,0.295,0.546,0.237,0.333,0.382,0.625,0.419,,,,,,,,
2023-07-01,14,18.987,18.564,19.682,18.969,18.513,19.677,19.039,18.590,19.850,19.022,18.570,19.830,20.172,18.570,23.611,18.948,86.925,270.048,52.732,423.175,420.685,219.805,257.745,7.906,398.865,0.028,7999.000,0.000,-999.000,-999.000,100.326,0.200,0.200,5.198,9.460,272.596,3.902,7.120,269.868,0.883,19.458,19.290,19.584,18.465,18.417,18.493,18.434,18.406,18.463,-999.000,-999.000,-999.000,14.097,11.957,22.024,21.762,22.381,-999.000,-999.000,-999.000,-999.000,-999.000,-999.000,20.271,20.231,20.311,1.968,1.893,4.641,12.437,0.222,0.307,0.289,0.546,0.237,0.332,0.382,0.626,0.420,,,,,,,,
2023-07-01,15,19.132,18.530,19.796,19.111,18.499,19.798,19.180,18.610,19.950,19.169,18.540,19.970,20.100,18.984,21.603,19.118,82.631,318.725,63.628,417.800,420.948,251.949,303.405,12.631,392.807,0.111,7999.000,0.000,-999.000,-999.000,100.385,0.200,0.200,6.117,10.260,287.283,4.305,8.640,285.853,0.883,19.620,19.571,19.679,18.519,18.470,18.577,18.409,18.387,18.434,-999.000,-999.000,-999.000,14.104,11.959,21.697,21.557,21.902,-999.000,-999.000,-999.000,-999.000,-999.000,-999.000,20.255,20.223,20.284,2.350,2.488,5.649,4.392,0.220,0.304,0.287,0.546,0.236,0.331,0.381,0.624,0.421,,,,,,,,
2023-07-01,16,18.728,18.372,19.162,18.716,18.380,19.146,18.746,18.430,19.170,18.736,18.390,19.160,19.681,18.300,20.799,18.683,78.522,274.080,53.575,390.615,417.755,193.365,260.799,11.368,385.875,0.111,7999.000,0.000,-999.000,-999.000,100.430,0.200,0.200,5.468,9.580,299.625,3.743,7.110,297.786,0.883,19.744,19.665,19.804,18.583,18.545,18.629,18.395,18.378,18.415,-999.000,-999.000,-999.000,14.103,11.953,21.973,21.793,22.087,-999.000,-999.000,-999.000,-999.000,-999.000,-999.000,20.253,20.227,20.279,2.261,2.657,5.800,7.127,0.220,0.302,0.286,0.546,0.236,0.330,0.381,0.623,0.421,,,,,,,,
2023-07-01,17,18.124,17.715,18.563,18.121,17.660,18.568,18.184,17.710,18.670,18.172,17.720,18.650,18.676,17.586,20.232,18.091,83.697,142.965,25.322,393.862,412.403,99.101,137.788,4.827,387.200,0.056,7999.000,0.000,-999.000,-999.000,100.452,0.200,0.200,3.087,6.230,275.310,2.254,4.570,274.302,0.883,19.796,19.745,19.861,18.647,18.616,18.688,18.387,18.369,18.420,-999.000,-999.000,-999.000,14.109,11.983,21.490,21.279,21.864,-999.000,-999.000,-999.000,-999.000,-999.000,-999.000,20.250,20.224,20.289,2.139,2.652,5.694,-1.915,0.219,0.302,0.284,0.546,0.236,0.330,0.380,0.623,0.421,,,,,,,,
2023-07-01,18,18.835,18.563,19.108,18.852,18.584,19.163,18.906,18.620,19.210,18.893,18.610,19.190,18.839,18.186,19.957,18.840,77.301,117.443,19.517,386.487,412.230,72.182,111.757,9.038,382.117,0.167,7999.000,0.000,-999.000,-999.000,100.473,0.200,0.200,3.235,5.730,264.561,2.406,5.340,264.225,0.883,19.738,19.706,19.767,18.700,18.672,18.724,18.390,18.372,18.408,-999.000,-999.000,-999.000,14.119,11.983,21.259,21.135,21.489,-999.000,-999.000,-999.000,-999.000,-999.000,-999.000,20.223,20.203,20.251,1.768,2.405,4.858,-2.803,0.219,0.301,0.284,0.546,0.236,0.330,0.380,0.622,0.421,,,,,,,,
2023-07-01,19,18.555,18.354,18.880,18.558,18.335,18.908,18.602,18.390,18.890,18.594,18.390,18.910,17.459,17.139,18.127,18.538,74.268,27.775,0.706,386.375,404.045,11.299,26.098,0.000,381.198,0.000,7999.000,0.000,-999.000,-999.000,100.505,0.200,0.200,3.633,6.940,273.084,2.549,6.070,272.562,0.883,19.690,19.593,19.757,18.736,18.699,18.768,18.407,18.379,18.443,-999.000,-999.000,-999.000,14.109,11.978,20.664,20.213,21.125,-999.000,-999.000,-999.000,-999.000,-999.000,-999.000,20.232,20.199,20.275,1.478,2.219,4.034,-9.786,0.219,0.301,0.283,0.547,0.236,0.329,0.380,0.622,0.420,,,,,,,,
2023-07-01,20,18.141,17.817,18.426,18.140,17.842,18.447,18.189,17.900,18.570,18.183,17.900,18.560,16.758,16.376,17.162,18.119,71.367,8.457,0.000,383.173,399.552,-2.681,8.247,0.000,378.202,0.000,7999.000,0.000,-999.000,-999.000,100.553,0.200,0.200,4.159,7.390,269.813,2.988,5.710,268.251,0.884,19.513,19.378,19.601,18.774,18.747,18.796,18.424,18.393,18.445,-999.000,-999.000,-999.000,14.119,11.982,19.823,19.450,20.194,-999.000,-999.000,-999.000,-999.000,-999.000,-999.000,20.235,20.199,20.271,0.817,1.723,2.433,-16.875,0.218,0.301,0.283,0.547,0.236,0.329,0.380,0.621,0.418,,,,,,,,
2023-07-01,21,17.554,17.274,17.849,17.563,17.293,17.849,17.590,17.290,17.890,17.586,17.290,17.890,16.116,15.914,16.425,17.548,73.295,0.023,0.000,379.993,396.358,-9.640,0.059,0.000,374.807,0.000,7999.000,0.000,-999.000,-999.000,100.614,0.200,0.200,3.531,6.490,250.935,2.496,4.710,249.735,0.884,19.248,19.141,19.381,18.777,18.759,18.802,18.425,18.413,18.443,-999.000,-999.000,-999.000,14.129,11.990,19.121,18.844,19.447,-999.000,-999.000,-999.000,-999.000,-999.000,-999.000,20.209,20.183,20.232,-0.078,0.945,0.709,-19.925,0.218,0.300,0.282,0.547,0.236,0.329,0.380,0.621,0.416,,,,,,,,
2023-07-01,22,17.047,16.842,17.400,17.060,16.861,17.418,17.110,16.870,17.460,17.104,16.870,17.470,15.616,15.367,16.017,17.052,76.192,0.000,0.000,377.048,394.118,-10.432,0.000,0.000,372.105,0.000,7999.000,0.000,-999.000,-999.000,100.631,0.201,0.325,2.935,4.450,237.522,1.960,3.780,235.578,0.884,19.037,18.932,19.141,18.756,18.722,18.790,18.450,18.425,18.474,-999.000,-999.000,-999.000,14.114,11.985,18.651,18.485,18.841,-999.000,-999.000,-999.000,-999.000,-999.000,-999.000,20.206,20.194,20.227,-0.808,0.215,-0.638,-20.375,0.218,0.300,0.282,0.547,0.236,0.328,0.380,0.621,0.415,,,,,,,,
2023-07-01,23,17.099,16.820,17.284,17.085,16.821,17.284,17.127,16.860,17.330,17.125,16.850,17.350,15.848,15.511,16.120,17.077,78.887,0.000,0.000,377.412,395.105,-11.570,0.000,0.000,372.360,0.000,7999.000,0.000,-999.000,-999.000,100.631,0.207,0.700,3.437,5.500,223.855,2.360,4.580,222.454,0.884,18.838,18.770,18.935,18.719,18.685,18.760,18.447,18.428,18.464,-999.000,-999.000,-999.000,14.118,11.985,18.333,18.207,18.475,-999.000,-999.000,-999.000,-999.000,-999.000,-999.000,20.189,20.172,20.205,-1.267,-0.397,-1.580,-19.810,0.217,0.299,0.282,0.547,0.235,0.328,0.380,0.621,0.414,,,,,,,,
2023-07-01,24,17.273,17.117,17.369,17.275,17.122,17.387,17.303,17.150,17.420,17.302,17.130,17.420,16.227,16.009,16.393,17.249,82.833,0.000,0.000,374.850,396.862,-16.252,0.000,0.000,369.755,0.000,7997.067,0.000,-999.000,-999.000,100.605,0.210,0.638,4.500,7.280,226.741,3.278,6.040,227.111,0.884,18.702,18.641,18.770,18.668,18.629,18.730,18.455,18.431,18.471,-999.000,-999.000,-999.000,14.112,11.981,18.125,18.048,18.215,-999.000,-999.000,-999.000,-999.000,-999.000,-999.000,20.186,20.169,20.202,-1.527,-0.884,-2.218,-18.575,0.217,0.299,0.282,0.548,0.235,0.327,0.380,0.621,0.413,,,,,,,,
