2023-09-03,01,12.296,11.976,12.689,12.304,11.988,12.714,12.376,12.050,12.790,12.357,12.000,12.750,10.452,9.950,10.948,12.297,96.803,0.000,0.000,317.140,364.447,-40.893,0.000,0.000,314.888,0.000,7814.217,0.000,-999.000,-999.000,102.568,0.200,0.200,1.961,2.740,337.303,1.175,1.770,312.763,0.420,18.200,18.061,18.355,18.036,17.997,18.075,17.470,17.434,17.489,-999.000,-999.000,-999.000,15.569,13.904,14.658,14.404,14.943,-999.000,-999.000,-999.000,-999.000,-999.000,-999.000,17.270,17.224,17.305,-2.310,-2.611,-3.439,-33.068,0.576,0.660,0.699,0.758,0.551,0.669,0.699,0.756,0.474,,,,,,,,
2023-09-03,02,11.675,11.446,12.004,11.671,11.403,11.959,11.730,11.450,12.060,11.716,11.420,12.020,9.638,9.246,10.189,11.662,97.320,0.000,0.000,318.627,359.442,-34.028,0.000,0.000,318.290,0.000,7478.067,0.000,-999.000,-999.000,102.572,0.200,0.200,1.689,2.550,316.772,0.934,1.610,307.541,0.420,17.957,17.839,18.075,17.971,17.934,18.022,17.490,17.469,17.512,-999.000,-999.000,-999.000,15.561,13.896,14.111,13.860,14.401,-999.000,-999.000,-999.000,-999.000,-999.000,-999.000,17.266,17.222,17.298,-3.360,-3.855,-4.572,-33.136,0.574,0.659,0.699,0.758,0.550,0.667,0.699,0.756,0.474,,,,,,,,
2023-09-03,03,11.671,11.337,11.949,11.665,11.315,11.941,11.748,11.360,12.020,11.728,11.320,12.020,9.891,9.276,10.523,11.653,98.105,0.000,0.000,326.848,361.250,-27.724,0.000,0.000,324.992,0.000,7668.067,0.000,-999.000,-999.000,102.584,0.200,0.200,1.427,2.010,298.278,0.847,1.570,290.821,0.420,17.709,17.598,17.839,17.909,17.852,17.958,17.501,17.489,17.512,-999.000,-999.000,-999.000,15.560,13.900,13.677,13.543,13.847,-999.000,-999.000,-999.000,-999.000,-999.000,-999.000,17.285,17.242,17.325,-4.237,-4.985,-5.526,-31.974,0.574,0.657,0.699,0.759,0.549,0.666,0.699,0.757,0.473,,,,,,,,
2023-09-03,04,11.206,10.874,11.489,11.200,10.863,11.455,11.256,10.920,11.510,11.230,10.870,11.480,9.669,9.101,10.243,11.155,98.302,0.000,0.000,325.018,360.302,-28.519,0.000,0.000,323.132,0.000,7166.500,0.000,-999.000,-999.000,102.590,0.200,0.200,1.589,2.620,324.945,0.890,1.680,334.689,0.420,17.489,17.369,17.601,17.826,17.784,17.881,17.501,17.482,17.519,-999.000,-999.000,-999.000,15.556,13.897,13.396,13.210,13.550,-999.000,-999.000,-999.000,-999.000,-999.000,-999.000,17.284,17.229,17.325,-4.908,-5.875,-6.204,-30.054,0.572,0.656,0.699,0.760,0.548,0.661,0.699,0.757,0.472,,,,,,,,
2023-09-03,05,11.079,10.848,11.327,11.073,10.840,11.286,11.139,10.900,11.360,11.124,10.890,11.340,10.114,9.735,10.491,11.057,98.598,0.600,0.000,334.743,362.720,-20.081,0.801,0.000,333.268,0.000,7367.733,0.000,-999.000,-999.000,102.632,0.200,0.200,1.204,2.650,315.970,0.611,1.510,302.109,0.421,17.285,17.207,17.369,17.740,17.690,17.790,17.491,17.476,17.506,-999.000,-999.000,-999.000,15.562,13.901,13.142,13.107,13.220,-999.000,-999.000,-999.000,-999.000,-999.000,-999.000,17.291,17.239,17.348,-5.379,-6.467,-6.660,-28.608,0.571,0.655,0.699,0.760,0.547,0.659,0.699,0.758,0.472,,,,,,,,
2023-09-03,06,11.337,11.231,11.703,11.331,11.228,11.713,11.419,11.320,11.820,11.401,11.290,11.790,10.837,10.143,11.817,11.317,98.723,39.636,4.714,323.195,365.452,-6.284,35.162,6.841,322.492,0.000,7407.167,0.000,-999.000,-999.000,102.691,0.200,0.200,1.028,1.790,332.653,0.623,1.130,320.560,0.421,17.122,17.037,17.207,17.642,17.583,17.700,17.485,17.448,17.502,-999.000,-999.000,-999.000,15.557,13.901,13.107,13.061,13.219,-999.000,-999.000,-999.000,-999.000,-999.000,-999.000,17.298,17.258,17.331,-5.698,-6.869,-6.945,-24.878,0.571,0.655,0.699,0.760,0.546,0.658,0.699,0.758,0.472,,,,,,,,
2023-09-03,07,12.560,11.737,13.198,12.552,11.739,13.230,12.668,11.840,13.510,12.643,11.830,13.460,13.578,11.866,15.770,12.545,98.423,131.380,28.471,327.250,383.352,46.807,114.116,15.438,326.803,1.722,7759.067,0.000,-999.000,-999.000,102.767,0.200,0.200,1.154,1.970,346.831,0.960,1.670,338.844,0.421,16.985,16.934,17.054,17.550,17.491,17.605,17.461,17.430,17.506,-999.000,-999.000,-999.000,15.553,13.894,13.696,13.225,14.330,-999.000,-999.000,-999.000,-999.000,-999.000,-999.000,17.299,17.260,17.339,-5.755,-6.950,-6.901,-12.925,0.571,0.653,0.699,0.761,0.545,0.656,0.699,0.759,0.472,,,,,,,,
2023-09-03,08,14.206,13.224,15.342,14.248,13.207,15.453,14.427,13.400,15.720,14.386,13.330,15.570,17.880,15.692,20.722,14.269,96.222,241.876,55.926,335.233,401.580,119.604,196.687,57.013,336.623,4.667,7694.167,0.000,-999.000,-999.000,102.831,0.200,0.200,0.774,1.450,36.333,0.658,1.470,34.049,0.421,16.954,16.915,17.008,17.460,17.400,17.517,17.430,17.393,17.464,-999.000,-999.000,-999.000,15.547,13.892,15.237,14.349,16.255,-999.000,-999.000,-999.000,-999.000,-999.000,-999.000,17.300,17.256,17.349,-5.190,-6.258,-6.064,7.557,0.570,0.653,0.698,0.761,0.544,0.656,0.699,0.759,0.473,,,,,,,,
2023-09-03,09,16.859,15.192,18.323,17.045,15.250,18.480,17.542,15.690,18.630,17.344,15.540,18.540,21.905,20.632,23.615,17.134,85.043,479.343,118.089,333.570,425.410,269.414,178.104,519.839,330.823,10.000,7743.567,0.000,-999.000,-999.000,102.887,0.200,0.200,1.236,2.910,136.908,1.048,2.840,142.417,0.423,17.069,16.978,17.186,17.385,17.349,17.427,17.405,17.364,17.442,-999.000,-999.000,-999.000,15.548,13.895,17.946,16.286,19.488,-999.000,-999.000,-999.000,-999.000,-999.000,-999.000,17.310,17.272,17.359,-3.535,-4.967,-3.963,38.573,0.571,0.652,0.698,0.761,0.544,0.655,0.699,0.760,0.475,,,,,,,,
2023-09-03,10,19.585,18.290,20.810,19.659,18.427,20.816,19.811,18.570,21.180,19.774,18.570,21.040,24.545,23.011,26.450,19.680,69.640,566.888,135.755,343.250,439.558,334.825,236.538,468.347,340.538,10.000,7797.050,0.000,-999.000,-999.000,102.891,0.200,0.200,1.027,3.440,121.972,0.924,2.600,131.210,0.423,17.371,17.195,17.568,17.344,17.308,17.388,17.398,17.369,17.426,-999.000,-999.000,-999.000,15.560,13.905,20.848,19.544,22.043,-999.000,-999.000,-999.000,-999.000,-999.000,-999.000,17.325,17.281,17.376,-0.774,-3.041,-0.769,60.626,0.571,0.652,0.698,0.762,0.544,0.654,0.699,0.760,0.478,,,,,,,,
2023-09-03,11,21.242,20.739,21.784,21.276,20.782,21.861,21.035,20.630,21.590,20.988,20.580,21.590,26.324,25.271,27.706,20.854,59.514,568.463,133.245,355.265,445.143,345.340,303.581,329.020,355.592,9.861,7941.567,0.000,-999.000,-999.000,102.890,0.200,0.200,0.896,2.330,89.283,0.874,2.480,79.896,0.423,17.781,17.571,18.006,17.326,17.301,17.346,17.358,17.333,17.391,-999.000,-999.000,-999.000,15.554,13.907,23.066,22.091,23.735,-999.000,-999.000,-999.000,-999.000,-999.000,-999.000,17.330,17.299,17.357,2.551,-0.588,3.044,69.754,0.572,0.651,0.698,0.762,0.543,0.653,0.699,0.761,0.479,,,,,,,,
2023-09-03,12,21.973,21.405,22.999,21.973,21.409,23.150,21.759,21.280,22.520,21.756,21.290,22.510,25.971,24.946,27.770,21.699,56.540,586.411,137.566,361.455,448.868,361.431,319.615,320.652,361.015,5.250,7920.233,0.000,-999.000,-999.000,102.877,0.200,0.200,1.278,5.060,157.977,1.143,3.380,168.244,0.424,18.264,18.023,18.474,17.339,17.311,17.390,17.345,17.307,17.374,-999.000,-999.000,-999.000,15.552,13.901,24.220,23.768,24.760,-999.000,-999.000,-999.000,-999.000,-999.000,-999.000,17.333,17.297,17.363,5.783,1.786,6.768,65.166,0.572,0.650,0.698,0.763,0.542,0.652,0.699,0.762,0.480,,,,,,,,
2023-09-03,13,22.669,21.819,23.419,22.717,21.823,23.521,22.023,21.570,22.630,22.027,21.500,22.650,26.076,24.390,27.190,21.964,55.784,520.355,122.842,370.775,446.915,321.373,358.146,189.589,371.897,0.917,7967.417,0.000,-999.000,-999.000,102.882,0.200,0.200,1.278,3.660,53.777,1.126,3.270,62.688,0.424,18.710,18.484,18.921,17.403,17.347,17.459,17.324,17.303,17.344,-999.000,-999.000,-999.000,15.561,13.903,24.878,24.735,25.051,-999.000,-999.000,-999.000,-999.000,-999.000,-999.000,17.340,17.300,17.383,8.543,3.895,9.882,59.651,0.572,0.649,0.698,0.763,0.541,0.650,0.699,0.762,0.480,,,,,,,,
2023-09-03,14,23.316,22.909,23.745,23.339,22.893,23.857,22.457,21.990,23.290,22.505,21.980,23.420,26.647,25.050,28.325,22.513,51.951,564.148,134.548,359.585,450.150,339.034,190.217,535.821,353.655,10.000,7809.167,0.000,-999.000,-999.000,102.872,0.200,0.200,1.374,3.470,120.030,1.247,3.580,105.287,0.424,19.130,18.908,19.346,17.504,17.448,17.564,17.314,17.289,17.328,-999.000,-999.000,-999.000,15.562,13.904,25.224,24.976,25.544,-999.000,-999.000,-999.000,-999.000,-999.000,-999.000,17.342,17.302,17.375,10.600,5.508,12.203,51.888,0.572,0.649,0.698,0.763,0.540,0.649,0.698,0.762,0.480,,,,,,,,
2023-09-03,15,23.549,22.909,24.345,23.530,22.786,24.481,22.943,22.540,23.550,22.981,22.580,23.570,26.460,24.843,27.955,23.026,50.729,514.766,125.630,358.435,449.670,297.901,128.265,644.886,352.603,10.000,7898.717,0.000,-999.000,-999.000,102.869,0.200,0.200,1.269,2.980,138.249,1.050,2.370,147.864,0.425,19.534,19.352,19.703,17.622,17.551,17.700,17.304,17.285,17.335,-999.000,-999.000,-999.000,15.551,13.909,25.707,25.547,25.826,-999.000,-999.000,-999.000,-999.000,-999.000,-999.000,17.340,17.291,17.390,12.071,6.643,13.665,50.219,0.573,0.649,0.698,0.764,0.540,0.646,0.699,0.763,0.479,,,,,,,,
2023-09-03,16,22.588,21.596,23.456,22.550,21.624,23.393,22.580,21.680,23.470,22.546,21.670,23.470,24.101,21.400,27.363,22.572,54.572,332.659,80.411,368.833,436.553,184.529,198.269,253.911,367.217,5.139,7991.700,0.000,-999.000,-999.000,102.863,0.200,0.200,1.809,3.310,175.545,1.478,3.010,177.192,0.425,19.855,19.727,19.963,17.761,17.686,17.840,17.320,17.292,17.345,-999.000,-999.000,-999.000,15.557,13.912,25.265,24.456,25.594,-999.000,-999.000,-999.000,-999.000,-999.000,-999.000,17.342,17.294,17.399,13.299,7.539,14.341,36.829,0.572,0.649,0.698,0.763,0.539,0.645,0.699,0.762,0.478,,,,,,,,
2023-09-03,17,21.783,21.384,22.202,21.776,21.335,22.225,21.573,21.260,21.870,21.573,21.250,21.870,21.363,20.309,22.492,21.571,59.409,180.742,44.245,365.673,422.267,79.904,134.209,154.241,364.502,3.583,7803.783,0.000,-999.000,-999.000,102.842,0.200,0.200,1.932,3.080,133.681,1.525,2.750,135.046,0.425,20.016,19.954,20.068,17.898,17.825,17.977,17.337,17.309,17.358,-999.000,-999.000,-999.000,15.552,13.906,23.564,22.909,24.427,-999.000,-999.000,-999.000,-999.000,-999.000,-999.000,17.340,17.302,17.378,13.372,7.865,13.782,10.257,0.572,0.650,0.698,0.763,0.538,0.645,0.698,0.762,0.476,,,,,,,,
2023-09-03,18,20.850,20.313,21.564,20.805,20.377,21.527,20.605,19.890,21.590,20.605,19.920,21.550,19.214,17.729,21.591,20.595,63.474,71.680,13.490,362.625,408.843,11.972,54.154,83.870,361.090,0.972,7892.300,0.000,-999.000,-999.000,102.814,0.200,0.200,1.806,2.840,127.233,1.152,2.610,128.731,0.426,20.033,19.985,20.068,18.036,17.971,18.106,17.376,17.335,17.408,-999.000,-999.000,-999.000,15.555,13.910,22.234,21.538,22.897,-999.000,-999.000,-999.000,-999.000,-999.000,-999.000,17.337,17.292,17.386,11.923,7.374,11.905,-0.969,0.571,0.650,0.698,0.763,0.538,0.645,0.698,0.761,0.473,,,,,,,,
2023-09-03,19,19.278,17.735,20.319,19.273,17.714,20.384,18.981,17.920,19.850,18.960,17.790,19.910,15.475,13.479,17.650,18.931,70.703,5.342,0.228,349.722,388.190,-27.272,3.477,24.145,347.852,0.000,7819.317,0.000,-999.000,-999.000,102.801,0.200,0.200,1.585,2.430,92.569,0.828,1.820,84.986,0.426,19.912,19.828,19.993,18.156,18.102,18.215,17.410,17.372,17.443,-999.000,-999.000,-999.000,15.555,13.915,20.781,20.041,21.515,-999.000,-999.000,-999.000,-999.000,-999.000,-999.000,17.341,17.288,17.388,9.899,6.398,9.562,-14.111,0.571,0.650,0.698,0.763,0.537,0.645,0.698,0.761,0.471,,,,,,,,
2023-09-03,20,16.757,16.036,17.879,16.754,16.049,17.914,16.570,15.800,17.820,16.536,15.760,17.690,12.372,11.316,13.459,16.516,84.233,0.000,0.000,329.633,372.623,-34.718,0.000,0.000,333.920,0.000,7932.017,0.000,-999.000,-999.000,102.798,0.200,0.200,1.553,2.220,68.720,0.556,1.160,39.322,0.427,19.673,19.517,19.821,18.241,18.176,18.311,17.458,17.424,17.487,-999.000,-999.000,-999.000,15.559,13.913,19.241,18.524,20.005,-999.000,-999.000,-999.000,-999.000,-999.000,-999.000,17.338,17.290,17.389,7.173,4.722,6.448,-25.104,0.571,0.650,0.698,0.763,0.537,0.645,0.699,0.761,0.469,,,,,,,,
2023-09-03,21,14.704,13.994,15.848,14.723,13.969,15.840,14.791,14.030,15.760,14.774,14.040,15.750,10.854,10.129,11.769,14.704,91.892,0.000,0.000,319.117,363.085,-35.815,0.000,0.000,318.090,0.000,7874.350,0.000,-999.000,-999.000,102.761,0.200,0.200,0.571,1.260,62.528,0.518,0.920,282.601,0.427,19.343,19.170,19.508,18.292,18.252,18.333,17.504,17.470,17.548,-999.000,-999.000,-999.000,15.554,13.915,17.849,17.231,18.491,-999.000,-999.000,-999.000,-999.000,-999.000,-999.000,17.340,17.294,17.401,4.163,2.318,3.008,-31.974,0.571,0.650,0.698,0.764,0.536,0.644,0.699,0.763,0.467,,,,,,,,
2023-09-03,22,13.284,12.365,13.988,13.290,12.393,13.996,13.374,12.410,14.030,13.366,12.430,14.020,9.966,9.608,10.285,13.280,96.823,0.000,0.000,314.792,358.383,-35.961,0.000,0.000,313.218,0.000,7087.217,0.000,-999.000,-999.000,102.768,0.200,0.200,0.790,1.290,335.223,0.750,1.290,286.341,0.428,18.979,18.790,19.170,18.302,18.275,18.333,17.547,17.507,17.591,-999.000,-999.000,-999.000,15.554,13.912,16.669,16.186,17.214,-999.000,-999.000,-999.000,-999.000,-999.000,-999.000,17.332,17.295,17.373,1.465,-0.180,-0.036,-35.587,0.570,0.649,0.698,0.764,0.535,0.644,0.699,0.763,0.466,,,,,,,,
2023-09-03,23,12.337,11.661,12.659,12.330,11.682,12.681,12.350,11.680,12.820,12.339,11.680,12.830,9.422,8.626,9.967,12.277,97.387,0.000,0.000,311.920,356.657,-37.694,0.000,0.000,310.678,0.000,5406.850,0.000,-999.000,-999.000,102.782,0.200,0.200,0.956,1.620,317.082,0.601,1.440,307.781,0.429,18.623,18.451,18.787,18.282,18.234,18.312,17.592,17.544,17.625,-999.000,-999.000,-999.000,15.555,13.922,15.722,15.294,16.177,-999.000,-999.000,-999.000,-999.000,-999.000,-999.000,17.331,17.282,17.376,-0.718,-2.401,-2.472,-37.147,0.570,0.648,0.698,0.764,0.534,0.643,0.699,0.764,0.464,,,,,,,,
2023-09-03,24,11.715,11.508,11.903,11.711,11.416,11.898,11.765,11.530,11.950,11.750,11.510,11.920,8.784,8.281,9.391,11.692,98.537,0.000,0.000,309.043,353.107,-37.048,0.000,0.000,307.760,0.000,3202.667,0.000,-999.000,-999.000,102.775,0.200,0.200,1.294,1.880,310.008,0.680,1.280,315.852,0.429,18.273,18.121,18.445,18.234,18.200,18.266,17.617,17.588,17.646,-999.000,-999.000,-999.000,15.545,13.917,14.909,14.550,15.267,-999.000,-999.000,-999.000,-999.000,-999.000,-999.000,17.335,17.293,17.378,-2.434,-4.206,-4.309,-37.817,0.569,0.647,0.698,0.764,0.533,0.643,0.699,0.763,0.463,,,,,,,,
