2023-12-27,01,1.573,1.333,1.891,1.561,1.330,1.872,1.503,1.278,1.697,1.501,1.305,1.699,0.914,0.612,1.282,1.447,98.602,0.000,0.000,274.828,312.152,-30.903,0.000,0.000,258.858,0.000,1102.995,0.000,-999.000,-999.000,102.098,0.200,0.200,1.243,1.900,138.446,0.576,1.440,176.774,0.237,7.741,7.644,7.821,8.484,8.422,8.533,8.578,8.531,8.610,-999.000,-999.000,-999.000,9.832,11.220,3.463,3.237,3.659,-999.000,-999.000,-999.000,-999.000,-999.000,-999.000,8.661,8.576,8.757,-10.227,-4.676,-9.876,-28.029,0.694,0.696,0.694,0.726,0.705,0.707,0.688,0.739,0.586,,,,,,,,
2023-12-27,02,1.109,0.791,1.693,1.111,0.792,1.704,1.182,0.866,1.622,1.161,0.833,1.626,0.687,0.464,1.120,1.071,99.025,0.000,0.000,295.298,311.073,-9.717,0.000,0.000,265.587,0.000,1283.533,0.000,-999.000,-999.000,102.085,0.200,0.200,1.504,2.110,115.283,0.552,1.080,115.660,0.237,7.557,7.470,7.657,8.424,8.380,8.449,8.565,8.521,8.600,-999.000,-999.000,-999.000,9.857,11.231,3.075,2.927,3.254,-999.000,-999.000,-999.000,-999.000,-999.000,-999.000,8.655,8.579,8.728,-10.831,-5.228,-10.515,-29.149,0.694,0.695,0.694,0.727,0.705,0.707,0.688,0.739,0.585,,,,,,,,
2023-12-27,03,1.460,0.837,1.806,1.481,0.848,1.833,1.700,1.108,2.022,1.692,1.114,2.029,0.550,0.398,0.794,1.620,99.867,0.000,0.000,305.887,313.213,-0.719,0.000,0.000,274.962,0.000,1275.117,0.000,-999.000,-999.000,102.069,0.200,0.200,1.124,2.120,122.299,0.309,1.160,115.855,0.237,7.393,7.280,7.490,8.347,8.287,8.397,8.554,8.505,8.600,-999.000,-999.000,-999.000,9.858,11.223,2.800,2.689,2.937,-999.000,-999.000,-999.000,-999.000,-999.000,-999.000,8.668,8.609,8.738,-11.399,-5.742,-11.104,-28.713,0.694,0.695,0.693,0.727,0.704,0.707,0.688,0.739,0.585,,,,,,,,
2023-12-27,04,2.623,1.700,3.345,2.626,1.694,3.349,2.767,1.818,3.614,2.761,1.787,3.548,0.811,0.562,1.083,2.699,99.400,0.000,0.000,316.912,318.550,4.827,0.000,0.000,295.988,0.000,3687.433,0.000,-999.000,-999.000,102.001,0.200,0.200,1.762,3.250,126.402,0.910,2.190,149.397,0.238,7.214,7.142,7.303,8.247,8.194,8.302,8.498,8.456,8.536,-999.000,-999.000,-999.000,9.826,11.210,2.732,2.673,2.788,-999.000,-999.000,-999.000,-999.000,-999.000,-999.000,8.662,8.586,8.754,-11.865,-6.222,-11.588,-25.951,0.694,0.695,0.693,0.727,0.704,0.707,0.688,0.739,0.585,,,,,,,,
2023-12-27,05,3.733,3.219,4.600,3.760,3.242,4.615,3.862,3.266,4.645,3.836,3.258,4.638,1.833,1.031,3.240,3.752,98.832,0.000,0.000,325.803,327.918,3.422,0.000,0.000,313.660,0.000,6086.233,0.030,-999.000,-999.000,101.934,0.200,0.200,2.448,4.440,106.729,1.356,3.410,105.830,0.238,7.060,6.950,7.159,8.162,8.067,8.230,8.478,8.407,8.518,-999.000,-999.000,-999.000,9.832,11.211,2.906,2.774,3.090,-999.000,-999.000,-999.000,-999.000,-999.000,-999.000,8.672,8.610,8.727,-12.085,-6.647,-11.841,-21.303,0.693,0.694,0.693,0.727,0.704,0.706,0.688,0.739,0.585,,,,,,,,
2023-12-27,06,4.675,4.578,4.855,4.698,4.581,4.881,4.701,4.614,4.858,4.677,4.591,4.838,3.543,3.167,3.874,4.622,97.142,0.000,0.000,323.780,336.228,-7.192,0.014,0.000,318.443,0.000,6235.300,0.030,-999.000,-999.000,101.869,0.200,0.200,3.595,5.620,114.210,2.601,4.700,114.000,0.238,6.921,6.868,7.003,8.063,8.001,8.123,8.437,8.388,8.477,-999.000,-999.000,-999.000,9.822,11.201,3.342,3.066,3.585,-999.000,-999.000,-999.000,-999.000,-999.000,-999.000,8.668,8.574,8.749,-11.902,-6.968,-11.719,-14.736,0.693,0.694,0.693,0.727,0.704,0.706,0.687,0.739,0.585,,,,,,,,
2023-12-27,07,5.053,4.832,5.198,5.074,4.878,5.224,5.144,4.867,5.298,5.145,4.839,5.296,4.200,3.864,4.402,5.084,95.068,0.000,0.000,334.475,338.642,0.438,0.193,0.000,332.503,0.000,6337.683,0.360,-999.000,-999.000,101.793,0.200,0.200,4.910,7.470,120.158,3.735,6.660,120.126,0.238,6.797,6.741,6.864,7.965,7.900,8.021,8.388,8.329,8.444,-999.000,-999.000,-999.000,9.822,11.201,3.853,3.572,4.119,-999.000,-999.000,-999.000,-999.000,-999.000,-999.000,8.650,8.568,8.732,-11.196,-7.117,-11.109,-9.695,0.693,0.694,0.692,0.727,0.704,0.706,0.687,0.739,0.585,,,,,,,,
2023-12-27,08,5.253,5.161,5.369,5.265,5.154,5.379,5.346,5.275,5.402,5.334,5.278,5.399,4.561,4.376,4.722,5.255,95.717,0.114,0.000,339.292,339.802,3.154,0.574,0.000,337.982,0.000,6083.483,0.980,-999.000,-999.000,101.716,0.200,0.200,5.035,7.320,123.219,3.900,6.680,123.683,0.238,6.747,6.721,6.774,7.875,7.821,7.939,8.338,8.306,8.366,-999.000,-999.000,-999.000,9.798,11.180,4.315,4.132,4.528,-999.000,-999.000,-999.000,-999.000,-999.000,-999.000,8.659,8.568,8.740,-10.215,-7.044,-10.200,-6.125,0.693,0.693,0.692,0.726,0.704,0.706,0.687,0.739,0.585,,,,,,,,
2023-12-27,09,5.533,5.339,5.871,5.528,5.333,5.897,5.561,5.391,5.952,5.550,5.388,5.944,4.938,4.731,5.331,5.470,97.773,6.283,0.026,341.138,341.477,8.339,6.966,0.000,340.985,0.000,5918.367,2.050,-999.000,-999.000,101.688,0.200,0.200,4.769,7.300,130.412,3.726,6.470,130.598,0.237,6.731,6.700,6.767,7.813,7.768,7.877,8.315,8.296,8.339,-999.000,-999.000,-999.000,9.807,11.171,4.724,4.524,4.936,-999.000,-999.000,-999.000,-999.000,-999.000,-999.000,8.665,8.578,8.750,-9.401,-6.821,-9.254,-3.591,0.693,0.693,0.692,0.726,0.704,0.707,0.687,0.739,0.586,,,,,,,,
2023-12-27,10,6.485,5.884,7.095,6.485,5.887,7.108,6.534,5.973,7.125,6.526,5.970,7.122,6.019,5.364,6.659,6.455,97.873,36.911,4.434,343.963,346.957,29.497,37.726,0.000,346.872,0.000,6307.817,0.250,-999.000,-999.000,101.609,0.200,0.200,4.563,7.320,137.517,3.476,6.240,137.624,0.236,6.701,6.660,6.735,7.733,7.692,7.790,8.275,8.238,8.329,-999.000,-999.000,-999.000,9.825,11.196,5.251,4.933,5.627,-999.000,-999.000,-999.000,-999.000,-999.000,-999.000,8.660,8.583,8.729,-8.279,-6.541,-8.390,-0.311,0.692,0.693,0.692,0.726,0.704,0.707,0.686,0.738,0.586,,,,,,,,
2023-12-27,11,7.503,7.115,7.906,7.519,7.137,7.908,7.509,7.139,7.940,7.526,7.137,7.945,6.823,6.649,7.115,7.505,95.622,33.475,2.982,347.187,350.970,26.710,34.117,0.000,343.112,0.000,6359.467,0.030,-999.000,-999.000,101.543,0.200,0.200,5.491,8.250,156.775,4.169,7.040,156.439,0.235,6.699,6.657,6.733,7.663,7.634,7.701,8.217,8.189,8.277,-999.000,-999.000,-999.000,9.814,11.182,5.950,5.643,6.225,-999.000,-999.000,-999.000,-999.000,-999.000,-999.000,8.641,8.546,8.699,-7.209,-6.204,-7.501,5.375,0.692,0.693,0.692,0.726,0.704,0.707,0.686,0.738,0.587,,,,,,,,
2023-12-27,12,8.294,7.935,8.624,8.301,7.955,8.626,8.355,7.963,8.710,8.360,7.979,8.700,7.421,7.095,7.704,8.321,93.412,45.928,5.467,347.018,354.285,33.194,46.547,0.000,343.078,0.000,6468.683,0.030,-999.000,-999.000,101.445,0.200,0.200,6.085,8.380,168.882,4.519,7.190,167.593,0.235,6.740,6.698,6.793,7.611,7.582,7.657,8.180,8.143,8.221,-999.000,-999.000,-999.000,9.819,11.189,6.588,6.218,6.846,-999.000,-999.000,-999.000,-999.000,-999.000,-999.000,8.640,8.579,8.707,-5.936,-5.792,-6.407,8.745,0.692,0.693,0.692,0.726,0.704,0.707,0.686,0.738,0.587,,,,,,,,
2023-12-27,13,8.860,8.626,9.053,8.868,8.649,9.055,8.929,8.740,9.080,8.925,8.710,9.090,7.791,7.696,7.864,8.883,91.592,40.359,3.684,348.588,356.297,28.967,40.640,0.000,345.010,0.000,6184.383,0.030,-999.000,-999.000,101.327,0.200,0.200,5.748,8.830,174.892,4.196,6.480,173.556,0.235,6.797,6.742,6.861,7.559,7.521,7.598,8.126,8.085,8.176,-999.000,-999.000,-999.000,9.814,11.185,7.108,6.846,7.323,-999.000,-999.000,-999.000,-999.000,-999.000,-999.000,8.628,8.551,8.699,-4.566,-5.302,-5.223,11.293,0.692,0.693,0.692,0.726,0.704,0.708,0.686,0.738,0.587,,,,,,,,
2023-12-27,14,9.059,8.979,9.128,9.054,8.952,9.130,9.116,9.060,9.170,9.118,9.050,9.180,7.718,7.500,7.814,9.077,89.272,39.667,3.330,339.332,356.395,19.274,39.801,0.000,335.873,0.000,6190.867,0.000,-999.000,-999.000,101.205,0.200,0.200,6.107,9.410,175.883,4.650,7.420,174.213,0.235,6.903,6.838,6.969,7.544,7.510,7.573,8.101,8.074,8.121,-999.000,-999.000,-999.000,9.808,11.165,7.460,7.326,7.580,-999.000,-999.000,-999.000,-999.000,-999.000,-999.000,8.633,8.577,8.709,-3.232,-4.761,-4.042,11.497,0.692,0.693,0.692,0.726,0.705,0.708,0.686,0.737,0.587,,,,,,,,
2023-12-27,15,9.026,8.950,9.095,9.024,8.949,9.101,9.079,9.020,9.150,9.077,9.030,9.150,7.213,7.010,7.471,9.037,87.090,26.956,1.692,314.928,354.033,-13.229,27.350,0.000,311.430,0.000,6054.167,0.000,-999.000,-999.000,101.098,0.200,0.200,7.396,10.290,176.976,5.381,8.440,175.279,0.235,7.008,6.943,7.062,7.523,7.491,7.544,8.062,8.029,8.114,-999.000,-999.000,-999.000,9.808,11.177,7.532,7.403,7.606,-999.000,-999.000,-999.000,-999.000,-999.000,-999.000,8.620,8.573,8.683,-2.111,-4.203,-3.009,9.302,0.692,0.693,0.692,0.726,0.705,0.708,0.686,0.737,0.587,,,,,,,,
2023-12-27,16,8.935,8.716,9.069,8.945,8.692,9.072,9.012,8.790,9.120,9.007,8.790,9.120,6.754,6.489,6.990,8.949,85.203,2.223,0.000,309.845,352.102,-35.826,2.484,0.000,306.098,0.000,6159.333,0.000,-999.000,-999.000,101.002,0.200,0.200,8.002,11.990,175.654,5.830,10.430,174.475,0.235,7.092,7.052,7.148,7.507,7.484,7.537,8.019,7.993,8.048,-999.000,-999.000,-999.000,9.833,11.198,7.196,7.017,7.403,-999.000,-999.000,-999.000,-999.000,-999.000,-999.000,8.594,8.522,8.656,-1.372,-3.673,-2.276,3.764,0.692,0.693,0.692,0.726,0.705,0.708,0.686,0.737,0.587,,,,,,,,
2023-12-27,17,8.653,8.352,8.818,8.659,8.339,8.824,8.722,8.460,8.870,8.728,8.450,8.870,6.342,6.088,6.552,8.676,84.040,0.000,0.000,298.372,350.300,-48.020,0.000,0.000,294.600,0.000,6295.633,0.000,-999.000,-999.000,100.869,0.200,0.200,8.261,12.570,169.435,6.303,10.290,168.293,0.236,7.197,7.138,7.252,7.522,7.485,7.549,8.010,7.985,8.044,-999.000,-999.000,-999.000,9.831,11.183,6.856,6.685,7.024,-999.000,-999.000,-999.000,-999.000,-999.000,-999.000,8.613,8.547,8.669,-1.123,-3.227,-1.984,-0.644,0.693,0.694,0.692,0.726,0.705,0.709,0.686,0.737,0.587,,,,,,,,
2023-12-27,18,8.604,8.414,8.920,8.599,8.395,8.956,8.623,8.470,8.860,8.625,8.460,8.880,5.811,5.597,6.085,8.577,79.212,0.000,0.000,284.762,347.808,-59.404,0.000,0.000,281.120,0.000,6411.283,0.000,-999.000,-999.000,100.751,0.200,0.200,7.999,12.030,176.869,5.940,9.460,176.227,0.236,7.250,7.232,7.272,7.533,7.503,7.557,7.977,7.949,8.005,-999.000,-999.000,-999.000,9.840,11.197,6.492,6.294,6.712,-999.000,-999.000,-999.000,-999.000,-999.000,-999.000,8.592,8.507,8.662,-1.252,-2.906,-2.039,-4.356,0.693,0.694,0.692,0.726,0.705,0.708,0.686,0.737,0.587,,,,,,,,
2023-12-27,19,8.547,8.295,8.798,8.565,8.305,8.857,8.587,8.340,8.820,8.590,8.340,8.870,5.432,5.152,5.759,8.543,73.362,0.000,0.000,296.195,346.542,-46.218,0.000,0.000,292.805,0.000,6451.133,0.000,-999.000,-999.000,100.727,0.200,0.200,7.128,11.220,183.778,5.148,9.630,182.882,0.236,7.282,7.236,7.319,7.545,7.524,7.570,7.971,7.942,7.999,-999.000,-999.000,-999.000,9.848,11.200,6.147,5.994,6.284,-999.000,-999.000,-999.000,-999.000,-999.000,-999.000,8.589,8.502,8.667,-1.647,-2.710,-2.332,-7.154,0.693,0.694,0.692,0.726,0.705,0.708,0.686,0.737,0.586,,,,,,,,
2023-12-27,20,9.092,8.589,9.575,9.095,8.615,9.588,9.125,8.590,9.680,9.128,8.560,9.700,5.930,5.386,6.407,9.071,66.868,0.000,0.000,335.413,350.250,-10.339,0.000,0.000,331.437,0.000,6323.783,0.000,-999.000,-999.000,100.692,0.200,0.200,7.510,12.270,189.677,5.622,9.600,188.784,0.236,7.294,7.262,7.314,7.559,7.521,7.599,7.952,7.916,7.976,-999.000,-999.000,-999.000,9.849,11.199,5.990,5.951,6.055,-999.000,-999.000,-999.000,-999.000,-999.000,-999.000,8.581,8.530,8.653,-2.210,-2.625,-2.755,-7.810,0.693,0.694,0.692,0.726,0.705,0.708,0.686,0.737,0.586,,,,,,,,
2023-12-27,21,9.414,9.033,9.882,9.407,9.013,9.885,9.494,9.190,9.900,9.474,9.150,9.910,6.512,6.340,6.944,9.427,66.189,0.000,0.000,352.235,351.172,3.955,0.000,0.001,346.760,0.000,6222.100,0.220,-999.000,-999.000,100.708,0.200,0.200,8.740,13.650,201.299,6.472,11.910,200.834,0.237,7.280,7.253,7.307,7.566,7.531,7.605,7.935,7.906,7.974,-999.000,-999.000,-999.000,9.844,11.199,6.208,6.045,6.372,-999.000,-999.000,-999.000,-999.000,-999.000,-999.000,8.564,8.510,8.631,-2.732,-2.624,-3.113,-3.884,0.693,0.694,0.692,0.726,0.705,0.708,0.686,0.737,0.586,,,,,,,,
2023-12-27,22,9.408,9.196,9.673,9.382,9.155,9.663,9.447,9.260,9.670,9.444,9.240,9.700,6.718,6.517,6.896,9.382,68.404,0.000,0.000,352.337,351.825,4.344,0.000,0.000,347.272,0.000,6277.483,0.000,-999.000,-999.000,100.738,0.200,0.200,8.491,13.690,203.546,6.508,11.050,202.608,0.237,7.278,7.252,7.308,7.579,7.540,7.602,7.930,7.909,7.958,-999.000,-999.000,-999.000,9.841,11.195,6.424,6.363,6.513,-999.000,-999.000,-999.000,-999.000,-999.000,-999.000,8.558,8.487,8.633,-2.904,-2.648,-3.163,-1.644,0.693,0.694,0.692,0.726,0.705,0.708,0.686,0.737,0.586,,,,,,,,
2023-12-27,23,9.483,9.241,9.717,9.487,9.294,9.694,9.576,9.350,9.790,9.557,9.310,9.790,7.205,6.899,7.452,9.490,75.129,0.000,0.000,350.680,353.917,0.497,0.000,0.000,345.788,0.000,6245.733,0.030,-999.000,-999.000,100.776,0.200,0.200,8.669,13.980,208.892,6.661,11.610,207.888,0.237,7.267,7.242,7.288,7.564,7.531,7.605,7.919,7.895,7.942,-999.000,-999.000,-999.000,9.847,11.186,6.611,6.483,6.760,-999.000,-999.000,-999.000,-999.000,-999.000,-999.000,8.540,8.466,8.605,-2.822,-2.641,-3.028,-0.246,0.693,0.694,0.692,0.725,0.705,0.708,0.686,0.737,0.586,,,,,,,,
2023-12-27,24,9.988,9.628,10.305,9.993,9.634,10.295,10.052,9.700,10.360,10.051,9.690,10.360,7.512,7.201,7.758,9.979,75.309,0.000,0.000,330.550,355.052,-20.010,0.000,0.000,326.560,0.000,6245.950,0.000,-999.000,-999.000,100.806,0.200,0.200,7.249,10.750,211.391,5.535,9.840,210.703,0.236,7.263,7.227,7.293,7.560,7.531,7.587,7.892,7.860,7.924,-999.000,-999.000,-999.000,9.833,11.186,6.811,6.773,6.849,-999.000,-999.000,-999.000,-999.000,-999.000,-999.000,8.523,8.461,8.574,-2.583,-2.597,-2.814,1.126,0.693,0.694,0.692,0.725,0.705,0.708,0.686,0.737,0.586,,,,,,,,
