2023-11-19,01,13.804,13.675,13.923,13.816,13.694,13.939,13.900,13.800,13.990,13.904,13.800,14.010,11.963,11.764,12.064,13.812,89.552,0.277,0.000,373.458,378.802,-0.022,0.615,0.000,370.842,0.000,6208.483,0.000,-999.000,-999.000,100.785,0.200,0.200,7.622,12.740,238.024,5.937,10.610,237.302,0.324,8.444,8.356,8.514,8.401,8.359,8.437,8.926,8.900,8.949,-999.000,-999.000,-999.000,12.707,13.220,10.141,9.941,10.286,-999.000,-999.000,-999.000,-999.000,-999.000,-999.000,10.066,10.014,10.127,2.861,-2.564,0.621,16.657,0.693,0.693,0.693,0.748,0.690,0.690,0.684,0.745,0.576,,,,,,,,
2023-11-19,02,13.691,13.509,13.843,13.705,13.515,13.875,13.791,13.620,13.940,13.790,13.610,13.940,11.731,11.550,11.856,13.694,88.162,0.634,0.000,366.202,377.845,-6.142,0.302,0.000,365.112,0.000,6060.233,0.000,-999.000,-999.000,100.746,0.200,0.200,8.281,13.760,238.502,6.494,10.680,237.546,0.324,8.589,8.506,8.678,8.455,8.421,8.493,8.930,8.908,8.956,-999.000,-999.000,-999.000,12.709,13.221,10.363,10.283,10.425,-999.000,-999.000,-999.000,-999.000,-999.000,-999.000,10.052,10.007,10.119,3.920,-2.209,1.538,16.861,0.694,0.693,0.694,0.748,0.690,0.690,0.684,0.746,0.576,,,,,,,,
2023-11-19,03,13.189,12.791,13.542,13.196,12.733,13.571,13.254,12.820,13.650,13.257,12.830,13.650,10.995,10.438,11.576,13.175,86.927,0.094,0.000,335.250,373.838,-33.914,0.000,0.000,338.340,0.000,6203.650,0.000,-999.000,-999.000,100.732,0.200,0.200,8.284,13.110,238.775,6.421,12.500,238.531,0.323,8.767,8.675,8.838,8.516,8.477,8.584,8.949,8.926,8.977,-999.000,-999.000,-999.000,12.723,13.233,10.368,10.258,10.455,-999.000,-999.000,-999.000,-999.000,-999.000,-999.000,10.061,9.982,10.116,4.726,-1.830,2.352,14.895,0.694,0.694,0.694,0.748,0.690,0.690,0.684,0.746,0.576,,,,,,,,
2023-11-19,04,12.335,11.826,12.829,12.344,11.841,12.826,12.384,11.910,12.870,12.383,11.910,12.860,9.996,9.444,10.586,12.322,86.893,0.000,0.000,301.090,367.845,-62.360,0.000,0.000,308.620,0.000,6176.533,0.000,-999.000,-999.000,100.726,0.200,0.200,8.098,13.190,239.330,6.218,10.760,239.427,0.323,8.926,8.851,8.999,8.591,8.545,8.650,8.971,8.931,9.002,-999.000,-999.000,-999.000,12.713,13.225,10.022,9.751,10.262,-999.000,-999.000,-999.000,-999.000,-999.000,-999.000,10.053,9.988,10.113,5.061,-1.460,2.854,9.429,0.695,0.694,0.694,0.748,0.690,0.690,0.685,0.746,0.576,,,,,,,,
2023-11-19,05,11.778,11.581,11.958,11.781,11.619,12.037,11.857,11.630,12.030,11.861,11.600,12.050,9.380,9.160,9.619,11.786,85.973,0.000,0.000,291.673,364.632,-68.436,0.000,0.000,300.143,0.000,6120.917,0.000,-999.000,-999.000,100.730,0.200,0.200,8.422,12.520,238.617,6.473,11.290,238.901,0.323,9.030,8.956,9.088,8.646,8.600,8.715,8.977,8.937,9.009,-999.000,-999.000,-999.000,12.726,13.229,9.491,9.305,9.738,-999.000,-999.000,-999.000,-999.000,-999.000,-999.000,10.042,9.965,10.084,4.719,-1.146,2.857,3.092,0.695,0.694,0.695,0.748,0.690,0.691,0.685,0.746,0.576,,,,,,,,
2023-11-19,06,11.664,11.509,11.820,11.671,11.514,11.809,11.686,11.480,11.830,11.686,11.470,11.840,9.333,9.118,9.507,11.627,85.128,0.000,0.000,307.723,364.517,-51.981,0.000,0.000,313.712,0.000,6124.550,0.000,-999.000,-999.000,100.741,0.200,0.200,8.198,12.640,239.653,6.326,10.880,239.765,0.322,9.114,9.074,9.147,8.728,8.685,8.768,8.999,8.973,9.026,-999.000,-999.000,-999.000,12.715,13.228,9.163,9.074,9.292,-999.000,-999.000,-999.000,-999.000,-999.000,-999.000,10.041,9.985,10.091,3.840,-0.928,2.421,0.007,0.695,0.695,0.695,0.748,0.690,0.691,0.685,0.746,0.576,,,,,,,,
2023-11-19,07,11.405,11.199,11.634,11.419,11.224,11.623,11.458,11.260,11.750,11.453,11.230,11.750,9.083,8.785,9.306,11.389,85.763,0.169,0.000,301.688,363.020,-56.440,0.180,0.000,308.575,0.000,6119.033,0.000,-999.000,-999.000,100.759,0.200,0.200,7.231,12.710,240.087,5.608,10.240,239.860,0.322,9.150,9.121,9.198,8.787,8.735,8.844,9.025,8.989,9.053,-999.000,-999.000,-999.000,12.716,13.229,8.994,8.887,9.101,-999.000,-999.000,-999.000,-999.000,-999.000,-999.000,10.038,9.973,10.095,2.896,-0.810,1.852,-0.689,0.696,0.695,0.696,0.747,0.691,0.691,0.685,0.746,0.576,,,,,,,,
2023-11-19,08,11.473,11.169,11.915,11.476,11.177,11.927,11.521,11.270,11.940,11.515,11.260,11.940,9.469,8.877,10.269,11.437,85.518,34.716,6.767,327.535,365.518,-8.672,33.496,3.858,331.262,0.000,6137.717,0.000,-999.000,-999.000,100.817,0.200,0.200,7.367,12.930,237.648,5.699,10.740,237.522,0.322,9.171,9.148,9.197,8.839,8.795,8.883,9.051,9.009,9.093,-999.000,-999.000,-999.000,12.712,13.225,8.922,8.857,9.129,-999.000,-999.000,-999.000,-999.000,-999.000,-999.000,10.035,9.970,10.086,2.125,-0.757,1.328,-0.699,0.696,0.695,0.696,0.747,0.691,0.691,0.685,0.746,0.575,,,,,,,,
2023-11-19,09,12.023,11.825,12.255,12.028,11.822,12.290,12.079,11.890,12.310,12.068,11.870,12.290,10.505,10.030,11.125,11.982,82.933,114.630,31.919,337.032,370.958,48.785,100.420,57.921,340.685,4.472,5904.033,0.000,-999.000,-999.000,100.840,0.200,0.200,7.876,12.750,235.580,6.169,12.950,235.677,0.322,9.171,9.135,9.204,8.879,8.835,8.918,9.060,9.023,9.104,-999.000,-999.000,-999.000,12.709,13.224,9.532,9.139,10.014,-999.000,-999.000,-999.000,-999.000,-999.000,-999.000,10.012,9.943,10.071,1.578,-0.742,0.951,7.033,0.696,0.695,0.696,0.747,0.691,0.691,0.685,0.746,0.576,,,,,,,,
2023-11-19,10,12.544,12.192,12.985,12.550,12.164,13.026,12.615,12.240,13.080,12.604,12.220,13.060,11.163,10.711,11.955,12.480,80.436,166.369,46.417,334.657,374.412,80.197,137.087,96.670,339.308,4.416,5846.317,0.000,-999.000,-999.000,100.849,0.200,0.200,8.568,13.340,236.861,6.675,11.590,236.813,0.322,9.211,9.167,9.253,8.929,8.873,8.964,9.088,9.059,9.111,-999.000,-999.000,-999.000,12.710,13.232,10.407,10.014,10.937,-999.000,-999.000,-999.000,-999.000,-999.000,-999.000,10.007,9.937,10.097,1.711,-0.716,1.145,15.600,0.696,0.696,0.696,0.747,0.691,0.691,0.685,0.746,0.576,,,,,,,,
2023-11-19,11,13.049,12.757,13.491,13.060,12.758,13.516,13.118,12.820,13.580,13.098,12.790,13.550,11.585,10.998,12.041,12.983,77.549,188.597,53.157,327.705,376.642,86.503,131.854,164.114,333.035,3.944,5910.933,0.000,-999.000,-999.000,100.817,0.200,0.200,9.335,14.620,235.779,7.267,12.640,235.396,0.322,9.283,9.217,9.353,8.969,8.910,9.004,9.114,9.086,9.163,-999.000,-999.000,-999.000,12.714,13.232,11.266,10.937,11.668,-999.000,-999.000,-999.000,-999.000,-999.000,-999.000,10.011,9.970,10.050,2.428,-0.607,1.834,21.489,0.697,0.695,0.696,0.747,0.691,0.691,0.685,0.746,0.576,,,,,,,,
2023-11-19,12,13.396,13.102,13.812,13.406,13.097,13.857,13.449,13.120,13.910,13.434,13.110,13.910,12.020,11.343,12.948,13.332,75.996,188.207,53.094,342.698,378.613,99.199,147.530,111.691,345.987,2.250,5963.700,0.000,-999.000,-999.000,100.797,0.200,0.200,10.143,17.030,237.510,7.948,14.710,237.555,0.322,9.394,9.319,9.476,9.010,8.963,9.053,9.139,9.099,9.170,-999.000,-999.000,-999.000,12.712,13.231,11.897,11.688,12.191,-999.000,-999.000,-999.000,-999.000,-999.000,-999.000,10.011,9.959,10.069,3.381,-0.408,2.734,23.949,0.697,0.695,0.696,0.747,0.691,0.691,0.685,0.746,0.576,,,,,,,,
2023-11-19,13,13.441,13.151,13.703,13.451,13.173,13.698,13.479,13.220,13.730,13.462,13.220,13.700,12.185,11.464,12.618,13.369,74.934,192.427,57.011,347.318,379.170,103.565,149.266,122.871,350.307,3.222,5938.717,0.000,-999.000,-999.000,100.776,0.200,0.200,9.957,16.850,238.445,7.865,14.060,238.248,0.321,9.530,9.459,9.604,9.061,9.021,9.106,9.175,9.149,9.206,-999.000,-999.000,-999.000,12.709,13.226,12.312,12.123,12.510,-999.000,-999.000,-999.000,-999.000,-999.000,-999.000,10.006,9.931,10.066,4.297,-0.153,3.589,24.721,0.697,0.695,0.695,0.747,0.691,0.691,0.685,0.746,0.576,,,,,,,,
2023-11-19,14,13.237,12.835,13.454,13.241,12.842,13.519,13.283,12.880,13.490,13.273,12.880,13.460,11.674,11.447,12.099,13.209,76.460,98.095,22.549,352.508,375.913,52.142,93.018,10.720,353.832,0.472,6094.233,0.000,-999.000,-999.000,100.763,0.200,0.200,9.603,16.970,239.819,7.498,14.000,239.947,0.321,9.656,9.597,9.723,9.106,9.067,9.148,9.189,9.169,9.213,-999.000,-999.000,-999.000,12.703,13.226,12.271,12.079,12.504,-999.000,-999.000,-999.000,-999.000,-999.000,-999.000,10.004,9.940,10.057,5.070,0.127,4.395,20.934,0.697,0.695,0.695,0.747,0.691,0.691,0.685,0.746,0.576,,,,,,,,
2023-11-19,15,12.688,12.239,13.142,12.697,12.267,13.150,12.745,12.290,13.170,12.738,12.290,13.150,10.809,9.929,11.791,12.657,79.750,72.768,18.016,316.770,371.207,0.453,60.625,50.550,323.260,2.139,6203.750,0.000,-999.000,-999.000,100.737,0.200,0.200,8.439,14.350,236.713,6.523,13.160,236.278,0.321,9.779,9.706,9.871,9.157,9.122,9.217,9.209,9.169,9.241,-999.000,-999.000,-999.000,12.703,13.226,11.950,11.500,12.173,-999.000,-999.000,-999.000,-999.000,-999.000,-999.000,9.993,9.934,10.039,5.451,0.417,4.850,15.218,0.697,0.696,0.694,0.747,0.691,0.691,0.685,0.746,0.576,,,,,,,,
2023-11-19,16,12.398,12.099,12.595,12.409,12.124,12.607,12.425,12.140,12.620,12.423,12.110,12.630,10.429,9.967,10.630,12.362,80.695,7.635,0.000,348.965,369.980,-9.373,7.296,0.000,349.865,0.000,6241.417,0.000,-999.000,-999.000,100.726,0.200,0.200,7.077,11.870,235.150,5.410,9.280,234.872,0.321,9.886,9.842,9.922,9.224,9.188,9.282,9.242,9.213,9.269,-999.000,-999.000,-999.000,12.697,13.219,11.160,10.914,11.484,-999.000,-999.000,-999.000,-999.000,-999.000,-999.000,10.011,9.940,10.070,5.318,0.658,4.819,4.868,0.697,0.696,0.694,0.747,0.691,0.691,0.685,0.746,0.576,,,,,,,,
2023-11-19,17,11.868,11.221,12.196,11.872,11.237,12.207,11.917,11.310,12.220,11.912,11.280,12.220,10.276,10.135,10.411,11.847,85.440,0.000,0.000,359.800,368.972,-4.215,0.000,0.000,357.565,0.000,6181.800,0.260,-999.000,-999.000,100.720,0.200,0.200,7.556,12.650,229.179,5.755,11.460,228.233,0.321,9.929,9.906,9.964,9.282,9.252,9.316,9.257,9.227,9.281,-999.000,-999.000,-999.000,12.695,13.218,10.742,10.605,10.888,-999.000,-999.000,-999.000,-999.000,-999.000,-999.000,9.994,9.904,10.085,4.563,0.797,4.208,1.262,0.698,0.696,0.694,0.747,0.691,0.691,0.686,0.746,0.575,,,,,,,,
2023-11-19,18,11.485,11.239,11.743,11.483,11.237,11.762,11.512,11.290,11.790,11.503,11.290,11.790,10.228,10.148,10.295,11.443,90.613,0.000,0.000,364.917,368.235,1.667,0.037,0.000,360.935,0.000,6386.267,0.420,-999.000,-999.000,100.702,0.200,0.200,7.131,11.980,225.847,5.484,9.810,224.869,0.320,9.953,9.932,9.972,9.346,9.284,9.404,9.289,9.252,9.319,-999.000,-999.000,-999.000,12.689,13.214,10.578,10.526,10.626,-999.000,-999.000,-999.000,-999.000,-999.000,-999.000,9.996,9.918,10.071,3.737,0.818,3.528,1.174,0.698,0.696,0.694,0.747,0.691,0.691,0.686,0.747,0.575,,,,,,,,
2023-11-19,19,11.431,11.307,11.558,11.423,11.312,11.570,11.482,11.370,11.630,11.462,11.370,11.610,10.367,10.259,10.451,11.415,92.928,0.000,0.000,366.492,368.873,1.814,0.000,0.000,362.557,0.000,5893.450,1.260,-999.000,-999.000,100.670,0.200,0.200,7.768,12.280,227.835,5.985,10.710,227.548,0.320,9.958,9.933,9.982,9.397,9.358,9.427,9.318,9.293,9.355,-999.000,-999.000,-999.000,12.680,13.209,10.533,10.509,10.565,-999.000,-999.000,-999.000,-999.000,-999.000,-999.000,9.999,9.933,10.072,3.150,0.775,3.013,1.756,0.698,0.697,0.694,0.746,0.692,0.691,0.686,0.746,0.576,,,,,,,,
2023-11-19,20,11.412,11.330,11.489,11.403,11.312,11.484,11.449,11.410,11.490,11.426,11.390,11.480,10.444,10.378,10.510,11.377,94.358,0.000,0.000,367.175,369.253,2.069,0.000,0.000,363.307,0.000,5808.283,1.090,-999.000,-999.000,100.645,0.200,0.200,7.822,12.260,227.408,6.072,11.590,226.692,0.320,9.966,9.929,9.995,9.441,9.401,9.483,9.348,9.309,9.379,-999.000,-999.000,-999.000,12.667,13.202,10.543,10.509,10.562,-999.000,-999.000,-999.000,-999.000,-999.000,-999.000,9.993,9.933,10.048,2.828,0.720,2.677,2.455,0.698,0.697,0.694,0.746,0.692,0.691,0.686,0.746,0.576,,,,,,,,
2023-11-19,21,11.620,11.426,11.739,11.625,11.411,11.755,11.652,11.480,11.760,11.654,11.470,11.780,10.639,10.507,10.711,11.598,94.538,0.000,0.000,368.305,370.272,1.704,0.000,0.000,364.195,0.000,5666.583,0.990,-999.000,-999.000,100.656,0.200,0.200,8.299,14.070,237.556,6.434,11.460,237.344,0.319,9.975,9.952,10.005,9.479,9.454,9.513,9.381,9.355,9.404,-999.000,-999.000,-999.000,12.665,13.196,10.573,10.535,10.601,-999.000,-999.000,-999.000,-999.000,-999.000,-999.000,9.985,9.903,10.068,2.682,0.673,2.468,3.138,0.698,0.697,0.694,0.746,0.692,0.691,0.686,0.746,0.576,,,,,,,,
2023-11-19,22,11.733,11.617,11.947,11.729,11.628,11.929,11.768,11.690,11.940,11.761,11.680,11.970,10.662,10.615,10.713,11.699,94.037,0.000,0.000,367.655,370.695,0.646,0.036,0.000,362.068,0.000,6079.033,0.060,-999.000,-999.000,100.685,0.200,0.200,7.728,12.620,236.778,6.134,9.400,236.575,0.319,9.989,9.965,10.021,9.500,9.465,9.534,9.402,9.378,9.430,-999.000,-999.000,-999.000,12.678,13.204,10.610,10.593,10.631,-999.000,-999.000,-999.000,-999.000,-999.000,-999.000,9.991,9.918,10.047,2.648,0.640,2.369,3.766,0.698,0.697,0.695,0.746,0.692,0.691,0.686,0.746,0.576,,,,,,,,
2023-11-19,23,11.881,11.738,11.997,11.870,11.730,11.985,11.919,11.800,12.030,11.920,11.810,11.990,10.728,10.671,10.766,11.845,93.260,0.000,0.000,368.575,370.872,1.748,0.074,0.000,364.140,0.000,5612.783,0.500,-999.000,-999.000,100.696,0.200,0.200,7.781,12.730,238.565,5.905,9.770,237.998,0.319,10.016,9.991,10.037,9.527,9.485,9.557,9.427,9.397,9.453,-999.000,-999.000,-999.000,12.668,13.205,10.645,10.607,10.689,-999.000,-999.000,-999.000,-999.000,-999.000,-999.000,9.982,9.917,10.050,2.663,0.625,2.354,3.969,0.698,0.697,0.695,0.746,0.692,0.691,0.686,0.747,0.576,,,,,,,,
2023-11-19,24,11.629,11.523,11.801,11.624,11.515,11.813,11.682,11.610,11.820,11.683,11.610,11.830,10.633,10.528,10.726,11.609,94.602,0.000,0.000,367.827,370.450,1.143,0.000,0.000,364.240,0.000,5525.783,0.970,-999.000,-999.000,100.726,0.200,0.200,7.234,12.580,243.841,5.586,10.710,242.209,0.319,10.041,10.007,10.077,9.560,9.531,9.597,9.455,9.427,9.473,-999.000,-999.000,-999.000,12.661,13.200,10.668,10.636,10.696,-999.000,-999.000,-999.000,-999.000,-999.000,-999.000,9.991,9.938,10.057,2.705,0.624,2.356,4.219,0.698,0.697,0.695,0.746,0.692,0.692,0.686,0.746,0.576,,,,,,,,
