2023-09-04,01,11.142,10.520,11.458,11.136,10.509,11.405,11.184,10.590,11.610,11.161,10.570,11.540,8.303,7.790,8.688,11.078,98.657,0.000,0.000,308.180,350.887,-35.662,0.000,0.000,307.182,0.000,2506.450,0.000,-999.000,-999.000,102.766,0.200,0.200,0.966,1.680,2.149,0.646,1.320,331.493,0.430,17.953,17.775,18.125,18.150,18.099,18.203,17.643,17.620,17.667,-999.000,-999.000,-999.000,15.562,13.908,14.200,13.855,14.540,-999.000,-999.000,-999.000,-999.000,-999.000,-999.000,17.347,17.290,17.403,-3.818,-5.723,-5.792,-38.059,0.567,0.646,0.698,0.764,0.532,0.642,0.699,0.763,0.462,,,,,,,,
2023-09-04,02,10.427,10.197,10.656,10.435,10.206,10.685,10.495,10.240,10.820,10.473,10.210,10.810,8.219,7.936,8.583,10.412,98.890,0.000,0.000,307.092,348.923,-35.152,0.000,0.000,305.362,0.000,6336.433,0.000,-999.000,-999.000,102.748,0.200,0.200,1.595,2.040,303.868,0.725,1.290,311.960,0.430,17.652,17.514,17.782,18.070,18.010,18.128,17.654,17.614,17.674,-999.000,-999.000,-999.000,15.552,13.922,13.589,13.323,13.855,-999.000,-999.000,-999.000,-999.000,-999.000,-999.000,17.343,17.294,17.382,-4.965,-7.025,-7.064,-38.307,0.567,0.645,0.697,0.763,0.531,0.641,0.698,0.763,0.461,,,,,,,,
2023-09-04,03,10.140,9.892,10.712,10.140,9.895,10.705,10.206,9.960,10.910,10.188,9.940,10.920,7.942,7.570,8.284,10.119,99.010,0.000,0.000,305.972,348.348,-36.054,0.000,0.000,309.237,0.000,3767.233,0.000,-999.000,-999.000,102.742,0.200,0.200,1.466,2.240,328.379,0.755,1.220,332.712,0.431,17.383,17.241,17.508,17.966,17.911,18.040,17.661,17.641,17.681,-999.000,-999.000,-999.000,15.559,13.919,13.074,12.827,13.316,-999.000,-999.000,-999.000,-999.000,-999.000,-999.000,17.366,17.325,17.431,-5.893,-8.089,-8.054,-37.497,0.566,0.644,0.697,0.763,0.531,0.641,0.698,0.763,0.460,,,,,,,,
2023-09-04,04,9.904,9.537,10.394,9.884,9.499,10.389,9.934,9.600,10.440,9.925,9.560,10.410,7.706,7.058,8.341,9.849,98.998,0.000,0.000,303.978,347.258,-36.820,0.000,0.000,302.895,0.000,4502.217,0.000,-999.000,-999.000,102.703,0.200,0.200,1.646,2.610,326.977,0.690,1.360,339.906,0.431,17.124,16.983,17.261,17.856,17.801,17.908,17.650,17.623,17.669,-999.000,-999.000,-999.000,15.557,13.929,12.599,12.379,12.807,-999.000,-999.000,-999.000,-999.000,-999.000,-999.000,17.378,17.317,17.428,-6.626,-8.894,-8.774,-36.984,0.567,0.643,0.697,0.763,0.530,0.640,0.698,0.763,0.459,,,,,,,,
2023-09-04,05,9.745,9.495,10.256,9.746,9.454,10.315,10.025,9.430,10.510,9.988,9.450,10.530,6.887,6.606,7.253,9.893,99.215,1.941,0.000,302.982,344.560,-32.998,2.036,0.006,302.332,0.000,4183.850,0.000,-999.000,-999.000,102.658,0.200,0.200,1.186,2.130,72.604,0.536,0.870,51.147,0.432,16.863,16.742,16.996,17.759,17.679,17.811,17.602,17.573,17.629,-999.000,-999.000,-999.000,15.545,13.932,12.129,11.910,12.362,-999.000,-999.000,-999.000,-999.000,-999.000,-999.000,17.365,17.319,17.419,-7.222,-9.563,-9.394,-37.266,0.565,0.642,0.697,0.763,0.530,0.640,0.698,0.762,0.459,,,,,,,,
2023-09-04,06,10.409,9.611,11.717,10.422,9.630,11.719,10.524,9.480,11.860,10.511,9.480,11.830,9.446,7.012,13.089,10.407,98.498,67.418,17.791,305.533,358.718,-3.365,36.425,64.671,303.775,7.222,7260.933,0.000,-999.000,-999.000,102.669,0.200,0.200,0.940,3.240,25.822,0.859,1.560,297.479,0.432,16.644,16.542,16.752,17.635,17.548,17.696,17.595,17.549,17.632,-999.000,-999.000,-999.000,15.547,13.926,11.943,11.853,12.255,-999.000,-999.000,-999.000,-999.000,-999.000,-999.000,17.382,17.340,17.453,-7.838,-10.235,-10.124,-33.322,0.565,0.642,0.697,0.763,0.529,0.639,0.698,0.762,0.458,,,,,,,,
2023-09-04,07,13.915,11.806,15.661,14.134,11.768,16.079,14.712,11.940,17.070,14.639,11.920,16.850,15.890,13.207,19.176,14.413,90.898,221.825,63.593,316.967,392.058,83.140,81.181,311.228,314.805,10.000,7766.800,0.000,-999.000,-999.000,102.722,0.200,0.200,1.360,3.290,114.559,1.133,2.800,106.197,0.433,16.478,16.418,16.557,17.511,17.447,17.580,17.563,17.524,17.594,-999.000,-999.000,-999.000,15.539,13.913,13.417,12.284,14.568,-999.000,-999.000,-999.000,-999.000,-999.000,-999.000,17.380,17.345,17.425,-8.008,-10.182,-10.125,-7.701,0.564,0.642,0.696,0.762,0.529,0.638,0.698,0.762,0.459,,,,,,,,
2023-09-04,08,17.306,15.716,18.906,17.599,16.095,19.037,18.076,17.070,18.920,17.957,16.700,18.910,20.281,19.318,21.666,17.699,77.429,363.493,97.528,329.382,413.765,181.581,111.125,600.986,325.643,10.000,7563.200,0.000,-999.000,-999.000,102.725,0.200,0.200,2.211,5.140,95.034,1.773,4.210,92.549,0.435,16.477,16.418,16.541,17.401,17.345,17.462,17.523,17.491,17.566,-999.000,-999.000,-999.000,15.539,13.916,16.116,14.606,17.355,-999.000,-999.000,-999.000,-999.000,-999.000,-999.000,17.388,17.328,17.435,-6.901,-8.856,-8.430,24.180,0.564,0.642,0.696,0.762,0.529,0.638,0.698,0.761,0.461,,,,,,,,
2023-09-04,09,19.999,18.949,20.806,20.048,19.020,20.877,19.635,18.860,20.320,19.614,18.840,20.270,22.030,21.202,23.214,19.544,70.090,531.417,138.559,337.628,426.795,303.692,128.691,725.052,330.483,10.000,7755.433,0.000,-999.000,-999.000,102.713,0.200,0.200,3.755,6.530,119.860,2.983,5.140,119.387,0.435,16.679,16.544,16.848,17.305,17.252,17.357,17.498,17.479,17.538,-999.000,-999.000,-999.000,15.549,13.921,18.536,17.388,19.570,-999.000,-999.000,-999.000,-999.000,-999.000,-999.000,17.412,17.358,17.462,-4.560,-6.662,-5.439,40.507,0.564,0.642,0.696,0.761,0.529,0.637,0.698,0.761,0.463,,,,,,,,
2023-09-04,10,21.774,20.691,22.646,21.826,20.708,22.740,21.236,20.230,22.110,21.233,20.240,22.120,24.473,23.081,25.540,21.219,64.754,609.608,150.840,345.622,441.523,362.866,136.273,711.266,337.402,10.000,7797.600,0.000,-999.000,-999.000,102.691,0.200,0.200,3.217,5.330,122.548,2.596,4.610,119.341,0.436,17.062,16.844,17.293,17.244,17.206,17.291,17.458,17.430,17.495,-999.000,-999.000,-999.000,15.549,13.928,20.719,19.622,21.725,-999.000,-999.000,-999.000,-999.000,-999.000,-999.000,17.422,17.333,17.473,-1.837,-3.961,-1.987,53.367,0.565,0.641,0.696,0.761,0.529,0.637,0.698,0.761,0.465,,,,,,,,
2023-09-04,11,22.949,22.142,23.635,22.981,22.127,23.695,22.354,21.860,22.950,22.371,21.840,22.970,25.137,24.501,26.197,22.372,60.019,588.809,139.727,351.578,445.630,355.030,169.829,562.025,344.680,10.000,7902.467,0.000,-999.000,-999.000,102.662,0.200,0.200,3.166,5.840,114.199,2.675,5.390,112.609,0.436,17.580,17.316,17.830,17.219,17.203,17.239,17.422,17.393,17.459,-999.000,-999.000,-999.000,15.569,13.925,22.371,21.768,22.869,-999.000,-999.000,-999.000,-999.000,-999.000,-999.000,17.434,17.396,17.479,1.175,-1.147,1.837,56.450,0.565,0.641,0.695,0.760,0.528,0.636,0.697,0.760,0.466,,,,,,,,
2023-09-04,12,24.124,23.551,24.579,24.162,23.542,24.656,23.312,22.690,24.060,23.337,22.740,24.070,26.405,25.502,27.406,23.356,58.155,678.212,161.537,357.860,453.798,420.737,184.190,647.453,349.802,10.000,7904.983,0.000,-999.000,-999.000,102.598,0.200,0.200,3.448,6.030,108.060,2.815,5.490,106.583,0.437,18.116,17.840,18.368,17.251,17.209,17.291,17.382,17.351,17.413,-999.000,-999.000,-999.000,15.550,13.926,23.561,22.882,24.197,-999.000,-999.000,-999.000,-999.000,-999.000,-999.000,17.433,17.383,17.467,4.125,1.470,5.480,56.745,0.565,0.641,0.693,0.759,0.528,0.636,0.697,0.759,0.467,,,,,,,,
2023-09-04,13,25.057,24.227,25.524,25.091,24.202,25.587,24.138,23.610,24.520,24.184,23.640,24.550,27.419,26.146,28.405,24.211,54.699,741.586,178.673,361.732,460.092,464.553,148.790,803.273,350.937,10.000,7925.617,0.000,-999.000,-999.000,102.567,0.200,0.200,3.512,6.440,107.955,2.942,7.010,108.162,0.438,18.659,18.387,18.938,17.323,17.284,17.381,17.345,17.323,17.380,-999.000,-999.000,-999.000,15.547,13.925,24.721,24.204,25.186,-999.000,-999.000,-999.000,-999.000,-999.000,-999.000,17.431,17.379,17.480,6.814,3.794,8.726,58.251,0.564,0.641,0.691,0.758,0.527,0.635,0.697,0.758,0.467,,,,,,,,
2023-09-04,14,25.583,25.308,26.017,25.598,25.288,26.083,24.770,24.160,25.120,24.814,24.170,25.180,27.141,26.432,27.957,24.867,50.609,642.180,157.720,359.450,456.690,387.220,127.545,754.881,349.558,10.000,7969.767,0.000,-999.000,-999.000,102.493,0.200,0.200,3.401,5.940,113.312,2.776,5.390,113.605,0.438,19.229,18.951,19.530,17.434,17.374,17.498,17.325,17.300,17.362,-999.000,-999.000,-999.000,15.541,13.930,25.327,25.189,25.385,-999.000,-999.000,-999.000,-999.000,-999.000,-999.000,17.433,17.384,17.475,9.289,5.918,11.506,51.883,0.563,0.641,0.690,0.758,0.526,0.635,0.697,0.757,0.467,,,,,,,,
2023-09-04,15,25.299,24.761,25.962,25.330,24.781,25.978,24.502,24.120,25.010,24.541,24.170,25.050,25.109,23.818,27.545,24.536,54.763,386.425,94.567,359.585,442.798,208.644,160.064,370.162,354.952,10.000,7976.050,0.000,-999.000,-999.000,102.442,0.200,0.200,3.688,5.740,105.144,2.839,5.230,103.535,0.439,19.723,19.529,19.892,17.574,17.478,17.657,17.324,17.298,17.347,-999.000,-999.000,-999.000,15.542,13.929,24.855,24.157,25.313,-999.000,-999.000,-999.000,-999.000,-999.000,-999.000,17.437,17.396,17.491,11.013,7.450,12.984,33.932,0.563,0.642,0.689,0.758,0.526,0.634,0.697,0.757,0.465,,,,,,,,
2023-09-04,16,25.073,24.836,25.322,25.123,24.838,25.379,24.425,24.040,24.670,24.454,24.070,24.690,24.994,23.557,25.826,24.412,56.587,362.080,94.351,361.508,440.455,188.782,181.592,383.475,357.727,10.000,7962.767,0.000,-999.000,-999.000,102.383,0.200,0.200,3.544,6.560,93.104,2.782,5.580,92.465,0.439,20.028,19.895,20.131,17.741,17.651,17.825,17.316,17.283,17.355,-999.000,-999.000,-999.000,15.533,13.925,23.950,23.681,24.161,-999.000,-999.000,-999.000,-999.000,-999.000,-999.000,17.426,17.362,17.481,11.446,8.116,12.715,20.273,0.562,0.643,0.689,0.757,0.526,0.634,0.697,0.757,0.462,,,,,,,,
2023-09-04,17,24.189,23.674,24.755,24.217,23.714,24.788,23.666,23.190,24.060,23.690,23.230,24.090,22.873,22.121,23.783,23.649,59.232,195.287,49.691,357.872,427.707,75.761,130.052,200.861,355.587,9.472,7945.650,0.000,-999.000,-999.000,102.345,0.200,0.200,3.309,5.820,88.716,2.573,4.880,88.270,0.440,20.176,20.111,20.219,17.896,17.822,17.978,17.349,17.327,17.377,-999.000,-999.000,-999.000,15.540,13.925,23.027,22.407,23.679,-999.000,-999.000,-999.000,-999.000,-999.000,-999.000,17.432,17.385,17.492,10.947,8.028,11.790,9.263,0.561,0.643,0.688,0.757,0.526,0.634,0.696,0.757,0.459,,,,,,,,
2023-09-04,18,22.599,21.077,23.688,22.581,21.027,23.725,21.881,20.260,23.290,21.876,20.280,23.290,20.030,17.306,22.390,21.840,68.093,66.293,11.695,352.680,410.623,-3.037,52.627,54.053,350.910,0.861,7904.183,0.000,-999.000,-999.000,102.310,0.200,0.200,2.365,3.950,58.583,1.491,3.620,52.620,0.440,20.218,20.177,20.252,18.049,17.968,18.133,17.382,17.341,17.425,-999.000,-999.000,-999.000,15.535,13.926,21.867,21.232,22.394,-999.000,-999.000,-999.000,-999.000,-999.000,-999.000,17.423,17.386,17.468,9.919,7.510,10.432,-2.065,0.563,0.643,0.688,0.758,0.527,0.635,0.696,0.757,0.456,,,,,,,,
2023-09-04,19,19.863,19.329,20.988,19.843,19.321,21.002,19.402,18.960,20.160,19.389,18.930,20.170,15.544,15.051,17.230,19.353,77.247,2.906,0.000,346.172,390.042,-34.655,2.321,1.750,344.145,0.000,7914.183,0.000,-999.000,-999.000,102.264,0.200,0.200,2.491,3.990,55.012,1.298,2.440,49.170,0.441,20.105,20.008,20.205,18.176,18.103,18.237,17.428,17.394,17.462,-999.000,-999.000,-999.000,15.540,13.930,20.432,19.667,21.223,-999.000,-999.000,-999.000,-999.000,-999.000,-999.000,17.422,17.378,17.457,8.221,6.545,8.394,-14.723,0.561,0.643,0.688,0.758,0.526,0.635,0.696,0.757,0.454,,,,,,,,
2023-09-04,20,19.399,19.119,19.838,19.400,19.112,19.873,19.597,18.910,20.340,19.550,18.880,20.330,16.081,15.197,16.732,19.536,70.739,0.000,0.000,343.015,395.452,-47.330,0.000,0.000,340.318,0.000,7937.200,0.000,-999.000,-999.000,102.193,0.200,0.200,3.159,5.410,88.351,1.982,3.620,85.930,0.442,19.826,19.666,20.002,18.274,18.228,18.311,17.485,17.437,17.510,-999.000,-999.000,-999.000,15.557,13.940,19.075,18.572,19.644,-999.000,-999.000,-999.000,-999.000,-999.000,-999.000,17.437,17.386,17.485,5.809,4.922,5.509,-23.129,0.559,0.643,0.688,0.758,0.526,0.635,0.696,0.758,0.451,,,,,,,,
2023-09-04,21,18.704,18.430,19.673,18.699,18.448,19.708,18.569,18.240,19.490,18.540,18.210,19.430,13.929,12.996,15.947,18.503,72.765,0.000,0.000,341.080,383.095,-35.830,0.000,0.000,345.073,0.000,7961.200,0.000,-999.000,-999.000,102.163,0.200,0.200,1.943,3.870,69.529,1.031,2.260,46.182,0.442,19.554,19.404,19.675,18.332,18.304,18.362,17.525,17.494,17.568,-999.000,-999.000,-999.000,15.539,13.936,18.099,17.672,18.566,-999.000,-999.000,-999.000,-999.000,-999.000,-999.000,17.415,17.366,17.462,3.711,3.418,3.188,-25.344,0.559,0.642,0.688,0.758,0.525,0.635,0.696,0.758,0.450,,,,,,,,
2023-09-04,22,19.094,18.648,19.281,19.084,18.659,19.278,19.445,19.130,19.800,19.403,19.090,19.770,15.002,14.069,15.945,19.381,69.829,0.000,0.000,345.205,390.772,-40.190,0.000,0.000,343.313,0.000,7984.883,0.000,-999.000,-999.000,102.124,0.200,0.200,2.710,4.830,87.461,1.650,3.530,83.798,0.443,19.278,19.149,19.414,18.355,18.323,18.386,17.574,17.545,17.597,-999.000,-999.000,-999.000,15.534,13.924,17.404,17.151,17.659,-999.000,-999.000,-999.000,-999.000,-999.000,-999.000,17.410,17.368,17.453,1.920,1.996,1.204,-24.924,0.558,0.642,0.688,0.758,0.525,0.635,0.696,0.758,0.448,,,,,,,,
2023-09-04,23,18.790,17.259,19.277,18.788,17.243,19.272,18.825,17.090,19.590,18.797,17.090,19.520,15.047,13.213,16.212,18.761,71.954,0.000,0.000,343.850,388.737,-38.924,0.000,0.000,352.527,0.000,7972.817,0.000,-999.000,-999.000,102.101,0.200,0.200,2.316,4.760,71.807,1.407,4.160,58.243,0.444,19.029,18.939,19.146,18.351,18.323,18.377,17.602,17.582,17.629,-999.000,-999.000,-999.000,15.528,13.932,16.966,16.725,17.150,-999.000,-999.000,-999.000,-999.000,-999.000,-999.000,17.403,17.353,17.439,0.593,0.884,-0.159,-23.098,0.557,0.642,0.688,0.758,0.525,0.634,0.696,0.758,0.447,,,,,,,,
2023-09-04,24,14.813,13.898,17.064,14.840,13.937,17.058,14.873,14.000,17.020,14.844,13.970,17.000,12.678,12.345,13.164,14.749,90.598,0.000,0.000,336.445,376.640,-32.340,0.000,0.000,334.275,0.000,7987.150,0.000,-999.000,-999.000,102.092,0.200,0.200,1.712,2.630,350.165,1.088,2.040,312.710,0.444,18.829,18.731,18.948,18.321,18.281,18.356,17.645,17.615,17.666,-999.000,-999.000,-999.000,15.535,13.933,16.395,16.065,16.722,-999.000,-999.000,-999.000,-999.000,-999.000,-999.000,17.411,17.367,17.447,-0.287,0.183,-1.067,-25.041,0.558,0.641,0.688,0.758,0.524,0.634,0.696,0.757,0.446,,,,,,,,
