2023-09-09,01,17.279,16.671,17.631,17.270,16.613,17.612,17.291,16.800,17.640,17.285,16.770,17.640,14.165,13.850,14.883,17.271,97.800,0.000,0.000,353.547,385.265,-23.505,0.000,0.000,354.693,0.000,4191.083,0.000,-999.000,-999.000,101.579,0.200,0.200,1.248,2.340,163.527,0.632,1.670,216.770,0.520,19.927,19.813,20.063,19.526,19.501,19.552,18.621,18.595,18.647,-999.000,-999.000,-999.000,15.485,13.970,20.542,20.267,20.845,-999.000,-999.000,-999.000,-999.000,-999.000,-999.000,18.463,18.422,18.496,-0.222,-0.518,-1.347,-26.948,0.419,0.590,0.686,0.751,0.483,0.614,0.697,0.751,0.404,,,,,,,,
2023-09-09,02,16.883,16.228,17.430,16.863,16.270,17.399,16.845,16.120,17.480,16.831,16.080,17.450,13.895,13.280,14.903,16.810,98.247,0.000,0.000,351.827,382.122,-22.577,0.000,0.000,352.952,0.000,2616.183,0.000,-999.000,-999.000,101.576,0.200,0.200,1.467,1.990,152.114,0.461,0.900,144.825,0.521,19.685,19.560,19.810,19.463,19.422,19.518,18.646,18.624,18.658,-999.000,-999.000,-999.000,15.500,13.963,19.992,19.700,20.261,-999.000,-999.000,-999.000,-999.000,-999.000,-999.000,18.501,18.461,18.536,-1.124,-1.479,-2.435,-26.945,0.418,0.589,0.686,0.750,0.482,0.614,0.697,0.751,0.403,,,,,,,,
2023-09-09,03,15.721,15.320,16.172,15.717,15.329,16.208,15.701,15.420,16.050,15.674,15.400,16.040,13.628,13.065,14.062,15.628,98.452,0.000,0.000,356.188,381.228,-16.864,0.000,0.000,356.760,0.000,1799.700,0.000,-999.000,-999.000,101.556,0.200,0.200,0.636,1.190,215.765,0.362,0.840,205.146,0.521,19.472,19.389,19.587,19.407,19.365,19.441,18.652,18.635,18.676,-999.000,-999.000,-999.000,15.499,13.976,19.498,19.314,19.700,-999.000,-999.000,-999.000,-999.000,-999.000,-999.000,18.508,18.474,18.537,-1.841,-2.290,-3.300,-26.766,0.417,0.588,0.686,0.750,0.482,0.614,0.697,0.751,0.403,,,,,,,,
2023-09-09,04,15.058,14.716,15.463,15.055,14.698,15.504,15.107,14.820,15.600,15.087,14.770,15.620,13.549,13.184,13.825,15.040,98.623,0.000,0.000,355.153,381.302,-17.937,0.000,0.000,355.728,0.000,1712.117,0.000,-999.000,-999.000,101.554,0.200,0.200,0.619,1.230,172.816,0.341,1.260,157.503,0.522,19.280,19.179,19.379,19.325,19.281,19.378,18.667,18.637,18.690,-999.000,-999.000,-999.000,15.498,13.969,19.126,18.903,19.298,-999.000,-999.000,-999.000,-999.000,-999.000,-999.000,18.534,18.476,18.578,-2.404,-2.993,-3.976,-25.793,0.416,0.587,0.687,0.750,0.481,0.615,0.697,0.751,0.402,,,,,,,,
2023-09-09,05,14.901,14.647,15.269,14.915,14.645,15.238,14.894,14.640,15.280,14.867,14.590,15.220,13.742,12.956,14.303,14.828,98.852,0.078,0.000,364.298,382.595,-10.542,0.172,0.000,364.260,0.000,1564.633,0.000,-999.000,-999.000,101.567,0.200,0.200,1.081,1.550,154.725,0.530,1.030,168.197,0.523,19.090,18.986,19.183,19.240,19.198,19.291,18.653,18.634,18.676,-999.000,-999.000,-999.000,15.503,13.970,18.776,18.708,18.903,-999.000,-999.000,-999.000,-999.000,-999.000,-999.000,18.550,18.515,18.601,-2.830,-3.468,-4.431,-24.998,0.414,0.586,0.687,0.750,0.481,0.615,0.698,0.751,0.401,,,,,,,,
2023-09-09,06,14.406,14.252,14.656,14.406,14.254,14.665,14.490,14.260,15.020,14.461,14.260,14.960,14.462,13.982,15.150,14.412,98.940,24.524,1.266,361.458,385.882,1.987,24.671,0.000,362.238,0.000,1141.017,0.000,-999.000,-999.000,101.591,0.200,0.200,0.468,1.100,142.936,0.435,0.900,160.377,0.524,18.934,18.877,19.010,19.160,19.114,19.205,18.644,18.628,18.661,-999.000,-999.000,-999.000,15.499,13.972,18.667,18.618,18.718,-999.000,-999.000,-999.000,-999.000,-999.000,-999.000,18.581,18.552,18.620,-3.099,-3.752,-4.647,-21.798,0.415,0.586,0.687,0.750,0.480,0.615,0.697,0.751,0.401,,,,,,,,
2023-09-09,07,15.658,14.715,16.369,15.669,14.737,16.438,15.800,15.050,16.710,15.750,15.010,16.680,16.961,15.246,18.559,15.659,99.307,109.342,23.251,363.895,400.455,49.531,104.334,2.393,365.885,0.167,1615.817,0.000,-999.000,-999.000,101.648,0.200,0.200,0.510,0.920,165.044,0.453,0.880,164.333,0.525,18.832,18.786,18.884,19.076,19.013,19.144,18.636,18.599,18.674,-999.000,-999.000,-999.000,15.498,13.970,19.026,18.689,19.442,-999.000,-999.000,-999.000,-999.000,-999.000,-999.000,18.591,18.552,18.639,-3.005,-3.666,-4.381,-12.809,0.414,0.585,0.687,0.750,0.480,0.615,0.698,0.751,0.401,,,,,,,,
2023-09-09,08,17.684,16.330,18.626,17.713,16.387,18.635,17.982,16.740,18.910,17.909,16.720,18.850,20.607,18.608,22.170,17.777,98.850,234.413,59.382,352.242,416.965,110.308,200.578,32.628,357.857,6.806,6663.983,0.000,-999.000,-999.000,101.708,0.200,0.200,0.612,1.410,132.973,0.538,1.500,130.726,0.526,18.819,18.773,18.875,18.996,18.952,19.052,18.613,18.583,18.653,-999.000,-999.000,-999.000,15.495,13.969,20.181,19.474,21.003,-999.000,-999.000,-999.000,-999.000,-999.000,-999.000,18.610,18.570,18.666,-2.167,-2.977,-3.243,3.385,0.414,0.585,0.687,0.750,0.479,0.614,0.697,0.751,0.402,,,,,,,,
2023-09-09,09,19.674,18.502,20.994,19.726,18.493,21.332,19.736,18.630,21.150,19.665,18.550,21.040,25.520,21.798,28.502,19.556,96.427,434.004,117.767,352.862,437.732,231.367,174.319,465.122,354.433,9.583,7999.000,0.000,-999.000,-999.000,101.767,0.200,0.200,0.634,1.490,177.198,0.619,1.670,172.861,0.527,18.924,18.834,19.027,18.938,18.888,18.983,18.594,18.571,18.620,-999.000,-999.000,-999.000,15.496,13.974,22.259,21.015,23.901,-999.000,-999.000,-999.000,-999.000,-999.000,-999.000,18.635,18.591,18.680,-0.501,-1.799,-1.192,26.869,0.414,0.585,0.686,0.750,0.479,0.614,0.697,0.751,0.404,,,,,,,,
2023-09-09,10,22.861,20.646,24.365,22.987,21.209,24.371,23.054,20.800,24.510,22.913,20.590,24.490,30.029,28.443,31.858,22.793,80.553,576.593,149.886,366.362,457.690,335.379,142.937,657.609,365.408,10.000,7999.000,0.000,-999.000,-999.000,101.779,0.200,0.200,0.822,1.970,243.613,0.775,1.810,228.013,0.528,19.176,19.026,19.340,18.898,18.862,18.929,18.578,18.548,18.605,-999.000,-999.000,-999.000,15.501,13.976,25.496,23.947,26.978,-999.000,-999.000,-999.000,-999.000,-999.000,-999.000,18.665,18.620,18.705,1.803,-0.084,1.772,56.755,0.414,0.585,0.686,0.751,0.479,0.611,0.697,0.752,0.408,,,,,,,,
2023-09-09,11,25.062,24.244,25.842,25.069,24.254,25.810,25.299,24.350,25.960,25.237,24.280,25.950,31.462,30.264,32.948,25.167,61.873,650.000,163.379,378.462,465.360,399.723,142.247,703.585,372.608,10.000,7999.000,0.000,-999.000,-999.000,101.762,0.200,0.200,1.674,4.640,334.676,1.495,4.050,331.796,0.528,19.566,19.337,19.791,18.875,18.840,18.901,18.553,18.529,18.576,-999.000,-999.000,-999.000,15.501,13.973,28.334,27.041,29.402,-999.000,-999.000,-999.000,-999.000,-999.000,-999.000,18.689,18.646,18.737,4.756,2.201,5.628,72.780,0.411,0.585,0.685,0.753,0.479,0.611,0.696,0.752,0.412,,,,,,,,
2023-09-09,12,26.169,25.823,26.492,26.157,25.810,26.495,26.236,25.920,26.610,26.199,25.870,26.610,31.450,30.412,32.335,26.163,59.373,668.277,166.261,386.217,468.747,419.486,157.004,689.288,378.882,10.000,7999.000,0.000,-999.000,-999.000,101.748,0.200,0.200,2.862,5.480,347.205,2.295,4.780,347.335,0.529,20.025,19.784,20.254,18.901,18.869,18.933,18.537,18.511,18.557,-999.000,-999.000,-999.000,15.489,13.966,30.175,29.438,30.896,-999.000,-999.000,-999.000,-999.000,-999.000,-999.000,18.707,18.658,18.751,7.441,4.492,9.148,75.026,0.409,0.583,0.684,0.752,0.478,0.612,0.696,0.752,0.417,,,,,,,,
2023-09-09,13,26.927,26.270,27.813,26.951,26.245,27.963,26.881,26.290,27.320,26.846,26.280,27.290,32.599,31.851,33.180,26.820,57.956,646.653,160.830,391.153,473.840,403.137,149.258,688.480,384.872,10.000,7999.000,0.000,-999.000,-999.000,101.745,0.200,0.200,2.079,3.680,355.652,1.703,3.590,356.277,0.529,20.471,20.249,20.720,18.951,18.916,19.002,18.508,18.480,18.547,-999.000,-999.000,-999.000,15.495,13.971,31.648,30.939,32.186,-999.000,-999.000,-999.000,-999.000,-999.000,-999.000,18.716,18.691,18.742,9.601,6.306,11.811,75.862,0.406,0.579,0.683,0.749,0.477,0.615,0.695,0.750,0.421,,,,,,,,
2023-09-09,14,27.861,27.239,28.653,27.906,27.196,28.756,27.485,26.990,27.820,27.457,26.910,27.810,32.362,31.331,33.117,27.411,54.323,574.071,144.567,393.378,472.908,349.974,123.913,680.233,387.958,10.000,7187.133,0.000,-999.000,-999.000,101.729,0.200,0.200,1.632,3.870,15.090,1.430,4.520,13.219,0.529,20.926,20.717,21.143,19.051,19.003,19.110,18.506,18.484,18.541,-999.000,-999.000,-999.000,15.490,13.971,32.420,32.190,32.557,-999.000,-999.000,-999.000,-999.000,-999.000,-999.000,18.733,18.704,18.771,11.557,7.735,14.123,69.349,0.401,0.574,0.683,0.748,0.476,0.619,0.694,0.750,0.423,,,,,,,,
2023-09-09,15,28.192,27.852,28.726,28.182,27.849,28.720,28.008,27.580,28.790,27.988,27.530,28.860,31.567,30.389,32.524,28.026,52.497,467.772,120.440,395.603,469.715,273.220,106.191,641.104,391.943,10.000,6378.983,0.000,-999.000,-999.000,101.708,0.200,0.200,1.490,3.790,6.400,1.219,2.930,6.721,0.530,21.336,21.140,21.516,19.164,19.107,19.226,18.517,18.494,18.545,-999.000,-999.000,-999.000,15.509,13.970,32.482,32.236,32.574,-999.000,-999.000,-999.000,-999.000,-999.000,-999.000,18.766,18.741,18.794,12.853,8.751,15.636,57.829,0.398,0.571,0.683,0.747,0.475,0.622,0.694,0.750,0.425,,,,,,,,
2023-09-09,16,28.147,27.674,28.677,28.173,27.629,28.772,27.783,27.630,27.940,27.749,27.620,27.930,29.762,28.796,30.880,27.760,53.820,320.737,86.426,395.723,460.105,169.929,94.794,529.865,393.572,10.000,7999.000,0.000,-999.000,-999.000,101.695,0.200,0.200,1.676,3.080,18.174,1.349,2.970,15.958,0.530,21.661,21.520,21.785,19.300,19.248,19.357,18.527,18.497,18.552,-999.000,-999.000,-999.000,15.506,13.981,31.695,31.094,32.224,-999.000,-999.000,-999.000,-999.000,-999.000,-999.000,18.776,18.741,18.805,13.494,9.314,15.951,40.363,0.395,0.569,0.683,0.747,0.475,0.624,0.694,0.750,0.426,,,,,,,,
2023-09-09,17,27.761,27.282,28.195,27.658,27.282,27.979,27.625,27.330,27.880,27.634,27.330,27.840,27.359,25.640,28.790,28.002,55.615,162.794,43.955,392.923,450.400,61.362,62.509,379.246,393.363,10.000,7999.000,0.000,-999.000,-999.000,101.681,0.200,0.200,1.100,1.800,333.592,0.826,1.700,328.325,0.531,21.860,21.792,21.912,19.446,19.357,19.526,18.556,18.535,18.593,-999.000,-999.000,-999.000,15.503,13.978,30.297,29.490,31.077,-999.000,-999.000,-999.000,-999.000,-999.000,-999.000,18.783,18.757,18.812,13.158,9.368,15.120,22.117,0.392,0.569,0.683,0.747,0.475,0.623,0.694,0.751,0.424,,,,,,,,
2023-09-09,18,25.861,24.375,27.268,25.819,24.416,27.287,25.725,24.230,27.320,25.729,24.230,27.300,22.720,19.852,25.564,25.746,70.835,44.525,6.253,385.220,429.310,-2.721,23.618,126.911,387.408,3.028,7999.000,0.000,-999.000,-999.000,101.696,0.200,0.200,0.938,1.520,322.161,0.536,1.090,296.849,0.532,21.920,21.874,21.952,19.583,19.509,19.669,18.590,18.557,18.618,-999.000,-999.000,-999.000,15.512,13.986,28.573,27.625,29.467,-999.000,-999.000,-999.000,-999.000,-999.000,-999.000,18.798,18.752,18.835,12.178,8.944,13.456,4.706,0.392,0.568,0.683,0.748,0.475,0.621,0.695,0.751,0.421,,,,,,,,
2023-09-09,19,22.807,21.398,24.310,22.785,21.366,24.290,22.321,21.000,24.140,22.329,21.040,24.140,18.361,17.166,19.813,22.286,86.045,0.420,0.000,373.637,405.585,-20.965,0.079,0.000,375.975,0.000,7999.000,0.000,-999.000,-999.000,101.716,0.200,0.200,0.735,1.250,359.193,0.429,0.710,100.076,0.532,21.798,21.684,21.897,19.708,19.634,19.772,18.629,18.577,18.668,-999.000,-999.000,-999.000,15.506,13.982,26.645,25.765,27.600,-999.000,-999.000,-999.000,-999.000,-999.000,-999.000,18.806,18.761,18.856,10.225,8.060,10.879,-12.320,0.391,0.569,0.684,0.748,0.475,0.619,0.695,0.751,0.417,,,,,,,,
2023-09-09,20,20.178,19.699,21.256,20.175,19.733,21.247,20.071,19.610,21.060,20.057,19.560,21.070,16.896,16.202,17.468,19.956,93.992,0.000,0.000,367.567,398.893,-21.960,0.000,0.000,369.323,0.000,7083.050,0.000,-999.000,-999.000,101.746,0.200,0.200,0.464,0.900,332.299,0.336,0.930,350.824,0.533,21.513,21.327,21.684,19.799,19.748,19.853,18.685,18.649,18.727,-999.000,-999.000,-999.000,15.508,13.981,25.052,24.414,25.743,-999.000,-999.000,-999.000,-999.000,-999.000,-999.000,18.821,18.768,18.878,7.230,6.295,7.333,-20.769,0.391,0.568,0.685,0.748,0.475,0.618,0.696,0.750,0.414,,,,,,,,
2023-09-09,21,18.993,18.405,19.822,18.951,18.379,19.765,18.899,18.430,19.660,18.888,18.400,19.630,15.878,15.488,16.325,18.812,96.592,0.000,0.000,362.853,393.142,-21.288,0.000,0.000,364.672,0.000,4118.667,0.000,-999.000,-999.000,101.758,0.200,0.200,0.656,1.100,304.512,0.454,0.910,297.357,0.534,21.180,21.009,21.321,19.844,19.815,19.878,18.736,18.700,18.769,-999.000,-999.000,-999.000,15.516,13.989,23.862,23.356,24.381,-999.000,-999.000,-999.000,-999.000,-999.000,-999.000,18.844,18.793,18.882,4.550,4.217,4.202,-24.187,0.389,0.568,0.686,0.748,0.475,0.618,0.696,0.750,0.411,,,,,,,,
2023-09-09,22,17.937,17.246,18.720,17.940,17.294,18.708,17.988,17.320,18.800,17.973,17.320,18.770,15.262,14.741,15.841,17.899,97.477,0.000,0.000,358.518,389.122,-22.470,0.000,0.000,359.673,0.000,4803.767,0.000,-999.000,-999.000,101.754,0.200,0.200,0.822,1.260,334.579,0.517,1.100,315.334,0.534,20.851,20.686,21.002,19.869,19.842,19.895,18.776,18.726,18.818,-999.000,-999.000,-999.000,15.505,13.986,22.914,22.463,23.334,-999.000,-999.000,-999.000,-999.000,-999.000,-999.000,18.839,18.793,18.886,2.422,2.358,1.802,-25.778,0.387,0.568,0.687,0.747,0.475,0.617,0.697,0.750,0.408,,,,,,,,
2023-09-09,23,17.286,16.856,17.629,17.278,16.904,17.616,17.331,16.810,17.790,17.326,16.820,17.760,14.592,14.220,14.884,17.263,97.653,0.000,0.000,357.098,386.293,-20.648,0.000,0.000,358.210,0.000,6725.683,0.000,-999.000,-999.000,101.743,0.200,0.200,0.524,0.800,303.716,0.415,0.820,288.491,0.535,20.539,20.410,20.683,19.832,19.804,19.863,18.809,18.775,18.841,-999.000,-999.000,-999.000,15.512,13.987,22.085,21.728,22.454,-999.000,-999.000,-999.000,-999.000,-999.000,-999.000,18.851,18.814,18.910,0.769,0.736,-0.008,-26.980,0.386,0.567,0.687,0.747,0.475,0.618,0.697,0.750,0.406,,,,,,,,
2023-09-09,24,16.755,16.414,16.966,16.748,16.402,16.977,16.759,16.370,17.080,16.752,16.340,17.060,14.321,14.127,14.471,16.718,97.817,0.000,0.000,359.133,386.600,-18.561,0.000,0.000,360.982,0.000,4615.367,0.000,-999.000,-999.000,101.739,0.200,0.200,0.748,1.110,289.934,0.316,0.700,291.850,0.535,20.271,20.134,20.410,19.800,19.762,19.841,18.855,18.824,18.893,-999.000,-999.000,-999.000,15.499,13.972,21.416,21.108,21.732,-999.000,-999.000,-999.000,-999.000,-999.000,-999.000,18.870,18.822,18.931,-0.455,-0.596,-1.481,-26.889,0.386,0.566,0.687,0.747,0.475,0.619,0.697,0.750,0.405,,,,,,,,
