2023-07-21,01,13.847,13.374,14.235,13.846,13.382,14.236,13.889,13.380,14.330,13.895,13.390,14.310,12.116,11.638,12.960,13.847,92.018,0.000,0.000,351.770,375.895,-15.611,0.000,0.000,348.393,0.000,7999.000,0.000,-999.000,-999.000,101.218,0.200,0.200,0.679,1.340,312.604,0.474,1.140,253.295,0.828,18.771,18.642,18.877,19.156,19.079,19.230,18.654,18.627,18.680,-999.000,-999.000,-999.000,14.881,12.897,18.878,18.558,19.225,-999.000,-999.000,-999.000,-999.000,-999.000,-999.000,19.460,19.433,19.483,-2.681,-2.557,-3.488,-29.491,0.187,0.255,0.221,0.607,0.234,0.317,0.357,0.606,0.432,,,,,,,,
2023-07-21,02,13.293,13.160,13.461,13.298,13.159,13.475,13.332,13.180,13.490,13.337,13.130,13.520,11.718,11.062,12.318,13.306,91.433,0.000,0.000,352.548,373.737,-13.319,0.000,0.000,348.668,0.000,7975.850,0.000,-999.000,-999.000,101.179,0.200,0.200,1.217,1.790,316.833,0.638,1.180,304.168,0.828,18.498,18.359,18.645,19.052,18.984,19.115,18.639,18.622,18.655,-999.000,-999.000,-999.000,14.893,12.903,18.247,18.090,18.531,-999.000,-999.000,-999.000,-999.000,-999.000,-999.000,19.454,19.434,19.490,-3.195,-2.986,-4.145,-31.282,0.187,0.254,0.221,0.607,0.233,0.317,0.357,0.606,0.430,,,,,,,,
2023-07-21,03,12.957,12.373,13.247,12.953,12.382,13.271,12.975,12.350,13.350,12.962,12.290,13.370,10.685,9.624,12.090,12.964,92.798,0.000,0.000,336.950,367.188,-22.019,0.000,0.000,333.455,0.000,7955.967,0.000,-999.000,-999.000,101.130,0.200,0.200,0.877,1.410,238.646,0.561,0.990,199.696,0.829,18.246,18.115,18.366,18.939,18.872,18.997,18.627,18.610,18.646,-999.000,-999.000,-999.000,14.884,12.903,17.710,17.303,18.076,-999.000,-999.000,-999.000,-999.000,-999.000,-999.000,19.462,19.438,19.490,-3.777,-3.502,-4.842,-31.838,0.187,0.254,0.221,0.607,0.233,0.316,0.357,0.606,0.428,,,,,,,,
2023-07-21,04,11.595,11.063,12.356,11.604,11.082,12.385,11.665,11.180,12.360,11.633,11.150,12.320,9.486,8.795,10.766,11.540,96.118,1.691,0.000,330.855,360.538,-20.144,1.899,0.000,326.958,0.000,6594.583,0.000,-999.000,-999.000,101.109,0.200,0.200,1.268,2.200,298.059,0.650,1.260,308.456,0.829,17.940,17.770,18.109,18.819,18.746,18.886,18.610,18.586,18.647,-999.000,-999.000,-999.000,14.885,12.904,16.919,16.688,17.293,-999.000,-999.000,-999.000,-999.000,-999.000,-999.000,19.465,19.437,19.489,-4.417,-4.105,-5.689,-36.055,0.186,0.253,0.221,0.608,0.233,0.316,0.357,0.607,0.426,,,,,,,,
2023-07-21,05,12.146,11.461,12.427,12.151,11.440,12.454,12.278,11.530,12.690,12.224,11.490,12.580,11.669,10.815,12.430,12.100,97.078,37.502,3.811,331.388,371.822,-6.237,31.069,32.586,327.752,1.083,7864.867,0.000,-999.000,-999.000,101.106,0.200,0.200,0.864,2.250,3.318,0.507,1.220,320.942,0.829,17.653,17.575,17.767,18.699,18.631,18.759,18.579,18.550,18.607,-999.000,-999.000,-999.000,14.883,12.906,16.837,16.714,16.921,-999.000,-999.000,-999.000,-999.000,-999.000,-999.000,19.472,19.451,19.495,-5.190,-4.780,-6.608,-29.326,0.186,0.252,0.220,0.608,0.232,0.315,0.357,0.607,0.425,,,,,,,,
2023-07-21,06,13.333,12.148,14.556,13.362,12.169,14.594,13.489,12.200,14.720,13.470,12.180,14.730,15.368,11.062,18.417,13.328,94.260,186.528,46.403,319.818,387.408,72.536,100.053,285.227,314.988,8.972,7853.233,0.000,-999.000,-999.000,101.129,0.200,0.200,0.641,1.500,296.695,0.557,1.330,293.332,0.830,17.520,17.462,17.582,18.569,18.502,18.629,18.544,18.504,18.580,-999.000,-999.000,-999.000,14.887,12.902,17.439,16.757,18.440,-999.000,-999.000,-999.000,-999.000,-999.000,-999.000,19.484,19.452,19.525,-5.200,-4.812,-6.506,-20.644,0.186,0.252,0.220,0.608,0.232,0.315,0.357,0.607,0.424,,,,,,,,
2023-07-21,07,15.937,14.609,17.330,16.001,14.650,17.368,16.627,14.730,18.270,16.438,14.740,17.820,20.367,17.243,22.831,16.187,77.495,315.825,76.946,337.708,409.728,166.859,190.228,265.820,334.207,10.000,7999.000,0.000,-999.000,-999.000,101.139,0.200,0.200,0.507,1.390,348.969,0.443,1.270,19.065,0.830,17.623,17.501,17.762,18.451,18.396,18.529,18.506,18.478,18.551,-999.000,-999.000,-999.000,14.888,12.901,19.541,18.455,20.917,-999.000,-999.000,-999.000,-999.000,-999.000,-999.000,19.493,19.457,19.541,-4.286,-4.215,-5.206,2.938,0.186,0.252,0.220,0.608,0.232,0.315,0.357,0.607,0.425,,,,,,,,
2023-07-21,08,17.605,17.204,17.940,17.614,17.225,17.951,17.791,17.380,18.120,17.706,17.280,18.040,20.929,19.909,22.233,17.613,66.327,327.748,74.607,355.403,418.892,189.652,271.000,73.640,353.823,3.028,7999.000,0.000,-999.000,-999.000,101.113,0.200,0.200,1.080,2.800,208.748,0.934,2.760,206.993,0.830,18.047,17.762,18.293,18.355,18.310,18.396,18.460,18.420,18.483,-999.000,-999.000,-999.000,14.884,12.892,21.759,20.940,22.270,-999.000,-999.000,-999.000,-999.000,-999.000,-999.000,19.510,19.475,19.538,-1.707,-2.810,-2.254,23.439,0.186,0.252,0.220,0.607,0.232,0.315,0.356,0.607,0.427,,,,,,,,
2023-07-21,09,18.367,17.934,18.688,18.353,17.918,18.670,18.446,17.980,18.970,18.413,17.940,18.910,21.663,20.217,23.056,18.298,63.530,458.708,106.348,358.078,427.198,283.241,353.015,122.419,353.880,7.055,7999.000,0.000,-999.000,-999.000,101.128,0.200,0.200,2.326,4.630,260.211,1.934,3.810,258.615,0.831,18.524,18.293,18.762,18.300,18.278,18.323,18.412,18.365,18.449,-999.000,-999.000,-999.000,14.888,12.900,23.170,22.267,24.291,-999.000,-999.000,-999.000,-999.000,-999.000,-999.000,19.508,19.473,19.551,1.299,-1.142,1.046,30.397,0.186,0.252,0.220,0.606,0.232,0.316,0.356,0.607,0.430,,,,,,,,
2023-07-21,10,18.951,18.362,19.657,18.937,18.387,19.668,19.034,18.540,19.700,18.986,18.490,19.680,22.828,20.303,25.022,18.873,59.264,607.470,138.211,354.442,436.730,386.970,331.033,319.116,345.502,7.972,7520.217,0.000,-999.000,-999.000,101.125,0.200,0.200,3.060,5.660,254.652,2.468,5.460,252.089,0.831,19.107,18.769,19.403,18.300,18.274,18.330,18.365,18.333,18.397,-999.000,-999.000,-999.000,14.891,12.908,25.387,24.350,26.431,-999.000,-999.000,-999.000,-999.000,-999.000,-999.000,19.522,19.489,19.547,3.604,0.483,4.217,47.763,0.187,0.253,0.220,0.605,0.233,0.317,0.356,0.607,0.434,,,,,,,,
2023-07-21,11,20.155,19.694,20.682,20.136,19.630,20.692,20.240,19.610,20.980,20.190,19.530,20.970,25.527,22.255,28.037,20.069,53.303,787.532,178.485,363.452,455.725,516.774,320.740,519.230,351.812,7.944,7684.600,0.000,-999.000,-999.000,101.099,0.200,0.200,3.026,6.230,244.988,2.449,6.220,244.695,0.831,19.799,19.403,20.256,18.363,18.305,18.415,18.331,18.302,18.359,-999.000,-999.000,-999.000,14.899,12.908,28.546,26.501,29.863,-999.000,-999.000,-999.000,-999.000,-999.000,-999.000,19.536,19.497,19.561,5.382,2.206,7.613,75.789,0.187,0.254,0.219,0.604,0.234,0.317,0.356,0.605,0.439,,,,,,,,
2023-07-21,12,20.200,19.595,20.794,20.172,19.523,20.756,20.218,19.560,21.010,20.184,19.540,21.020,23.085,20.864,26.470,20.079,53.833,494.747,108.677,369.970,437.262,318.779,371.589,115.047,365.532,1.806,7729.167,0.000,-999.000,-999.000,101.070,0.200,0.200,3.126,6.440,266.643,2.431,5.020,263.083,0.831,20.527,20.249,20.738,18.461,18.386,18.558,18.301,18.283,18.321,-999.000,-999.000,-999.000,14.894,12.911,28.688,28.109,29.360,-999.000,-999.000,-999.000,-999.000,-999.000,-999.000,19.544,19.519,19.567,8.126,4.054,11.395,57.581,0.188,0.255,0.219,0.603,0.235,0.317,0.357,0.604,0.443,,,,,,,,
2023-07-21,13,18.994,17.765,20.846,18.982,17.756,20.844,19.024,17.780,21.070,19.005,17.780,21.040,19.488,17.283,24.763,18.946,58.477,205.281,42.190,385.360,414.420,134.030,167.441,34.082,380.433,0.333,7943.817,0.000,-999.000,-999.000,101.062,0.200,0.200,5.054,9.760,296.940,3.313,6.980,295.243,0.832,20.865,20.738,20.945,18.609,18.532,18.696,18.286,18.259,18.312,-999.000,-999.000,-999.000,14.894,12.914,27.575,25.745,28.886,-999.000,-999.000,-999.000,-999.000,-999.000,-999.000,19.543,19.514,19.573,8.882,4.807,12.087,32.223,0.188,0.255,0.219,0.602,0.235,0.318,0.357,0.603,0.444,,,,,,,,
2023-07-21,14,18.256,17.456,19.205,18.245,17.412,19.199,18.288,17.470,19.220,18.274,17.480,19.210,19.178,16.859,22.392,18.200,62.635,344.885,79.153,378.658,414.630,229.761,304.739,38.975,374.220,1.000,7898.367,0.000,-999.000,-999.000,101.112,0.200,0.200,5.048,8.590,279.307,3.545,7.010,277.797,0.832,20.627,20.498,20.822,18.765,18.677,18.837,18.283,18.249,18.314,-999.000,-999.000,-999.000,14.898,12.918,25.241,24.713,25.833,-999.000,-999.000,-999.000,-999.000,-999.000,-999.000,19.544,19.496,19.598,7.032,3.936,9.352,2.442,0.188,0.256,0.219,0.600,0.235,0.318,0.357,0.603,0.442,,,,,,,,
2023-07-21,15,19.044,16.598,20.066,18.985,16.435,19.983,19.078,16.400,20.350,19.048,16.380,20.350,21.585,15.176,24.981,18.962,61.485,535.978,123.614,373.628,430.685,355.308,336.472,245.213,358.982,6.750,7884.150,1.940,-999.000,-999.000,101.130,0.200,0.200,4.677,9.200,289.453,3.216,7.160,287.782,0.832,20.578,20.451,20.849,18.882,18.821,18.944,18.305,18.279,18.339,-999.000,-999.000,-999.000,14.901,12.913,27.006,25.892,28.004,-999.000,-999.000,-999.000,-999.000,-999.000,-999.000,19.550,19.521,19.583,5.082,2.806,7.353,37.443,0.189,0.255,0.219,0.600,0.235,0.318,0.357,0.602,0.442,,,,,,,,
2023-07-21,16,18.616,17.703,19.123,18.608,17.757,19.121,18.672,18.050,19.120,18.663,18.050,19.100,19.727,18.499,22.280,18.599,60.458,462.614,110.542,344.265,416.340,279.996,270.962,280.815,331.790,9.694,7945.767,0.000,-999.000,-999.000,101.141,0.200,0.200,6.007,9.930,282.283,4.136,8.100,281.262,0.830,20.800,20.753,20.908,18.970,18.918,19.012,18.331,18.309,18.358,-999.000,-999.000,-999.000,14.898,12.925,25.090,23.810,26.477,-999.000,-999.000,-999.000,-999.000,-999.000,-999.000,19.541,19.515,19.586,5.680,2.832,7.594,4.194,0.196,0.267,0.240,0.602,0.235,0.322,0.357,0.602,0.443,,,,,,,,
2023-07-21,17,18.635,17.629,19.080,18.614,17.620,19.108,18.657,17.630,19.130,18.645,17.610,19.110,19.393,16.751,20.688,18.580,53.932,390.790,98.619,345.562,412.075,225.658,175.033,429.559,336.333,7.778,7901.133,0.000,-999.000,-999.000,101.180,0.200,0.200,6.408,10.030,282.978,4.575,8.440,281.522,0.830,20.665,20.555,20.763,19.037,18.976,19.081,18.359,18.331,18.391,-999.000,-999.000,-999.000,14.898,12.931,23.463,22.647,23.770,-999.000,-999.000,-999.000,-999.000,-999.000,-999.000,19.539,19.504,19.579,4.926,2.438,6.598,-7.488,0.192,0.258,0.230,0.600,0.235,0.319,0.357,0.601,0.440,,,,,,,,
2023-07-21,18,18.132,17.451,18.475,18.106,17.405,18.460,18.154,17.370,18.650,18.149,17.350,18.620,18.527,16.336,19.896,18.102,56.620,254.196,67.247,335.900,404.932,117.918,108.644,432.393,327.583,8.139,7977.117,0.000,-999.000,-999.000,101.221,0.200,0.200,5.334,9.380,283.688,3.812,7.720,281.270,0.831,20.377,20.198,20.578,19.090,19.052,19.134,18.403,18.375,18.417,-999.000,-999.000,-999.000,14.896,12.916,22.277,21.653,22.654,-999.000,-999.000,-999.000,-999.000,-999.000,-999.000,19.560,19.539,19.584,3.466,1.558,4.967,-13.245,0.191,0.256,0.228,0.599,0.235,0.318,0.356,0.601,0.438,,,,,,,,
2023-07-21,19,16.981,16.221,17.528,16.955,16.163,17.550,16.979,16.170,17.610,16.974,16.170,17.610,15.991,14.673,17.342,16.902,60.930,91.802,22.046,323.467,390.687,2.535,44.819,226.388,316.673,5.778,7996.567,0.000,-999.000,-999.000,101.247,0.200,0.200,5.209,9.750,279.583,3.454,8.180,278.006,0.831,20.011,19.755,20.203,19.124,19.092,19.173,18.430,18.387,18.472,-999.000,-999.000,-999.000,14.903,12.923,20.723,19.873,21.600,-999.000,-999.000,-999.000,-999.000,-999.000,-999.000,19.554,19.506,19.601,1.758,0.452,2.862,-26.786,0.190,0.255,0.226,0.598,0.234,0.317,0.356,0.601,0.435,,,,,,,,
2023-07-21,20,15.960,15.826,16.190,15.966,15.813,16.215,15.982,15.820,16.220,15.978,15.810,16.200,14.753,14.311,15.050,15.916,69.234,7.163,0.007,357.953,386.733,-16.060,6.835,0.000,352.947,0.000,7980.100,0.000,-999.000,-999.000,101.295,0.200,0.200,4.058,7.390,277.893,2.728,5.740,276.396,0.831,19.525,19.304,19.750,19.110,19.077,19.159,18.459,18.424,18.496,-999.000,-999.000,-999.000,14.901,12.924,19.319,18.956,19.843,-999.000,-999.000,-999.000,-999.000,-999.000,-999.000,19.553,19.513,19.576,-0.240,-0.888,0.280,-37.070,0.190,0.255,0.225,0.598,0.234,0.317,0.356,0.601,0.431,,,,,,,,
2023-07-21,21,14.924,14.131,15.958,14.886,14.102,15.929,14.933,14.120,16.010,14.920,14.120,16.020,13.778,12.563,14.993,14.831,81.596,0.000,0.000,374.933,383.422,-3.348,0.000,0.000,363.493,0.000,7918.200,0.080,-999.000,-999.000,101.337,0.200,0.200,2.873,5.070,280.565,1.792,4.630,281.201,0.832,19.118,18.944,19.304,19.068,19.034,19.101,18.481,18.458,18.505,-999.000,-999.000,-999.000,14.903,12.923,18.594,18.262,18.936,-999.000,-999.000,-999.000,-999.000,-999.000,-999.000,19.552,19.524,19.567,-1.787,-1.882,-1.648,-36.796,0.189,0.254,0.225,0.598,0.233,0.316,0.356,0.602,0.428,,,,,,,,
2023-07-21,22,13.949,13.600,14.428,13.960,13.591,14.437,13.961,13.650,14.430,13.967,13.620,14.440,12.777,12.395,13.308,13.875,88.853,0.000,0.000,359.777,379.100,-12.443,0.000,0.000,355.790,0.000,7357.533,0.000,-999.000,-999.000,101.351,0.200,0.200,1.863,3.700,257.252,1.056,2.620,267.247,0.832,18.837,18.711,18.957,18.994,18.930,19.061,18.519,18.474,18.551,-999.000,-999.000,-999.000,14.904,12.924,18.045,17.809,18.249,-999.000,-999.000,-999.000,-999.000,-999.000,-999.000,19.559,19.530,19.587,-2.683,-2.369,-2.745,-34.396,0.189,0.254,0.224,0.599,0.233,0.316,0.356,0.602,0.426,,,,,,,,
2023-07-21,23,13.557,13.068,14.435,13.582,13.123,14.410,13.612,13.150,14.420,13.607,13.150,14.430,11.916,10.579,13.272,13.521,85.608,0.000,0.000,330.748,372.462,-35.295,0.000,0.000,325.933,0.000,7797.717,0.000,-999.000,-999.000,101.347,0.200,0.200,2.524,3.740,233.404,1.455,2.880,231.280,0.833,18.565,18.413,18.705,18.905,18.849,18.967,18.517,18.489,18.551,-999.000,-999.000,-999.000,14.911,12.929,17.269,16.824,17.786,-999.000,-999.000,-999.000,-999.000,-999.000,-999.000,19.556,19.526,19.579,-3.323,-2.657,-3.513,-37.323,0.188,0.253,0.224,0.600,0.232,0.315,0.356,0.602,0.424,,,,,,,,
2023-07-21,24,13.083,12.925,13.252,13.089,12.924,13.241,13.119,12.990,13.260,13.113,12.970,13.250,10.974,10.396,11.570,13.048,87.292,0.000,0.000,333.923,368.147,-27.928,0.000,0.000,329.222,0.000,7999.000,0.000,-999.000,-999.000,101.346,0.200,0.200,2.098,3.080,229.503,1.105,1.840,221.096,0.833,18.259,18.112,18.420,18.812,18.750,18.867,18.495,18.475,18.513,-999.000,-999.000,-999.000,14.902,12.928,16.565,16.288,16.818,-999.000,-999.000,-999.000,-999.000,-999.000,-999.000,19.556,19.534,19.572,-4.042,-3.041,-4.420,-38.283,0.188,0.253,0.224,0.601,0.232,0.315,0.356,0.602,0.422,,,,,,,,
