2023-09-17,01,17.380,17.213,17.563,17.379,17.214,17.577,17.277,17.090,17.570,17.275,17.100,17.580,15.085,14.776,15.251,17.243,74.334,0.000,0.000,388.752,395.017,-0.523,0.000,0.000,385.435,0.000,7999.000,0.000,-999.000,-999.000,101.421,0.200,0.200,3.384,5.250,45.852,2.370,4.170,45.712,0.586,19.369,19.293,19.457,19.008,18.986,19.031,18.332,18.325,18.346,-999.000,-999.000,-999.000,15.740,14.061,18.781,18.584,18.971,-999.000,-999.000,-999.000,-999.000,-999.000,-999.000,18.747,18.719,18.778,-0.695,0.078,-1.209,-17.474,0.307,0.460,0.676,0.743,0.452,0.592,0.689,0.746,0.392,,,,,,,,
2023-09-17,02,17.118,16.883,17.282,17.117,16.888,17.277,17.062,16.730,17.290,17.056,16.710,17.300,14.730,14.566,14.921,17.002,73.636,0.000,0.000,383.690,393.038,-6.489,0.000,0.000,380.908,0.000,7999.000,0.000,-999.000,-999.000,101.362,0.200,0.200,3.090,5.200,59.837,2.256,4.700,58.389,0.586,19.218,19.146,19.294,18.975,18.937,19.006,18.358,18.335,18.390,-999.000,-999.000,-999.000,15.732,14.068,18.422,18.238,18.588,-999.000,-999.000,-999.000,-999.000,-999.000,-999.000,18.726,18.703,18.753,-1.438,-0.607,-2.061,-17.607,0.307,0.459,0.676,0.743,0.451,0.593,0.689,0.746,0.391,,,,,,,,
2023-09-17,03,16.531,15.686,16.873,16.528,15.623,16.885,16.447,15.240,16.800,16.441,15.240,16.800,14.554,14.187,14.757,16.373,76.799,0.000,0.000,388.708,391.268,-0.037,0.000,0.000,384.240,0.000,7999.000,0.380,-999.000,-999.000,101.363,0.200,0.200,4.054,7.220,72.501,3.050,6.020,72.889,0.587,19.065,18.971,19.157,18.921,18.884,18.950,18.390,18.361,18.430,-999.000,-999.000,-999.000,15.733,14.058,18.078,17.926,18.234,-999.000,-999.000,-999.000,-999.000,-999.000,-999.000,18.727,18.681,18.776,-2.040,-1.221,-2.783,-17.934,0.306,0.459,0.676,0.744,0.450,0.593,0.689,0.746,0.390,,,,,,,,
2023-09-17,04,14.936,14.656,15.629,14.911,14.647,15.567,14.803,14.640,15.180,14.798,14.640,15.180,13.962,13.868,14.184,14.726,89.520,0.000,0.000,392.215,386.458,7.045,0.023,0.000,383.207,0.000,7999.000,3.650,-999.000,-999.000,101.311,0.200,0.200,3.499,5.660,50.343,2.599,5.110,50.025,0.586,18.881,18.768,18.989,18.888,18.849,18.919,18.398,18.381,18.419,-999.000,-999.000,-999.000,15.736,14.063,17.486,17.097,17.920,-999.000,-999.000,-999.000,-999.000,-999.000,-999.000,18.719,18.695,18.743,-3.054,-2.033,-4.617,-21.320,0.334,0.487,0.675,0.743,0.491,0.605,0.690,0.747,0.393,,,,,,,,
2023-09-17,05,14.620,14.574,14.689,14.615,14.569,14.671,14.616,14.510,14.720,14.620,14.510,14.740,14.134,14.001,14.414,14.555,91.952,0.000,0.000,393.545,387.052,8.466,0.139,0.000,384.828,0.000,7999.000,2.980,-999.000,-999.000,101.272,0.200,0.200,2.629,4.790,46.144,2.000,4.390,45.227,0.585,18.687,18.595,18.779,18.816,18.774,18.853,18.422,18.389,18.441,-999.000,-999.000,-999.000,15.729,14.064,16.925,16.741,17.093,-999.000,-999.000,-999.000,-999.000,-999.000,-999.000,18.743,18.720,18.764,-4.220,-2.764,-5.792,-23.065,0.363,0.507,0.673,0.744,0.523,0.615,0.689,0.747,0.401,,,,,,,,
2023-09-17,06,14.810,14.597,15.036,14.795,14.582,15.011,14.776,14.560,14.960,14.767,14.560,14.960,14.605,14.417,14.873,14.682,95.897,0.061,0.000,395.513,388.610,9.165,0.902,0.000,389.313,0.000,7999.000,6.500,-999.000,-999.000,101.268,0.200,0.200,2.008,4.180,48.492,1.517,3.600,48.025,0.582,18.453,18.294,18.602,18.762,18.724,18.794,18.406,18.385,18.435,-999.000,-999.000,-999.000,15.737,14.064,16.611,16.482,16.735,-999.000,-999.000,-999.000,-999.000,-999.000,-999.000,18.733,18.702,18.760,-5.722,-3.529,-7.532,-24.004,0.440,0.586,0.680,0.748,0.582,0.663,0.692,0.750,0.471,,,,,,,,
2023-09-17,07,15.186,15.012,15.374,15.185,15.011,15.370,15.155,14.960,15.370,15.143,14.960,15.370,14.929,14.601,15.356,15.077,96.623,11.155,0.436,397.128,391.855,17.105,12.882,0.000,391.263,0.000,7999.000,2.160,-999.000,-999.000,101.273,0.200,0.200,2.490,4.900,57.503,1.965,3.870,56.972,0.579,18.182,18.107,18.301,18.690,18.642,18.737,18.395,18.381,18.411,-999.000,-999.000,-999.000,15.738,14.061,16.516,16.449,16.645,-999.000,-999.000,-999.000,-999.000,-999.000,-999.000,18.719,18.694,18.743,-6.612,-3.879,-8.501,-20.667,0.514,0.654,0.701,0.753,0.679,0.691,0.704,0.752,0.501,,,,,,,,
2023-09-17,08,15.208,14.964,15.391,15.218,14.952,15.396,15.218,14.980,15.380,15.231,14.980,15.390,15.261,15.074,15.408,15.199,94.383,21.729,1.294,399.185,393.118,26.508,24.103,0.000,391.572,0.000,7999.000,2.270,-999.000,-999.000,101.285,0.200,0.200,2.524,4.600,47.266,2.009,3.680,45.795,0.579,18.087,18.055,18.120,18.600,18.561,18.656,18.399,18.379,18.413,-999.000,-999.000,-999.000,15.731,14.057,16.764,16.641,16.830,-999.000,-999.000,-999.000,-999.000,-999.000,-999.000,18.747,18.716,18.782,-6.140,-3.686,-7.352,-14.326,0.521,0.653,0.703,0.760,0.686,0.692,0.705,0.754,0.502,,,,,,,,
2023-09-17,09,15.006,14.841,15.264,15.000,14.820,15.229,15.059,14.900,15.260,15.046,14.860,15.270,15.734,14.942,16.371,14.994,95.123,52.392,7.994,400.322,395.145,49.575,54.750,0.000,392.127,0.000,7999.000,0.410,-999.000,-999.000,101.283,0.200,0.200,2.090,4.220,9.387,1.614,2.990,8.459,0.578,18.055,18.028,18.094,18.514,18.467,18.569,18.371,18.344,18.399,-999.000,-999.000,-999.000,15.733,14.061,16.902,16.730,17.154,-999.000,-999.000,-999.000,-999.000,-999.000,-999.000,18.779,18.739,18.813,-5.513,-3.486,-6.227,-12.197,0.549,0.684,0.703,0.760,0.694,0.696,0.705,0.756,0.564,,,,,,,,
2023-09-17,10,15.741,15.181,16.303,15.762,15.186,16.368,15.814,15.240,16.510,15.803,15.230,16.510,17.861,16.341,18.602,15.733,94.235,152.917,33.044,409.253,406.735,122.391,154.032,0.000,393.647,0.000,7999.000,0.000,-999.000,-999.000,101.287,0.200,0.200,1.928,3.320,39.784,1.530,2.740,39.022,0.576,18.069,18.031,18.129,18.442,18.405,18.480,18.346,18.309,18.366,-999.000,-999.000,-999.000,15.743,14.064,17.790,17.164,18.482,-999.000,-999.000,-999.000,-999.000,-999.000,-999.000,18.804,18.767,18.838,-4.730,-3.057,-4.856,0.161,0.550,0.679,0.704,0.761,0.692,0.694,0.705,0.755,0.558,,,,,,,,
2023-09-17,11,16.944,16.346,17.322,16.994,16.405,17.377,16.877,16.340,17.250,16.887,16.350,17.260,18.686,18.145,19.091,16.829,93.437,160.263,36.007,418.222,413.108,129.369,162.253,0.000,399.092,0.000,7999.000,0.000,-999.000,-999.000,101.251,0.200,0.200,1.913,3.040,89.918,1.612,3.100,89.339,0.575,18.223,18.128,18.329,18.380,18.341,18.422,18.326,18.300,18.349,-999.000,-999.000,-999.000,15.743,14.068,19.024,18.474,19.418,-999.000,-999.000,-999.000,-999.000,-999.000,-999.000,18.826,18.779,18.867,-2.960,-2.454,-2.143,13.647,0.548,0.674,0.704,0.760,0.689,0.693,0.706,0.755,0.535,,,,,,,,
2023-09-17,12,18.140,17.302,18.704,18.182,17.327,18.714,18.137,17.200,18.800,18.133,17.190,18.800,20.042,18.122,20.884,18.095,92.442,262.158,59.567,423.863,423.112,203.343,262.682,0.333,406.900,0.000,7999.000,0.000,-999.000,-999.000,101.239,0.200,0.200,2.635,4.600,122.322,2.211,3.650,122.254,0.574,18.448,18.331,18.587,18.351,18.300,18.368,18.286,18.255,18.321,-999.000,-999.000,-999.000,15.742,14.070,20.042,19.343,20.742,-999.000,-999.000,-999.000,-999.000,-999.000,-999.000,18.825,18.794,18.865,-0.783,-1.589,0.900,20.846,0.545,0.671,0.705,0.760,0.680,0.687,0.706,0.752,0.523,,,,,,,,
2023-09-17,13,18.993,18.634,19.410,18.986,18.631,19.393,19.038,18.650,19.510,19.022,18.630,19.500,19.967,19.520,20.790,19.008,91.487,172.543,38.438,420.000,421.890,132.215,174.748,0.000,409.798,0.000,7999.000,0.000,-999.000,-999.000,101.256,0.200,0.200,2.769,4.930,173.620,2.309,3.710,172.760,0.574,18.740,18.587,18.877,18.320,18.300,18.349,18.280,18.246,18.298,-999.000,-999.000,-999.000,15.747,14.066,20.760,20.702,20.860,-999.000,-999.000,-999.000,-999.000,-999.000,-999.000,18.863,18.816,18.898,1.491,-0.564,4.051,22.395,0.544,0.664,0.705,0.764,0.661,0.695,0.705,0.755,0.513,,,,,,,,
2023-09-17,14,20.095,19.409,20.615,20.087,19.419,20.592,20.116,19.470,20.650,20.109,19.470,20.640,21.326,20.767,22.135,20.122,88.347,243.590,56.520,409.898,429.483,167.485,242.121,1.989,410.922,0.083,7999.000,0.000,-999.000,-999.000,101.228,0.200,0.200,3.142,5.390,200.568,2.526,5.140,200.274,0.572,18.955,18.858,19.059,18.367,18.334,18.403,18.239,18.209,18.269,-999.000,-999.000,-999.000,15.746,14.073,21.362,20.890,21.757,-999.000,-999.000,-999.000,-999.000,-999.000,-999.000,18.841,18.791,18.877,3.281,0.359,5.953,23.590,0.542,0.661,0.704,0.768,0.653,0.701,0.704,0.763,0.503,,,,,,,,
2023-09-17,15,20.726,20.551,21.153,20.728,20.541,21.148,20.750,20.560,21.230,20.742,20.560,21.230,21.236,20.500,22.538,20.718,83.685,237.519,55.410,375.163,428.638,128.634,197.912,67.587,377.295,1.861,7999.000,0.000,-999.000,-999.000,101.197,0.200,0.200,2.953,5.840,222.101,2.358,4.710,221.180,0.571,19.198,19.058,19.301,18.391,18.354,18.422,18.233,18.208,18.264,-999.000,-999.000,-999.000,15.765,14.080,21.937,21.720,22.168,-999.000,-999.000,-999.000,-999.000,-999.000,-999.000,18.876,18.841,18.907,4.928,1.130,7.742,24.520,0.539,0.657,0.704,0.771,0.645,0.700,0.704,0.768,0.500,,,,,,,,
2023-09-17,16,20.604,20.509,20.759,20.606,20.503,20.748,20.626,20.510,20.820,20.609,20.510,20.790,20.984,20.696,21.342,20.601,84.245,142.948,29.830,377.435,425.383,65.169,142.241,2.835,380.238,0.000,7999.000,0.000,-999.000,-999.000,101.165,0.200,0.200,1.398,2.800,210.415,1.152,2.810,211.750,0.571,19.389,19.305,19.464,18.469,18.401,18.515,18.206,18.188,18.231,-999.000,-999.000,-999.000,15.762,14.094,21.838,21.720,21.930,-999.000,-999.000,-999.000,-999.000,-999.000,-999.000,18.865,18.838,18.894,6.079,1.814,8.723,17.717,0.538,0.654,0.704,0.769,0.638,0.699,0.704,0.770,0.496,,,,,,,,
2023-09-17,17,20.390,20.184,20.549,20.368,20.178,20.539,20.426,20.210,20.620,20.408,20.220,20.590,20.066,19.098,20.880,20.424,87.095,61.285,7.628,377.973,418.355,13.453,64.428,0.451,380.918,0.000,7999.000,0.000,-999.000,-999.000,101.162,0.200,0.200,0.780,1.540,197.567,0.497,1.470,194.588,0.570,19.540,19.468,19.581,18.516,18.502,18.553,18.210,18.184,18.236,-999.000,-999.000,-999.000,15.747,14.074,21.466,21.158,21.718,-999.000,-999.000,-999.000,-999.000,-999.000,-999.000,18.855,18.812,18.903,6.446,2.209,8.592,10.376,0.537,0.652,0.704,0.766,0.628,0.697,0.704,0.766,0.491,,,,,,,,
2023-09-17,18,19.887,19.169,20.240,19.873,19.127,20.248,19.527,18.780,20.220,19.514,18.720,20.240,17.778,16.408,19.061,19.473,91.845,9.364,0.000,373.515,404.280,-16.619,14.004,0.235,375.092,0.000,7999.000,0.000,-999.000,-999.000,101.090,0.200,0.200,0.988,1.820,72.056,0.642,1.270,60.603,0.569,19.588,19.562,19.624,18.597,18.544,18.649,18.212,18.183,18.235,-999.000,-999.000,-999.000,15.764,14.082,20.666,20.114,21.135,-999.000,-999.000,-999.000,-999.000,-999.000,-999.000,18.859,18.823,18.896,5.998,2.418,7.436,0.161,0.536,0.650,0.704,0.765,0.621,0.696,0.704,0.764,0.488,,,,,,,,
2023-09-17,19,18.100,17.145,19.173,18.061,17.108,19.134,18.005,17.140,18.790,17.985,17.140,18.720,15.311,14.548,16.296,17.896,96.593,0.000,0.000,362.405,391.305,-26.661,0.000,0.000,363.358,0.000,1965.733,0.000,-999.000,-999.000,101.042,0.200,0.200,0.831,1.530,28.471,0.592,1.430,309.249,0.568,19.535,19.453,19.616,18.653,18.602,18.696,18.225,18.201,18.263,-999.000,-999.000,-999.000,15.762,14.081,19.527,18.997,20.105,-999.000,-999.000,-999.000,-999.000,-999.000,-999.000,18.860,18.821,18.898,4.591,2.197,5.153,-12.085,0.535,0.648,0.703,0.763,0.615,0.695,0.704,0.762,0.485,,,,,,,,
2023-09-17,20,16.527,15.990,17.126,16.515,15.985,17.104,16.587,16.000,17.110,16.563,15.980,17.100,14.910,14.595,15.236,16.492,97.973,0.000,0.000,360.487,387.872,-25.906,0.000,0.000,360.615,0.000,1522.250,0.000,-999.000,-999.000,100.999,0.200,0.200,0.859,1.620,226.879,0.744,1.390,211.164,0.568,19.365,19.271,19.461,18.693,18.654,18.729,18.234,18.212,18.253,-999.000,-999.000,-999.000,15.758,14.079,18.562,18.188,18.987,-999.000,-999.000,-999.000,-999.000,-999.000,-999.000,18.856,18.824,18.885,2.538,1.255,2.293,-18.466,0.535,0.646,0.703,0.763,0.610,0.693,0.704,0.760,0.483,,,,,,,,
2023-09-17,21,15.621,15.389,16.080,15.608,15.377,16.084,15.667,15.360,16.170,15.634,15.320,16.140,14.552,14.068,14.839,15.572,98.367,0.000,0.000,361.797,385.252,-21.578,0.000,0.000,361.870,0.000,1777.383,0.000,-999.000,-999.000,100.949,0.200,0.200,0.722,1.660,308.856,0.546,1.170,315.285,0.567,19.167,19.053,19.278,18.720,18.680,18.740,18.240,18.218,18.258,-999.000,-999.000,-999.000,15.767,14.085,17.875,17.593,18.186,-999.000,-999.000,-999.000,-999.000,-999.000,-999.000,18.848,18.823,18.882,0.669,0.145,-0.010,-20.539,0.534,0.644,0.703,0.762,0.606,0.692,0.705,0.760,0.480,,,,,,,,
2023-09-17,22,15.689,15.366,16.098,15.692,15.348,16.099,15.730,15.380,16.250,15.709,15.380,16.200,14.364,14.142,14.643,15.643,98.658,0.000,0.000,364.175,387.557,-20.693,0.000,0.000,363.785,0.000,5529.967,0.000,-999.000,-999.000,100.920,0.200,0.200,0.684,1.780,334.476,0.884,2.040,309.255,0.567,18.993,18.888,19.065,18.699,18.685,18.715,18.256,18.231,18.283,-999.000,-999.000,-999.000,15.754,14.075,17.395,17.227,17.607,-999.000,-999.000,-999.000,-999.000,-999.000,-999.000,18.841,18.820,18.873,-0.728,-0.788,-1.601,-20.741,0.533,0.642,0.704,0.762,0.602,0.692,0.705,0.760,0.479,,,,,,,,
2023-09-17,23,16.309,15.714,17.407,16.302,15.649,17.399,16.581,15.800,18.410,16.555,15.760,18.330,14.435,14.161,14.917,16.487,98.417,0.000,0.000,363.765,389.173,-22.411,0.000,0.000,363.153,0.000,7999.000,0.000,-999.000,-999.000,100.816,0.200,0.200,1.558,4.050,91.049,0.533,2.240,286.279,0.566,18.814,18.738,18.891,18.686,18.665,18.708,18.263,18.254,18.274,-999.000,-999.000,-999.000,15.765,14.080,17.074,16.952,17.244,-999.000,-999.000,-999.000,-999.000,-999.000,-999.000,18.838,18.801,18.859,-1.694,-1.452,-2.597,-19.894,0.532,0.641,0.704,0.761,0.600,0.693,0.705,0.759,0.478,,,,,,,,
2023-09-17,24,18.922,17.649,19.325,19.033,17.717,19.393,19.583,18.540,19.950,19.509,18.480,19.890,17.244,15.313,17.638,19.592,89.390,0.000,0.000,375.353,407.363,-28.645,0.000,0.000,374.297,0.000,7999.000,0.030,-999.000,-999.000,100.707,0.200,0.200,3.220,6.490,100.819,2.206,5.450,98.222,0.566,18.677,18.622,18.743,18.662,18.637,18.698,18.269,18.246,18.299,-999.000,-999.000,-999.000,15.761,14.085,17.238,16.949,17.457,-999.000,-999.000,-999.000,-999.000,-999.000,-999.000,18.827,18.779,18.861,-2.299,-1.786,-3.171,-14.193,0.531,0.639,0.703,0.761,0.597,0.693,0.705,0.759,0.477,,,,,,,,
