2023-11-07,01,8.207,8.020,8.443,8.227,8.030,8.456,8.303,8.070,8.490,8.305,8.070,8.510,6.227,5.982,6.444,8.253,90.740,0.000,0.000,283.570,347.643,-59.565,0.000,0.000,284.532,0.000,7883.850,0.000,-999.000,-999.000,100.592,0.200,0.200,5.417,8.480,202.817,3.867,6.720,201.831,0.372,9.717,9.661,9.776,10.404,10.380,10.436,10.854,10.824,10.874,-999.000,-999.000,-999.000,13.722,13.721,7.350,7.289,7.437,-999.000,-999.000,-999.000,-999.000,-999.000,-999.000,11.780,11.729,11.838,-7.532,-3.203,-7.135,-10.414,0.689,0.689,0.689,0.747,0.683,0.683,0.684,0.742,0.562,,,,,,,,
2023-11-07,02,8.379,8.176,8.572,8.395,8.178,8.582,8.463,8.230,8.620,8.463,8.210,8.620,6.433,6.209,6.717,8.411,90.022,0.000,0.000,291.105,348.820,-53.084,0.000,0.000,291.718,0.000,7691.000,0.000,-999.000,-999.000,100.628,0.200,0.200,5.216,8.250,205.105,3.862,7.090,203.725,0.372,9.643,9.594,9.684,10.382,10.354,10.406,10.853,10.824,10.887,-999.000,-999.000,-999.000,13.728,13.728,7.281,7.249,7.312,-999.000,-999.000,-999.000,-999.000,-999.000,-999.000,11.790,11.713,11.838,-7.856,-3.342,-7.442,-10.142,0.689,0.689,0.689,0.747,0.683,0.683,0.684,0.742,0.562,,,,,,,,
2023-11-07,03,8.266,8.070,8.503,8.280,8.063,8.552,8.342,8.160,8.500,8.336,8.130,8.520,6.338,6.120,6.618,8.276,90.848,0.000,0.000,291.157,348.182,-52.401,0.000,0.000,291.700,0.000,7819.500,0.000,-999.000,-999.000,100.647,0.200,0.200,4.972,7.550,204.588,3.663,6.130,204.208,0.372,9.565,9.534,9.604,10.349,10.297,10.380,10.854,10.831,10.874,-999.000,-999.000,-999.000,13.719,13.719,7.257,7.203,7.302,-999.000,-999.000,-999.000,-999.000,-999.000,-999.000,11.792,11.733,11.842,-8.053,-3.474,-7.625,-9.635,0.688,0.689,0.689,0.747,0.683,0.683,0.684,0.742,0.562,,,,,,,,
2023-11-07,04,8.410,8.007,8.741,8.429,8.043,8.750,8.477,8.120,8.770,8.478,8.110,8.790,7.037,6.272,7.426,8.412,91.228,0.000,0.000,320.075,351.825,-26.619,0.000,0.000,318.742,0.000,7224.083,0.000,-999.000,-999.000,100.640,0.200,0.200,5.824,9.320,203.540,4.326,7.990,203.140,0.373,9.484,9.436,9.548,10.301,10.238,10.344,10.829,10.769,10.877,-999.000,-999.000,-999.000,13.722,13.724,7.285,7.199,7.430,-999.000,-999.000,-999.000,-999.000,-999.000,-999.000,11.763,11.696,11.822,-8.118,-3.587,-7.716,-9.046,0.688,0.689,0.689,0.747,0.683,0.683,0.684,0.742,0.562,,,,,,,,
2023-11-07,05,8.464,8.029,8.747,8.462,8.022,8.753,8.523,8.060,8.770,8.515,8.040,8.780,6.987,6.447,7.400,8.458,90.530,0.000,0.000,304.690,350.920,-41.575,0.000,0.000,304.198,0.000,6891.167,0.000,-999.000,-999.000,100.651,0.200,0.200,5.886,10.230,204.953,4.470,8.190,204.378,0.373,9.437,9.403,9.476,10.257,10.222,10.294,10.793,10.762,10.824,-999.000,-999.000,-999.000,13.713,13.722,7.452,7.404,7.475,-999.000,-999.000,-999.000,-999.000,-999.000,-999.000,11.753,11.699,11.812,-8.041,-3.680,-7.657,-7.360,0.688,0.689,0.688,0.747,0.683,0.683,0.684,0.742,0.562,,,,,,,,
2023-11-07,06,8.039,7.865,8.212,8.048,7.868,8.185,8.100,7.890,8.230,8.093,7.883,8.240,6.523,6.153,6.948,8.020,92.195,0.000,0.000,300.993,348.777,-43.116,0.000,0.000,300.607,0.000,7259.333,0.000,-999.000,-999.000,100.674,0.200,0.200,5.488,8.870,205.958,4.103,7.910,205.319,0.373,9.385,9.348,9.420,10.214,10.175,10.251,10.793,10.758,10.841,-999.000,-999.000,-999.000,13.720,13.726,7.370,7.298,7.446,-999.000,-999.000,-999.000,-999.000,-999.000,-999.000,11.738,11.684,11.827,-7.726,-3.742,-7.443,-7.964,0.688,0.689,0.688,0.747,0.683,0.683,0.683,0.742,0.562,,,,,,,,
2023-11-07,07,8.200,8.003,8.380,8.213,8.009,8.422,8.255,8.080,8.400,8.249,8.030,8.400,7.008,6.598,7.222,8.180,91.147,2.116,0.000,325.057,351.267,-18.802,2.165,0.290,323.635,0.000,7242.217,0.000,-999.000,-999.000,100.714,0.200,0.200,4.866,7.280,208.791,3.686,6.090,208.507,0.373,9.345,9.314,9.388,10.175,10.142,10.240,10.766,10.719,10.808,-999.000,-999.000,-999.000,13.717,13.727,7.401,7.298,7.486,-999.000,-999.000,-999.000,-999.000,-999.000,-999.000,11.719,11.660,11.765,-7.616,-3.782,-7.442,-7.519,0.688,0.689,0.688,0.747,0.683,0.683,0.683,0.742,0.562,,,,,,,,
2023-11-07,08,8.276,8.066,8.525,8.281,8.102,8.490,8.308,8.140,8.560,8.309,8.120,8.540,7.184,6.694,7.805,8.250,90.767,32.806,4.051,319.282,352.293,-3.496,31.782,1.067,318.858,0.000,7113.567,0.000,-999.000,-999.000,100.750,0.200,0.200,5.180,8.810,203.041,3.969,6.910,202.411,0.374,9.324,9.291,9.364,10.144,10.116,10.169,10.741,10.712,10.771,-999.000,-999.000,-999.000,13.712,13.726,7.485,7.430,7.597,-999.000,-999.000,-999.000,-999.000,-999.000,-999.000,11.727,11.670,11.785,-7.511,-3.823,-7.337,-6.664,0.688,0.689,0.688,0.747,0.683,0.683,0.683,0.742,0.562,,,,,,,,
2023-11-07,09,8.629,8.348,9.096,8.649,8.401,9.118,8.694,8.470,9.220,8.691,8.460,9.220,7.657,7.319,8.106,8.610,87.717,88.921,20.608,302.368,354.463,16.218,73.069,49.040,308.040,1.639,6569.033,0.000,-999.000,-999.000,100.809,0.200,0.200,5.957,10.040,212.758,4.618,9.550,211.715,0.374,9.307,9.272,9.340,10.129,10.088,10.175,10.750,10.713,10.778,-999.000,-999.000,-999.000,13.695,13.707,7.735,7.597,7.927,-999.000,-999.000,-999.000,-999.000,-999.000,-999.000,11.729,11.629,11.808,-7.257,-3.840,-7.084,-4.651,0.688,0.689,0.688,0.747,0.683,0.683,0.683,0.742,0.562,,,,,,,,
2023-11-07,10,9.351,9.000,9.559,9.356,8.970,9.592,9.406,9.050,9.610,9.400,9.040,9.610,8.869,8.174,9.150,9.322,84.142,131.052,30.623,328.368,360.403,68.394,126.254,4.555,331.817,0.056,5808.750,0.000,-999.000,-999.000,100.858,0.200,0.200,5.622,8.710,213.731,4.338,7.290,213.338,0.374,9.300,9.256,9.331,10.095,10.057,10.123,10.725,10.686,10.757,-999.000,-999.000,-999.000,13.697,13.712,8.245,7.917,8.519,-999.000,-999.000,-999.000,-999.000,-999.000,-999.000,11.723,11.662,11.778,-6.732,-3.820,-6.565,-1.502,0.688,0.689,0.688,0.747,0.683,0.683,0.683,0.742,0.562,,,,,,,,
2023-11-07,11,10.406,9.556,11.249,10.420,9.579,11.301,10.439,9.590,11.300,10.442,9.600,11.330,9.800,8.722,11.034,10.351,79.882,208.756,58.323,314.582,366.228,98.786,156.526,116.680,320.198,2.778,6550.167,0.000,-999.000,-999.000,100.875,0.200,0.200,5.907,10.290,215.294,4.600,9.070,214.282,0.374,9.345,9.294,9.400,10.071,10.041,10.119,10.705,10.672,10.738,-999.000,-999.000,-999.000,13.699,13.716,8.933,8.525,9.396,-999.000,-999.000,-999.000,-999.000,-999.000,-999.000,11.717,11.652,11.790,-5.738,-3.734,-5.553,1.997,0.688,0.689,0.688,0.747,0.683,0.683,0.684,0.742,0.563,,,,,,,,
2023-11-07,12,11.046,10.505,11.518,11.060,10.527,11.537,11.106,10.550,11.620,11.103,10.530,11.650,10.463,9.238,11.290,10.989,77.447,255.035,76.030,311.215,369.883,120.336,156.487,226.216,316.612,3.917,7552.867,0.000,-999.000,-999.000,100.885,0.200,0.200,6.623,11.480,218.102,5.130,9.270,217.030,0.375,9.426,9.377,9.483,10.053,10.010,10.103,10.684,10.651,10.714,-999.000,-999.000,-999.000,13.701,13.717,9.724,9.403,10.088,-999.000,-999.000,-999.000,-999.000,-999.000,-999.000,11.713,11.627,11.793,-4.287,-3.554,-4.156,4.415,0.688,0.689,0.688,0.747,0.683,0.683,0.684,0.742,0.563,,,,,,,,
2023-11-07,13,11.527,11.248,11.993,11.550,11.254,12.001,11.580,11.300,12.040,11.579,11.270,12.080,11.107,10.419,12.211,11.478,74.173,266.787,82.595,316.272,372.450,128.014,143.492,314.109,320.378,5.611,7598.217,0.000,-999.000,-999.000,100.879,0.200,0.200,7.100,11.500,216.251,5.470,9.550,215.608,0.375,9.560,9.471,9.649,10.042,10.000,10.082,10.667,10.619,10.706,-999.000,-999.000,-999.000,13.696,13.712,10.467,10.111,10.599,-999.000,-999.000,-999.000,-999.000,-999.000,-999.000,11.707,11.629,11.780,-2.538,-3.281,-2.608,6.777,0.688,0.689,0.688,0.747,0.683,0.684,0.684,0.742,0.563,,,,,,,,
2023-11-07,14,11.244,10.927,11.487,11.235,10.912,11.509,11.284,11.010,11.520,11.271,10.980,11.520,10.330,9.637,10.958,11.214,75.035,145.046,38.542,325.205,367.572,64.138,125.011,56.117,329.133,1.194,7725.433,0.000,-999.000,-999.000,100.886,0.200,0.200,6.422,11.020,212.337,4.907,8.970,211.643,0.375,9.728,9.629,9.845,10.050,10.011,10.085,10.651,10.629,10.687,-999.000,-999.000,-999.000,13.701,13.717,10.436,10.342,10.529,-999.000,-999.000,-999.000,-999.000,-999.000,-999.000,11.696,11.642,11.740,-0.653,-2.930,-1.071,6.809,0.689,0.689,0.689,0.748,0.683,0.684,0.684,0.742,0.563,,,,,,,,
2023-11-07,15,11.121,10.840,11.629,11.120,10.862,11.628,11.145,10.900,11.640,11.139,10.880,11.640,9.790,9.230,10.551,11.080,75.695,101.814,29.565,326.255,365.247,33.258,78.979,107.909,329.318,2.917,7812.800,0.000,-999.000,-999.000,100.891,0.200,0.200,6.581,11.140,214.231,5.044,9.230,213.630,0.375,9.887,9.822,9.952,10.069,10.029,10.100,10.631,10.596,10.671,-999.000,-999.000,-999.000,13.689,13.713,10.219,10.044,10.349,-999.000,-999.000,-999.000,-999.000,-999.000,-999.000,11.703,11.612,11.790,0.445,-2.548,-0.269,4.983,0.689,0.689,0.689,0.748,0.683,0.684,0.684,0.743,0.563,,,,,,,,
2023-11-07,16,10.260,9.830,10.963,10.265,9.856,10.969,10.292,9.830,10.940,10.278,9.800,10.950,8.064,7.651,9.138,10.237,78.025,25.755,6.288,300.223,356.482,-34.236,17.215,63.651,305.887,2.000,7871.850,0.000,-999.000,-999.000,100.906,0.200,0.200,5.338,8.680,210.390,3.959,7.660,209.630,0.375,9.974,9.916,10.021,10.098,10.057,10.135,10.622,10.596,10.652,-999.000,-999.000,-999.000,13.687,13.713,9.709,9.390,10.041,-999.000,-999.000,-999.000,-999.000,-999.000,-999.000,11.683,11.636,11.731,0.570,-2.238,-0.246,0.544,0.689,0.690,0.689,0.748,0.684,0.684,0.684,0.743,0.563,,,,,,,,
2023-11-07,17,9.941,9.505,10.368,9.953,9.488,10.410,10.004,9.600,10.440,9.997,9.580,10.440,7.836,7.184,8.249,9.931,79.019,0.181,0.000,322.378,355.975,-28.054,0.164,0.000,324.792,0.000,6975.167,0.000,-999.000,-999.000,100.907,0.200,0.200,5.246,8.910,207.252,3.899,7.150,205.886,0.375,9.995,9.965,10.018,10.127,10.090,10.178,10.612,10.577,10.645,-999.000,-999.000,-999.000,13.684,13.712,9.179,8.976,9.404,-999.000,-999.000,-999.000,-999.000,-999.000,-999.000,11.672,11.626,11.725,-0.220,-2.055,-1.032,-3.367,0.689,0.690,0.689,0.748,0.684,0.684,0.684,0.743,0.563,,,,,,,,
2023-11-07,18,8.902,8.098,9.575,8.907,8.117,9.647,8.975,8.260,9.660,8.960,8.230,9.670,6.729,5.799,7.749,8.917,83.585,0.000,0.000,287.345,349.440,-57.905,0.000,0.000,293.133,0.000,7884.767,0.000,-999.000,-999.000,100.916,0.200,0.200,5.374,9.200,198.920,3.866,6.630,197.642,0.375,9.974,9.943,10.014,10.168,10.133,10.208,10.613,10.583,10.638,-999.000,-999.000,-999.000,13.683,13.709,8.763,8.469,8.979,-999.000,-999.000,-999.000,-999.000,-999.000,-999.000,11.669,11.560,11.745,-1.529,-2.027,-2.131,-5.555,0.689,0.690,0.689,0.748,0.684,0.684,0.684,0.743,0.563,,,,,,,,
2023-11-07,19,8.331,8.174,8.619,8.353,8.134,8.648,8.388,8.220,8.610,8.388,8.210,8.630,6.149,5.836,6.506,8.323,84.053,0.000,0.000,290.730,347.162,-51.898,0.000,0.000,295.722,0.000,7999.000,0.000,-999.000,-999.000,100.923,0.200,0.200,5.589,8.740,201.514,4.055,7.270,199.786,0.376,9.907,9.876,9.952,10.190,10.143,10.251,10.613,10.567,10.656,-999.000,-999.000,-999.000,13.684,13.708,8.208,7.985,8.489,-999.000,-999.000,-999.000,-999.000,-999.000,-999.000,11.664,11.590,11.746,-2.870,-2.112,-3.252,-8.575,0.689,0.690,0.689,0.748,0.684,0.684,0.684,0.743,0.563,,,,,,,,
2023-11-07,20,8.458,8.301,8.632,8.470,8.301,8.645,8.496,8.350,8.690,8.488,8.350,8.680,6.588,6.420,6.928,8.410,82.962,0.000,0.000,307.953,349.422,-36.306,0.000,0.000,310.762,0.000,7999.000,0.000,-999.000,-999.000,100.942,0.200,0.200,5.564,9.260,213.820,4.233,8.130,212.730,0.376,9.820,9.720,9.905,10.204,10.146,10.245,10.627,10.598,10.656,-999.000,-999.000,-999.000,13.677,13.700,7.918,7.856,7.998,-999.000,-999.000,-999.000,-999.000,-999.000,-999.000,11.662,11.588,11.756,-4.304,-2.279,-4.451,-9.302,0.689,0.690,0.689,0.748,0.684,0.684,0.684,0.743,0.563,,,,,,,,
2023-11-07,21,8.169,7.994,8.400,8.183,8.026,8.456,8.213,8.020,8.460,8.204,7.988,8.450,6.237,6.058,6.427,8.124,85.047,0.000,0.000,287.828,347.243,-54.949,0.000,0.000,292.702,0.000,7993.883,0.000,-999.000,-999.000,100.957,0.200,0.200,6.030,10.090,214.259,4.635,8.590,213.170,0.376,9.711,9.673,9.744,10.203,10.160,10.241,10.628,10.594,10.652,-999.000,-999.000,-999.000,13.674,13.702,7.712,7.575,7.866,-999.000,-999.000,-999.000,-999.000,-999.000,-999.000,11.639,11.521,11.716,-5.445,-2.496,-5.332,-9.713,0.689,0.690,0.689,0.748,0.684,0.684,0.684,0.743,0.563,,,,,,,,
2023-11-07,22,7.997,7.819,8.123,8.005,7.822,8.142,8.089,7.933,8.180,8.072,7.914,8.200,6.604,6.094,7.126,7.989,90.188,0.000,0.000,316.988,349.272,-27.826,0.000,0.000,317.325,0.000,7999.000,0.350,-999.000,-999.000,100.972,0.200,0.200,5.299,8.540,220.880,4.048,7.330,219.864,0.376,9.627,9.571,9.694,10.206,10.172,10.235,10.624,10.590,10.646,-999.000,-999.000,-999.000,13.668,13.703,7.541,7.493,7.589,-999.000,-999.000,-999.000,-999.000,-999.000,-999.000,11.646,11.591,11.713,-6.262,-2.713,-6.018,-9.900,0.689,0.690,0.689,0.748,0.684,0.684,0.684,0.743,0.563,,,,,,,,
2023-11-07,23,8.027,7.835,8.189,8.040,7.871,8.198,8.102,7.888,8.240,8.097,7.894,8.220,6.849,6.206,7.354,8.023,91.810,0.000,0.000,326.695,350.505,-19.497,0.000,0.000,324.888,0.000,7924.900,1.140,-999.000,-999.000,100.994,0.200,0.200,5.809,10.910,219.519,4.510,9.070,218.129,0.377,9.530,9.492,9.588,10.177,10.145,10.208,10.615,10.586,10.646,-999.000,-999.000,-999.000,13.657,13.687,7.514,7.477,7.582,-999.000,-999.000,-999.000,-999.000,-999.000,-999.000,11.623,11.554,11.680,-6.830,-2.921,-6.464,-9.048,0.689,0.690,0.689,0.748,0.684,0.684,0.684,0.743,0.563,,,,,,,,
2023-11-07,24,8.011,7.703,8.172,8.014,7.699,8.149,8.077,7.770,8.180,8.063,7.730,8.190,7.064,6.216,7.387,8.011,93.233,0.000,0.000,327.830,351.170,-19.624,0.000,0.000,323.073,0.000,7960.783,1.130,-999.000,-999.000,101.011,0.200,0.200,6.587,10.310,211.186,5.073,8.960,209.519,0.377,9.444,9.394,9.505,10.146,10.104,10.191,10.625,10.599,10.652,-999.000,-999.000,-999.000,13.651,13.687,7.671,7.569,7.731,-999.000,-999.000,-999.000,-999.000,-999.000,-999.000,11.608,11.549,11.692,-7.087,-3.121,-6.635,-7.515,0.689,0.690,0.689,0.749,0.684,0.684,0.684,0.743,0.565,,,,,,,,
