2023-09-27,01,14.563,14.218,14.926,14.558,14.167,14.934,14.610,14.200,15.050,14.597,14.200,15.050,12.621,11.626,13.221,14.540,90.393,0.000,0.000,347.573,378.272,-28.275,0.000,0.000,347.945,0.000,7932.667,0.000,-999.000,-999.000,101.992,0.200,0.200,2.252,2.690,145.303,1.258,1.780,136.226,0.446,16.325,16.270,16.414,16.674,16.643,16.713,16.430,16.405,16.460,-999.000,-999.000,-999.000,15.790,14.264,14.120,13.951,14.213,-999.000,-999.000,-999.000,-999.000,-999.000,-999.000,16.300,16.259,16.344,-7.398,-2.069,-5.197,-12.628,0.591,0.650,0.696,0.755,0.618,0.675,0.698,0.752,0.460,,,,,,,,
2023-09-27,02,13.564,12.641,14.201,13.529,12.623,14.179,13.433,12.620,14.200,13.410,12.630,14.200,10.830,10.037,11.576,13.366,92.225,0.000,0.000,324.738,367.002,-40.722,0.000,0.000,338.237,0.000,7825.833,0.000,-999.000,-999.000,101.954,0.200,0.200,2.581,3.280,141.259,1.123,2.170,131.343,0.447,16.199,16.106,16.292,16.613,16.577,16.645,16.438,16.407,16.461,-999.000,-999.000,-999.000,15.783,14.268,13.599,13.294,13.925,-999.000,-999.000,-999.000,-999.000,-999.000,-999.000,16.297,16.245,16.335,-7.356,-2.132,-5.372,-17.110,0.590,0.649,0.696,0.756,0.617,0.675,0.698,0.752,0.460,,,,,,,,
2023-09-27,03,12.721,12.516,12.969,12.720,12.508,12.946,12.730,12.130,13.140,12.723,12.120,13.130,9.869,9.238,10.589,12.686,95.327,0.000,0.000,323.735,361.448,-35.654,0.000,0.000,324.593,0.000,7047.667,0.000,-999.000,-999.000,101.949,0.200,0.200,1.864,3.000,152.441,0.948,1.710,152.081,0.447,16.027,15.894,16.125,16.557,16.519,16.599,16.440,16.419,16.476,-999.000,-999.000,-999.000,15.785,14.275,12.998,12.770,13.284,-999.000,-999.000,-999.000,-999.000,-999.000,-999.000,16.298,16.251,16.340,-8.534,-2.426,-6.460,-20.596,0.590,0.649,0.696,0.756,0.617,0.674,0.698,0.752,0.459,,,,,,,,
2023-09-27,04,11.751,11.211,12.477,11.716,11.177,12.485,11.686,11.190,12.160,11.660,11.150,12.170,9.415,9.049,9.758,11.602,96.800,0.000,0.000,326.390,360.527,-32.287,0.000,0.000,327.113,0.000,6037.400,0.000,-999.000,-999.000,101.968,0.200,0.200,1.497,2.540,112.822,0.919,1.820,124.870,0.448,15.809,15.676,15.907,16.493,16.454,16.541,16.437,16.404,16.458,-999.000,-999.000,-999.000,15.783,14.268,12.557,12.365,12.770,-999.000,-999.000,-999.000,-999.000,-999.000,-999.000,16.293,16.247,16.350,-10.032,-3.086,-7.749,-21.740,0.590,0.648,0.696,0.756,0.616,0.674,0.698,0.753,0.458,,,,,,,,
2023-09-27,05,10.974,10.680,11.288,10.972,10.639,11.279,11.052,10.750,11.380,11.019,10.710,11.340,9.289,8.806,9.788,10.958,97.773,0.000,0.000,328.487,358.848,-28.384,0.000,0.000,328.058,0.000,5099.717,0.000,-999.000,-999.000,101.987,0.200,0.200,1.132,2.280,156.863,0.722,1.660,137.236,0.448,15.585,15.491,15.673,16.414,16.357,16.465,16.425,16.407,16.447,-999.000,-999.000,-999.000,15.779,14.255,12.242,12.087,12.362,-999.000,-999.000,-999.000,-999.000,-999.000,-999.000,16.285,16.244,16.332,-11.185,-3.799,-8.772,-21.641,0.590,0.647,0.696,0.755,0.616,0.673,0.698,0.753,0.458,,,,,,,,
2023-09-27,06,11.425,10.939,11.913,11.429,10.942,11.979,11.509,11.000,11.990,11.485,10.960,11.960,9.913,8.883,10.966,11.395,98.198,7.144,0.302,333.147,363.727,-20.437,9.340,3.940,332.843,0.000,6214.467,0.000,-999.000,-999.000,101.981,0.200,0.200,2.005,3.200,135.921,0.917,2.050,141.653,0.449,15.399,15.306,15.501,16.335,16.303,16.363,16.408,16.354,16.449,-999.000,-999.000,-999.000,15.777,14.263,12.052,12.011,12.097,-999.000,-999.000,-999.000,-999.000,-999.000,-999.000,16.291,16.244,16.336,-11.912,-4.339,-9.447,-20.483,0.589,0.646,0.696,0.755,0.615,0.673,0.698,0.753,0.457,,,,,,,,
2023-09-27,07,13.272,11.854,14.161,13.293,11.941,14.285,13.370,12.030,14.260,13.314,12.010,14.190,13.834,11.240,16.610,13.230,97.217,103.278,23.916,334.070,382.978,30.454,78.137,92.642,335.157,5.111,7810.917,0.000,-999.000,-999.000,101.972,0.200,0.200,2.427,3.950,145.704,1.676,3.840,147.924,0.449,15.239,15.182,15.319,16.246,16.193,16.326,16.387,16.354,16.414,-999.000,-999.000,-999.000,15.772,14.265,12.531,12.051,13.292,-999.000,-999.000,-999.000,-999.000,-999.000,-999.000,16.295,16.216,16.340,-12.029,-4.709,-9.607,-13.078,0.588,0.645,0.695,0.755,0.615,0.673,0.697,0.753,0.457,,,,,,,,
2023-09-27,08,14.743,14.136,15.542,14.825,14.264,15.640,14.946,14.220,15.810,14.887,14.190,15.720,16.028,14.766,17.367,14.800,92.395,170.169,37.476,333.852,394.715,71.829,125.189,138.038,335.968,6.056,7891.883,0.000,-999.000,-999.000,101.999,0.200,0.200,2.183,3.180,144.648,1.726,2.760,144.989,0.450,15.208,15.177,15.260,16.149,16.107,16.203,16.358,16.330,16.386,-999.000,-999.000,-999.000,15.765,14.257,14.073,13.331,14.894,-999.000,-999.000,-999.000,-999.000,-999.000,-999.000,16.290,16.232,16.359,-10.113,-4.633,-8.251,1.792,0.588,0.645,0.695,0.755,0.615,0.673,0.697,0.753,0.458,,,,,,,,
2023-09-27,09,16.647,15.621,17.846,16.702,15.722,17.903,16.924,15.880,18.060,16.838,15.780,17.970,19.417,17.413,21.454,16.692,86.437,323.979,77.136,336.680,413.743,169.780,176.444,319.802,340.088,9.917,7922.200,0.000,-999.000,-999.000,102.051,0.200,0.200,1.503,3.090,165.198,1.286,3.060,163.114,0.451,15.351,15.258,15.482,16.076,16.028,16.140,16.330,16.301,16.357,-999.000,-999.000,-999.000,15.771,14.264,16.133,14.950,17.519,-999.000,-999.000,-999.000,-999.000,-999.000,-999.000,16.299,16.227,16.362,-6.047,-3.930,-5.387,16.120,0.587,0.645,0.695,0.755,0.615,0.673,0.697,0.753,0.460,,,,,,,,
2023-09-27,10,18.714,17.864,19.592,18.771,17.892,19.657,18.752,18.150,19.630,18.730,18.040,19.620,21.101,20.385,22.058,18.692,80.403,349.363,80.175,358.705,423.518,204.375,265.400,150.544,363.582,4.111,7950.033,0.000,-999.000,-999.000,102.038,0.200,0.200,2.624,5.180,128.233,2.199,4.160,127.404,0.452,15.687,15.473,15.915,16.031,15.969,16.064,16.310,16.274,16.342,-999.000,-999.000,-999.000,15.779,14.277,18.522,17.575,19.080,-999.000,-999.000,-999.000,-999.000,-999.000,-999.000,16.320,16.268,16.370,-0.059,-2.843,-0.847,35.035,0.588,0.645,0.695,0.755,0.616,0.674,0.697,0.753,0.462,,,,,,,,
2023-09-27,11,20.386,19.645,20.945,20.405,19.745,20.989,20.261,19.530,20.960,20.257,19.490,20.950,22.087,20.873,23.343,20.264,73.542,378.795,86.830,362.913,429.942,224.937,293.380,133.476,367.812,3.667,7994.467,0.000,-999.000,-999.000,101.971,0.200,0.200,3.426,5.770,128.180,2.731,5.030,128.094,0.452,16.185,15.941,16.444,16.017,15.992,16.044,16.280,16.233,16.313,-999.000,-999.000,-999.000,15.784,14.270,19.706,19.100,20.241,-999.000,-999.000,-999.000,-999.000,-999.000,-999.000,16.306,16.242,16.374,6.591,-1.348,4.187,39.528,0.588,0.646,0.695,0.755,0.617,0.675,0.697,0.752,0.464,,,,,,,,
2023-09-27,12,21.629,20.727,22.986,21.646,20.698,23.050,21.313,20.670,22.150,21.319,20.670,22.190,23.576,21.201,26.053,21.389,67.688,486.230,114.187,359.977,439.467,292.552,210.270,437.702,360.853,6.417,7999.000,0.000,-999.000,-999.000,101.893,0.200,0.200,3.223,4.810,126.476,2.668,4.940,125.571,0.453,16.698,16.441,16.939,16.039,15.984,16.095,16.248,16.214,16.279,-999.000,-999.000,-999.000,15.775,14.264,20.752,20.264,21.975,-999.000,-999.000,-999.000,-999.000,-999.000,-999.000,16.306,16.233,16.403,11.330,0.288,8.130,40.974,0.589,0.646,0.695,0.755,0.617,0.674,0.697,0.752,0.465,,,,,,,,
2023-09-27,13,22.893,22.450,23.249,22.870,22.344,23.308,22.223,21.820,22.650,22.259,21.820,22.670,24.924,23.662,26.233,22.368,61.613,453.645,105.640,359.233,444.873,262.365,236.675,344.364,361.920,6.333,7894.100,0.000,-999.000,-999.000,101.813,0.200,0.200,2.731,5.580,119.588,2.301,6.050,119.679,0.453,17.232,16.942,17.507,16.126,16.079,16.196,16.229,16.193,16.260,-999.000,-999.000,-999.000,15.774,14.275,22.591,22.033,22.888,-999.000,-999.000,-999.000,-999.000,-999.000,-999.000,16.315,16.276,16.362,15.292,1.796,12.022,50.167,0.590,0.647,0.694,0.755,0.618,0.674,0.697,0.752,0.466,,,,,,,,
2023-09-27,14,22.994,22.563,23.373,23.001,22.490,23.428,22.432,22.110,22.960,22.446,22.090,22.980,23.625,22.558,25.652,22.485,61.700,347.466,79.423,369.707,437.178,200.572,285.585,110.106,375.455,4.444,7999.000,0.000,-999.000,-999.000,101.744,0.200,0.200,3.401,5.410,118.551,2.676,4.780,116.840,0.453,17.791,17.537,18.034,16.239,16.161,16.310,16.213,16.177,16.248,-999.000,-999.000,-999.000,15.765,14.280,22.290,22.081,22.500,-999.000,-999.000,-999.000,-999.000,-999.000,-999.000,16.309,16.260,16.383,18.991,3.138,15.604,39.608,0.591,0.647,0.694,0.754,0.618,0.673,0.697,0.751,0.466,,,,,,,,
2023-09-27,15,22.636,22.300,23.229,22.599,22.295,23.272,22.468,22.190,22.710,22.462,22.190,22.730,22.231,21.509,23.229,22.482,62.837,200.436,41.479,373.642,428.765,103.833,196.044,11.342,377.635,0.389,7999.000,0.000,-999.000,-999.000,101.680,0.200,0.200,2.968,5.400,130.363,2.237,4.270,131.260,0.453,18.210,18.040,18.379,16.395,16.310,16.491,16.207,16.184,16.241,-999.000,-999.000,-999.000,15.766,14.269,21.633,21.237,22.124,-999.000,-999.000,-999.000,-999.000,-999.000,-999.000,16.300,16.247,16.349,19.292,4.213,16.176,28.629,0.591,0.648,0.694,0.754,0.618,0.673,0.697,0.751,0.465,,,,,,,,
2023-09-27,16,21.133,20.614,22.357,21.109,20.519,22.332,21.135,20.500,22.190,21.123,20.490,22.180,20.053,19.286,21.543,21.099,70.057,77.771,11.472,376.952,416.682,26.569,81.552,0.000,378.430,0.000,7999.000,0.000,-999.000,-999.000,101.625,0.200,0.200,3.187,4.590,141.435,2.093,3.850,140.728,0.454,18.456,18.366,18.532,16.573,16.465,16.646,16.234,16.197,16.282,-999.000,-999.000,-999.000,15.770,14.276,20.627,20.016,21.227,-999.000,-999.000,-999.000,-999.000,-999.000,-999.000,16.305,16.255,16.364,17.380,4.865,14.911,16.021,0.591,0.648,0.694,0.754,0.618,0.673,0.697,0.752,0.464,,,,,,,,
2023-09-27,17,20.583,20.369,20.852,20.563,20.373,20.876,20.583,20.330,20.900,20.573,20.320,20.900,18.831,18.595,19.233,20.546,70.499,33.077,1.839,375.503,410.007,-3.258,36.115,0.687,374.980,0.000,7999.000,0.000,-999.000,-999.000,101.570,0.200,0.200,3.871,6.290,129.395,2.712,4.990,129.698,0.454,18.506,18.439,18.567,16.739,16.644,16.832,16.271,16.233,16.311,-999.000,-999.000,-999.000,15.774,14.283,19.387,18.834,19.980,-999.000,-999.000,-999.000,-999.000,-999.000,-999.000,16.307,16.257,16.369,13.861,5.088,12.374,3.611,0.590,0.649,0.694,0.754,0.618,0.673,0.697,0.752,0.462,,,,,,,,
2023-09-27,18,19.837,19.177,20.406,19.799,19.195,20.387,19.769,19.260,20.340,19.757,19.210,20.330,17.793,17.123,18.602,19.732,74.694,1.727,0.000,373.065,404.257,-25.508,2.608,0.000,372.030,0.000,7933.750,0.000,-999.000,-999.000,101.519,0.200,0.200,3.264,5.470,130.364,2.159,4.160,132.391,0.455,18.401,18.316,18.476,16.886,16.812,16.953,16.301,16.258,16.352,-999.000,-999.000,-999.000,15.763,14.276,18.368,17.946,18.818,-999.000,-999.000,-999.000,-999.000,-999.000,-999.000,16.292,16.225,16.349,9.645,4.852,9.318,-3.739,0.590,0.648,0.693,0.754,0.618,0.673,0.697,0.752,0.461,,,,,,,,
2023-09-27,19,19.098,18.988,19.206,19.083,18.984,19.152,19.124,19.040,19.230,19.114,18.980,19.260,17.097,16.772,17.445,19.072,78.328,0.000,0.000,363.953,400.600,-33.891,0.000,0.000,363.748,0.000,7967.967,0.000,-999.000,-999.000,101.468,0.200,0.200,3.496,6.070,129.865,2.273,4.330,133.124,0.455,18.247,18.130,18.320,17.007,16.973,17.059,16.368,16.319,16.420,-999.000,-999.000,-999.000,15.772,14.276,17.589,17.327,17.936,-999.000,-999.000,-999.000,-999.000,-999.000,-999.000,16.294,16.247,16.356,5.870,4.314,6.494,-7.985,0.590,0.648,0.693,0.754,0.617,0.672,0.697,0.752,0.459,,,,,,,,
2023-09-27,20,18.523,18.144,18.961,18.548,18.189,18.999,18.590,18.160,19.020,18.589,18.180,19.030,16.868,16.590,17.164,18.550,81.809,0.000,0.000,371.435,400.268,-25.727,0.056,0.000,372.142,0.000,7901.033,0.000,-999.000,-999.000,101.431,0.200,0.200,3.357,5.450,136.525,2.251,4.010,140.861,0.455,18.029,17.919,18.146,17.077,17.032,17.118,16.416,16.397,16.440,-999.000,-999.000,-999.000,15.770,14.297,17.138,16.991,17.331,-999.000,-999.000,-999.000,-999.000,-999.000,-999.000,16.318,16.257,16.393,2.884,3.650,4.173,-8.508,0.589,0.648,0.694,0.755,0.617,0.671,0.697,0.752,0.458,,,,,,,,
2023-09-27,21,18.677,18.415,18.845,18.689,18.378,18.880,18.721,18.340,18.930,18.716,18.330,18.910,17.047,16.709,17.224,18.692,80.547,0.000,0.000,374.628,401.383,-23.496,0.000,0.000,373.602,0.000,7910.867,0.000,-999.000,-999.000,101.356,0.200,0.200,4.136,6.260,133.166,2.867,5.110,135.979,0.456,17.851,17.760,17.950,17.127,17.100,17.167,16.458,16.417,16.496,-999.000,-999.000,-999.000,15.759,14.295,16.888,16.797,16.991,-999.000,-999.000,-999.000,-999.000,-999.000,-999.000,16.309,16.214,16.363,0.990,3.021,2.594,-7.552,0.589,0.648,0.694,0.755,0.616,0.671,0.697,0.752,0.457,,,,,,,,
2023-09-27,22,18.417,17.879,19.147,18.434,17.891,19.175,18.450,17.930,19.210,18.447,17.880,19.230,17.025,16.547,17.541,18.427,80.723,0.000,0.000,384.445,401.387,-13.350,0.000,0.000,383.112,0.000,7951.900,0.000,-999.000,-999.000,101.305,0.200,0.200,3.884,6.600,150.445,2.684,5.380,150.130,0.457,17.702,17.638,17.771,17.144,17.123,17.160,16.509,16.466,16.536,-999.000,-999.000,-999.000,15.760,14.294,16.747,16.681,16.816,-999.000,-999.000,-999.000,-999.000,-999.000,-999.000,16.303,16.264,16.376,-0.087,2.513,1.560,-6.391,0.589,0.647,0.694,0.755,0.616,0.671,0.697,0.752,0.457,,,,,,,,
2023-09-27,23,18.934,18.597,19.203,18.944,18.582,19.248,18.943,18.600,19.210,18.943,18.590,19.210,17.334,17.006,17.485,18.945,75.587,0.000,0.000,383.100,402.402,-15.664,0.000,0.000,381.738,0.000,7946.050,0.000,-999.000,-999.000,101.283,0.200,0.200,4.264,6.480,162.374,2.953,5.730,161.456,0.457,17.590,17.539,17.641,17.130,17.102,17.174,16.560,16.519,16.608,-999.000,-999.000,-999.000,15.770,14.302,16.634,16.548,16.698,-999.000,-999.000,-999.000,-999.000,-999.000,-999.000,16.308,16.241,16.369,-0.659,2.120,0.878,-5.732,0.589,0.646,0.694,0.755,0.616,0.670,0.697,0.752,0.457,,,,,,,,
2023-09-27,24,18.293,17.784,18.710,18.310,17.812,18.725,18.312,17.870,18.710,18.317,17.860,18.730,16.617,16.089,17.052,18.310,77.862,0.000,0.000,370.475,398.483,-24.898,0.000,0.000,384.982,0.000,7938.267,0.000,-999.000,-999.000,101.287,0.200,0.200,4.186,5.810,165.077,2.724,4.490,163.085,0.457,17.482,17.428,17.542,17.124,17.098,17.152,16.585,16.562,16.608,-999.000,-999.000,-999.000,15.763,14.298,16.405,16.223,16.562,-999.000,-999.000,-999.000,-999.000,-999.000,-999.000,16.303,16.241,16.359,-1.079,1.817,0.325,-6.577,0.588,0.646,0.694,0.755,0.616,0.670,0.697,0.752,0.456,,,,,,,,
