2023-12-22,01,6.081,5.415,6.740,6.103,5.431,6.714,6.155,5.472,6.786,6.143,5.444,6.797,4.704,4.041,5.179,6.065,85.817,0.000,0.000,333.587,340.922,-4.622,0.254,0.000,328.605,0.000,6142.650,1.460,-999.000,-999.000,100.240,0.200,0.200,9.307,17.650,293.136,7.119,14.640,292.683,0.299,7.425,7.365,7.510,7.628,7.585,7.669,7.539,7.509,7.563,-999.000,-999.000,-999.000,9.907,11.412,5.344,5.194,5.437,-999.000,-999.000,-999.000,-999.000,-999.000,-999.000,7.801,7.718,7.881,-4.902,-1.760,-4.362,-11.896,0.692,0.694,0.692,0.723,0.705,0.708,0.684,0.732,0.587,,,,,,,,
2023-12-22,02,5.592,5.462,5.796,5.609,5.511,5.799,5.696,5.594,5.879,5.684,5.596,5.886,4.305,3.706,4.521,5.577,88.452,0.000,0.000,320.267,338.635,-16.063,0.188,0.000,313.628,0.000,6444.767,0.890,-999.000,-999.000,100.275,0.200,0.200,8.869,14.950,294.395,6.552,11.990,294.462,0.299,7.310,7.249,7.365,7.573,7.527,7.609,7.524,7.494,7.553,-999.000,-999.000,-999.000,9.881,11.428,5.290,5.228,5.329,-999.000,-999.000,-999.000,-999.000,-999.000,-999.000,7.817,7.749,7.891,-5.017,-2.177,-4.580,-11.183,0.692,0.694,0.692,0.723,0.705,0.708,0.684,0.732,0.587,,,,,,,,
2023-12-22,03,5.867,5.528,6.140,5.900,5.531,6.223,5.929,5.633,6.245,5.930,5.621,6.249,4.040,3.594,4.540,5.853,88.238,0.000,0.000,293.780,337.697,-40.888,0.027,0.000,286.702,0.000,6599.450,0.020,-999.000,-999.000,100.273,0.200,0.200,6.273,10.890,275.596,4.568,7.640,275.747,0.298,7.211,7.170,7.269,7.527,7.491,7.560,7.521,7.500,7.550,-999.000,-999.000,-999.000,9.891,11.430,5.055,4.868,5.214,-999.000,-999.000,-999.000,-999.000,-999.000,-999.000,7.801,7.740,7.862,-5.129,-2.477,-4.727,-11.828,0.692,0.693,0.692,0.723,0.705,0.708,0.684,0.732,0.587,,,,,,,,
2023-12-22,04,6.957,6.206,7.322,6.990,6.299,7.366,7.072,6.336,7.451,7.065,6.334,7.451,4.561,3.792,5.057,6.987,77.711,0.000,0.000,314.080,341.260,-22.869,0.477,0.000,309.612,0.000,6490.217,0.000,-999.000,-999.000,100.257,0.200,0.200,8.374,14.410,281.756,6.121,12.360,282.352,0.297,7.151,7.105,7.180,7.505,7.479,7.543,7.534,7.494,7.576,-999.000,-999.000,-999.000,9.891,11.410,4.843,4.763,4.989,-999.000,-999.000,-999.000,-999.000,-999.000,-999.000,7.825,7.736,7.910,-5.266,-2.740,-4.905,-13.271,0.692,0.693,0.692,0.723,0.705,0.708,0.684,0.732,0.587,,,,,,,,
2023-12-22,05,5.576,5.312,7.160,5.590,5.241,7.183,5.589,5.316,7.147,5.591,5.280,7.117,4.207,3.718,5.060,5.569,88.250,0.000,0.000,321.887,338.205,-12.515,0.165,0.012,314.933,0.000,6570.500,1.260,-999.000,-999.000,100.323,0.200,0.200,6.621,12.970,305.168,4.878,11.370,304.956,0.297,7.085,7.031,7.142,7.474,7.428,7.508,7.543,7.508,7.570,-999.000,-999.000,-999.000,9.902,11.411,5.000,4.920,5.035,-999.000,-999.000,-999.000,-999.000,-999.000,-999.000,7.832,7.751,7.930,-5.401,-2.953,-5.093,-10.796,0.692,0.693,0.691,0.724,0.705,0.708,0.684,0.733,0.587,,,,,,,,
2023-12-22,06,7.249,5.604,8.025,7.331,5.696,8.051,7.374,5.709,8.080,7.365,5.690,8.080,4.867,3.956,5.290,7.302,77.607,0.000,0.000,324.848,342.847,-13.798,1.122,0.000,320.552,0.000,6610.833,0.000,-999.000,-999.000,100.316,0.200,0.200,6.281,11.490,275.161,4.809,9.600,274.347,0.296,7.013,6.956,7.061,7.434,7.389,7.464,7.536,7.508,7.563,-999.000,-999.000,-999.000,9.894,11.404,4.995,4.884,5.124,-999.000,-999.000,-999.000,-999.000,-999.000,-999.000,7.845,7.777,7.896,-5.397,-3.114,-5.182,-10.099,0.692,0.693,0.691,0.723,0.704,0.708,0.684,0.733,0.587,,,,,,,,
2023-12-22,07,8.225,7.971,8.472,8.240,7.974,8.571,8.303,8.010,8.620,8.292,7.992,8.590,5.685,5.317,5.935,8.224,77.589,0.000,0.000,325.273,347.265,-17.294,0.205,0.000,321.278,0.000,6328.800,0.000,-999.000,-999.000,100.300,0.200,0.200,7.736,13.420,272.015,5.899,10.350,272.146,0.296,6.945,6.908,7.003,7.395,7.354,7.439,7.527,7.482,7.564,-999.000,-999.000,-999.000,9.896,11.405,5.288,5.093,5.447,-999.000,-999.000,-999.000,-999.000,-999.000,-999.000,7.847,7.771,7.916,-5.326,-3.251,-5.204,-7.119,0.692,0.693,0.691,0.724,0.704,0.708,0.684,0.733,0.587,,,,,,,,
2023-12-22,08,8.616,8.349,8.790,8.632,8.364,8.830,8.681,8.420,8.820,8.677,8.410,8.820,6.202,5.891,6.488,8.593,78.345,0.756,0.000,329.817,349.600,-14.373,0.941,0.000,325.485,0.000,6341.917,0.000,-999.000,-999.000,100.303,0.200,0.200,7.897,13.350,269.693,6.183,13.390,269.865,0.296,6.898,6.869,6.940,7.352,7.322,7.380,7.517,7.483,7.568,-999.000,-999.000,-999.000,9.907,11.414,5.619,5.434,5.769,-999.000,-999.000,-999.000,-999.000,-999.000,-999.000,7.845,7.778,7.923,-4.976,-3.316,-5.006,-3.987,0.691,0.693,0.691,0.724,0.704,0.708,0.684,0.733,0.587,,,,,,,,
2023-12-22,09,7.983,7.852,8.314,7.991,7.835,8.237,8.064,7.906,8.320,8.049,7.881,8.290,6.483,6.207,6.732,7.956,87.043,10.381,0.716,342.810,349.667,5.667,11.817,0.000,338.048,0.000,6083.217,1.180,-999.000,-999.000,100.299,0.200,0.200,6.945,13.660,281.114,5.141,9.960,281.668,0.295,6.876,6.837,6.916,7.318,7.283,7.361,7.505,7.470,7.527,-999.000,-999.000,-999.000,9.905,11.419,5.984,5.782,6.218,-999.000,-999.000,-999.000,-999.000,-999.000,-999.000,7.856,7.792,7.920,-4.399,-3.268,-4.587,-1.201,0.691,0.693,0.691,0.724,0.704,0.708,0.684,0.733,0.587,,,,,,,,
2023-12-22,10,8.147,7.489,8.781,8.167,7.502,8.820,8.241,7.615,8.850,8.224,7.587,8.850,6.848,6.409,7.276,8.117,89.007,17.845,1.445,343.875,351.423,9.883,19.446,0.000,339.087,0.000,6319.850,2.080,-999.000,-999.000,100.284,0.200,0.200,8.776,18.290,284.921,6.586,13.020,284.202,0.294,6.865,6.837,6.890,7.280,7.237,7.316,7.490,7.454,7.527,-999.000,-999.000,-999.000,9.906,11.408,6.500,6.218,6.633,-999.000,-999.000,-999.000,-999.000,-999.000,-999.000,7.854,7.765,7.927,-3.744,-3.128,-4.034,2.916,0.691,0.693,0.691,0.724,0.704,0.708,0.683,0.733,0.587,,,,,,,,
2023-12-22,11,8.919,7.472,9.815,8.975,7.485,9.806,9.046,7.558,9.910,9.037,7.511,9.920,7.614,6.508,8.153,8.947,88.465,48.985,7.218,345.112,355.685,31.199,50.332,0.000,341.163,0.000,6506.350,0.070,-999.000,-999.000,100.279,0.200,0.200,8.447,16.290,283.146,6.123,12.890,283.130,0.293,6.898,6.866,6.924,7.250,7.218,7.287,7.477,7.442,7.501,-999.000,-999.000,-999.000,9.896,11.403,6.892,6.594,7.307,-999.000,-999.000,-999.000,-999.000,-999.000,-999.000,7.866,7.803,7.911,-2.915,-2.915,-3.339,4.869,0.691,0.693,0.691,0.724,0.704,0.708,0.683,0.733,0.587,,,,,,,,
2023-12-22,12,9.565,9.191,9.971,9.576,9.213,9.964,9.645,9.210,10.040,9.636,9.180,10.030,8.010,7.785,8.243,9.547,85.875,52.900,7.789,346.657,357.857,33.911,54.726,0.000,341.098,0.000,6349.183,0.530,-999.000,-999.000,100.269,0.200,0.200,10.072,17.120,283.046,7.593,13.390,282.639,0.292,6.940,6.884,6.999,7.223,7.195,7.254,7.448,7.425,7.468,-999.000,-999.000,-999.000,9.878,11.399,7.614,7.333,7.834,-999.000,-999.000,-999.000,-999.000,-999.000,-999.000,7.864,7.792,7.941,-2.068,-2.638,-2.577,10.314,0.691,0.693,0.691,0.724,0.704,0.708,0.683,0.733,0.588,,,,,,,,
2023-12-22,13,9.954,9.612,10.076,9.971,9.629,10.124,10.032,9.700,10.140,10.026,9.700,10.140,8.190,8.010,8.331,9.944,82.947,54.590,7.695,347.695,359.202,35.393,55.772,0.000,342.773,0.000,6351.517,0.140,-999.000,-999.000,100.228,0.200,0.200,9.739,15.800,279.904,7.231,12.830,279.834,0.291,7.017,6.982,7.054,7.213,7.183,7.243,7.444,7.416,7.471,-999.000,-999.000,-999.000,9.883,11.386,8.058,7.867,8.196,-999.000,-999.000,-999.000,-999.000,-999.000,-999.000,7.870,7.767,7.934,-0.995,-2.289,-1.594,12.560,0.691,0.693,0.691,0.724,0.704,0.708,0.683,0.732,0.588,,,,,,,,
2023-12-22,14,10.154,9.824,10.353,10.191,9.840,10.409,10.242,9.920,10.450,10.244,9.920,10.450,8.176,8.073,8.423,10.161,81.234,40.442,4.667,348.063,359.073,24.936,42.218,0.000,343.500,0.000,6261.150,0.000,-999.000,-999.000,100.224,0.200,0.200,10.842,18.480,283.759,8.040,16.590,282.821,0.291,7.111,7.034,7.186,7.214,7.183,7.252,7.426,7.403,7.450,-999.000,-999.000,-999.000,9.893,11.395,8.246,8.146,8.298,-999.000,-999.000,-999.000,-999.000,-999.000,-999.000,7.881,7.804,7.969,0.037,-1.853,-0.582,12.174,0.691,0.693,0.691,0.724,0.704,0.708,0.683,0.732,0.588,,,,,,,,
2023-12-22,15,10.376,10.035,10.621,10.401,10.024,10.666,10.464,10.090,10.740,10.457,10.070,10.730,8.130,8.030,8.199,10.367,79.610,14.945,0.150,347.407,359.137,4.640,16.580,0.000,341.915,0.000,6302.617,0.050,-999.000,-999.000,100.246,0.200,0.200,11.899,18.920,284.717,8.816,16.060,284.316,0.291,7.229,7.152,7.288,7.218,7.189,7.249,7.423,7.397,7.446,-999.000,-999.000,-999.000,9.894,11.395,8.224,8.162,8.271,-999.000,-999.000,-999.000,-999.000,-999.000,-999.000,7.885,7.820,7.959,0.828,-1.392,0.246,9.748,0.691,0.693,0.691,0.724,0.704,0.708,0.683,0.732,0.588,,,,,,,,
2023-12-22,16,9.784,9.402,10.340,9.797,9.382,10.408,9.863,9.450,10.470,9.849,9.430,10.460,8.036,7.962,8.129,9.755,86.313,0.118,0.000,350.705,358.008,-3.845,1.732,0.000,344.270,0.000,6026.533,1.170,-999.000,-999.000,100.314,0.200,0.200,11.400,18.480,286.585,8.616,15.450,285.999,0.290,7.317,7.264,7.382,7.231,7.199,7.287,7.416,7.393,7.435,-999.000,-999.000,-999.000,9.884,11.382,8.113,8.071,8.192,-999.000,-999.000,-999.000,-999.000,-999.000,-999.000,7.879,7.798,7.965,1.310,-0.967,0.800,7.160,0.691,0.693,0.691,0.724,0.704,0.708,0.683,0.732,0.588,,,,,,,,
2023-12-22,17,9.793,9.324,10.124,9.831,9.342,10.189,9.898,9.450,10.230,9.889,9.410,10.210,7.967,7.811,8.032,9.804,85.445,0.000,0.000,348.362,357.790,-7.488,0.855,0.000,342.780,0.000,6090.317,0.870,-999.000,-999.000,100.362,0.200,0.200,11.125,18.360,286.459,8.352,15.740,285.912,0.290,7.383,7.349,7.421,7.240,7.217,7.277,7.405,7.379,7.431,-999.000,-999.000,-999.000,9.879,11.396,8.056,7.996,8.092,-999.000,-999.000,-999.000,-999.000,-999.000,-999.000,7.878,7.819,7.947,1.594,-0.609,1.104,5.631,0.692,0.693,0.691,0.724,0.705,0.708,0.683,0.732,0.588,,,,,,,,
2023-12-22,18,9.732,9.317,10.054,9.758,9.326,10.093,9.824,9.450,10.150,9.817,9.400,10.130,7.813,7.660,7.969,9.732,85.580,0.000,0.000,340.037,357.130,-14.934,0.801,0.000,334.108,0.000,6003.617,1.460,-999.000,-999.000,100.407,0.200,0.200,11.084,18.230,286.498,8.382,15.620,286.745,0.290,7.438,7.408,7.474,7.257,7.227,7.280,7.395,7.372,7.418,-999.000,-999.000,-999.000,9.890,11.393,7.932,7.858,8.013,-999.000,-999.000,-999.000,-999.000,-999.000,-999.000,7.868,7.779,7.921,1.707,-0.325,1.247,4.165,0.692,0.693,0.691,0.724,0.705,0.708,0.683,0.732,0.588,,,,,,,,
2023-12-22,19,9.992,9.377,10.305,10.040,9.399,10.331,10.105,9.490,10.420,10.096,9.470,10.400,7.730,7.643,7.831,10.025,80.410,0.000,0.000,346.205,357.213,-8.760,1.189,0.000,340.290,0.000,6238.750,0.160,-999.000,-999.000,100.457,0.200,0.200,11.874,20.310,288.022,8.922,16.960,287.485,0.289,7.489,7.451,7.527,7.286,7.254,7.320,7.390,7.365,7.408,-999.000,-999.000,-999.000,9.895,11.395,7.864,7.841,7.900,-999.000,-999.000,-999.000,-999.000,-999.000,-999.000,7.869,7.809,7.941,1.698,-0.108,1.278,3.055,0.692,0.693,0.691,0.724,0.705,0.708,0.683,0.732,0.588,,,,,,,,
2023-12-22,20,7.668,7.406,9.254,7.665,7.370,9.194,7.734,7.454,9.470,7.728,7.460,9.460,6.656,6.514,7.590,7.639,91.412,0.000,0.000,344.422,350.158,-2.223,0.166,0.000,341.392,0.000,5990.233,1.730,-999.000,-999.000,100.584,0.200,0.200,7.777,14.370,317.496,5.867,10.750,317.072,0.289,7.541,7.484,7.586,7.320,7.281,7.365,7.404,7.375,7.433,-999.000,-999.000,-999.000,9.892,11.395,7.645,7.445,7.874,-999.000,-999.000,-999.000,-999.000,-999.000,-999.000,7.879,7.819,7.940,1.587,0.037,1.228,1.130,0.692,0.693,0.692,0.724,0.705,0.708,0.684,0.732,0.588,,,,,,,,
2023-12-22,21,7.338,7.193,7.456,7.356,7.226,7.482,7.378,7.262,7.479,7.391,7.274,7.500,6.210,5.800,6.534,7.315,92.617,0.000,0.000,328.637,347.973,-16.093,0.000,0.000,323.315,0.000,6331.500,0.320,-999.000,-999.000,100.705,0.200,0.200,6.219,10.380,301.497,4.532,9.200,301.069,0.289,7.575,7.551,7.598,7.349,7.299,7.377,7.413,7.385,7.439,-999.000,-999.000,-999.000,9.883,11.374,7.301,7.077,7.452,-999.000,-999.000,-999.000,-999.000,-999.000,-999.000,7.884,7.819,7.952,1.275,0.113,1.036,-2.145,0.692,0.693,0.692,0.724,0.705,0.709,0.684,0.732,0.588,,,,,,,,
2023-12-22,22,7.338,7.164,7.438,7.371,7.190,7.487,7.398,7.253,7.514,7.392,7.253,7.507,5.805,5.391,6.028,7.337,89.792,0.000,0.000,315.525,346.440,-26.891,0.179,0.000,311.525,0.000,6217.733,0.000,-999.000,-999.000,100.785,0.200,0.200,6.094,9.950,288.811,4.484,7.890,287.757,0.289,7.550,7.515,7.584,7.355,7.334,7.380,7.396,7.377,7.416,-999.000,-999.000,-999.000,9.895,11.399,6.850,6.668,7.084,-999.000,-999.000,-999.000,-999.000,-999.000,-999.000,7.870,7.817,7.943,0.670,0.064,0.614,-4.952,0.692,0.694,0.692,0.724,0.705,0.709,0.684,0.732,0.588,,,,,,,,
2023-12-22,23,7.258,6.972,7.541,7.279,6.999,7.537,7.333,7.104,7.585,7.317,7.088,7.558,5.355,4.719,6.084,7.253,88.017,0.010,0.000,295.782,344.140,-43.526,0.063,0.000,291.957,0.000,6340.600,0.000,-999.000,-999.000,100.867,0.200,0.200,6.246,9.840,283.781,4.552,8.620,283.448,0.290,7.534,7.502,7.566,7.372,7.337,7.408,7.401,7.377,7.448,-999.000,-999.000,-999.000,9.898,11.394,6.525,6.184,6.672,-999.000,-999.000,-999.000,-999.000,-999.000,-999.000,7.861,7.794,7.916,-0.029,-0.091,0.064,-6.903,0.692,0.694,0.692,0.724,0.705,0.709,0.684,0.732,0.587,,,,,,,,
2023-12-22,24,7.182,6.973,7.316,7.214,7.015,7.336,7.306,7.105,7.412,7.299,7.104,7.410,5.415,4.785,5.837,7.208,86.715,0.000,0.000,320.697,344.905,-18.791,0.086,0.000,317.717,0.000,6350.250,0.000,-999.000,-999.000,100.923,0.200,0.200,5.314,8.220,275.173,3.992,7.520,274.776,0.290,7.525,7.443,7.580,7.399,7.368,7.435,7.439,7.404,7.475,-999.000,-999.000,-999.000,9.890,11.380,6.097,6.062,6.187,-999.000,-999.000,-999.000,-999.000,-999.000,-999.000,7.866,7.805,7.918,-0.723,-0.315,-0.542,-10.039,0.692,0.694,0.692,0.724,0.705,0.709,0.684,0.732,0.587,,,,,,,,
