2023-08-20,01,16.335,15.732,16.893,16.337,15.750,16.903,16.415,15.790,16.970,16.413,15.740,16.970,15.100,14.134,16.032,16.413,96.928,0.000,0.000,360.940,389.702,-22.187,0.000,0.000,357.580,0.000,7991.150,0.000,-999.000,-999.000,102.064,0.200,0.200,2.144,3.370,160.292,1.056,2.250,177.466,0.550,19.552,19.460,19.649,19.655,19.613,19.735,18.911,18.877,18.929,-999.000,-999.000,-999.000,15.155,13.575,20.248,20.030,20.477,-999.000,-999.000,-999.000,-999.000,-999.000,-999.000,18.988,18.957,19.011,-2.914,-1.083,-4.886,-22.198,0.329,0.555,0.649,0.757,0.288,0.469,0.687,0.754,0.426,,,,,,,,
2023-08-20,02,16.749,16.439,17.018,16.746,16.425,17.000,16.773,16.250,17.080,16.774,16.220,17.070,15.517,14.022,16.278,16.764,96.873,0.000,0.000,369.947,391.068,-14.028,0.000,0.000,367.055,0.000,7736.100,0.000,-999.000,-999.000,102.118,0.200,0.200,1.331,2.060,166.712,0.674,1.240,171.637,0.551,19.385,19.321,19.466,19.553,19.498,19.610,18.897,18.866,18.919,-999.000,-999.000,-999.000,15.151,13.588,20.012,19.796,20.125,-999.000,-999.000,-999.000,-999.000,-999.000,-999.000,18.987,18.970,19.023,-3.175,-1.196,-4.989,-20.103,0.328,0.555,0.649,0.757,0.288,0.469,0.687,0.755,0.425,,,,,,,,
2023-08-20,03,15.526,14.878,16.396,15.564,14.909,16.384,15.387,14.720,16.270,15.376,14.740,16.270,12.713,11.415,13.986,15.329,97.473,0.000,0.000,337.045,372.173,-27.441,0.000,0.000,334.135,0.000,2224.183,0.000,-999.000,-999.000,102.137,0.200,0.200,1.406,2.670,111.246,0.643,1.410,90.477,0.551,19.231,19.122,19.326,19.468,19.412,19.507,18.882,18.859,18.909,-999.000,-999.000,-999.000,15.156,13.585,19.387,19.016,19.793,-999.000,-999.000,-999.000,-999.000,-999.000,-999.000,19.014,18.987,19.041,-3.309,-1.252,-5.131,-26.523,0.328,0.555,0.650,0.758,0.288,0.469,0.687,0.755,0.424,,,,,,,,
2023-08-20,04,14.858,14.195,15.374,14.851,14.174,15.341,14.877,14.220,15.330,14.874,14.190,15.360,12.137,11.355,12.873,14.834,98.015,0.000,0.000,331.113,371.680,-34.044,0.000,0.000,327.593,0.000,6633.583,0.000,-999.000,-999.000,102.113,0.200,0.200,2.390,2.940,153.841,1.167,1.790,159.185,0.552,18.992,18.857,19.109,19.379,19.338,19.439,18.866,18.844,18.891,-999.000,-999.000,-999.000,15.157,13.585,18.748,18.567,19.019,-999.000,-999.000,-999.000,-999.000,-999.000,-999.000,19.037,19.002,19.070,-4.170,-1.823,-6.416,-30.291,0.328,0.555,0.650,0.758,0.288,0.469,0.687,0.756,0.423,,,,,,,,
2023-08-20,05,14.922,14.161,15.389,14.916,14.152,15.363,14.966,14.150,15.480,14.949,14.100,15.440,12.685,12.206,13.344,14.877,97.958,8.280,0.168,333.423,372.598,-25.951,6.690,13.985,330.080,0.000,5832.350,0.000,-999.000,-999.000,102.155,0.200,0.200,1.744,2.690,156.812,0.839,1.750,155.149,0.552,18.744,18.638,18.853,19.284,19.227,19.348,18.861,18.841,18.875,-999.000,-999.000,-999.000,15.150,13.581,18.442,18.292,18.577,-999.000,-999.000,-999.000,-999.000,-999.000,-999.000,19.055,19.035,19.086,-5.178,-2.679,-7.530,-29.517,0.327,0.555,0.651,0.759,0.287,0.468,0.687,0.756,0.421,,,,,,,,
2023-08-20,06,15.607,14.266,16.967,15.655,14.255,17.061,15.987,14.240,17.210,15.903,14.220,17.180,16.516,12.767,18.844,15.757,98.028,102.242,24.268,348.762,394.388,32.347,61.896,168.481,346.425,7.167,7856.067,0.430,-999.000,-999.000,102.217,0.200,0.200,0.638,1.090,64.254,0.627,1.160,45.034,0.553,18.510,18.414,18.632,19.177,19.116,19.224,18.805,18.764,18.855,-999.000,-999.000,-999.000,15.153,13.579,18.508,18.278,18.892,-999.000,-999.000,-999.000,-999.000,-999.000,-999.000,19.053,19.028,19.074,-5.754,-3.348,-7.994,-21.133,0.326,0.555,0.650,0.759,0.287,0.468,0.687,0.756,0.420,,,,,,,,
2023-08-20,07,17.924,17.036,19.190,18.020,17.099,19.182,18.209,17.250,19.380,18.103,17.260,19.320,21.254,19.112,22.939,18.068,88.990,258.972,64.133,339.363,415.615,118.587,56.507,572.705,333.178,9.861,7988.217,0.000,-999.000,-999.000,102.262,0.200,0.200,1.542,3.450,197.861,1.289,3.510,195.692,0.554,18.437,18.404,18.475,19.073,19.024,19.155,18.763,18.714,18.802,-999.000,-999.000,-999.000,15.151,13.574,19.342,18.899,19.773,-999.000,-999.000,-999.000,-999.000,-999.000,-999.000,19.062,19.027,19.098,-5.019,-3.412,-6.200,-2.027,0.324,0.555,0.650,0.758,0.287,0.467,0.687,0.756,0.421,,,,,,,,
2023-08-20,08,19.990,19.185,20.763,19.995,19.209,20.769,20.106,19.280,20.820,20.064,19.270,20.770,23.766,22.440,25.126,19.987,76.890,423.775,101.598,344.495,431.903,234.768,54.968,769.829,334.257,10.000,7999.000,0.000,-999.000,-999.000,102.277,0.200,0.200,2.216,3.330,240.086,1.939,3.240,238.775,0.555,18.571,18.471,18.700,18.988,18.940,19.031,18.748,18.719,18.778,-999.000,-999.000,-999.000,15.162,13.586,20.387,19.793,21.084,-999.000,-999.000,-999.000,-999.000,-999.000,-999.000,19.094,19.056,19.132,-2.578,-2.594,-2.317,19.779,0.324,0.555,0.650,0.758,0.287,0.467,0.687,0.756,0.422,,,,,,,,
2023-08-20,09,21.671,20.757,22.690,21.669,20.697,22.682,21.774,20.830,22.880,21.739,20.790,22.850,26.427,24.848,27.871,21.653,68.453,568.727,130.804,351.792,448.443,341.271,59.321,836.828,339.573,10.000,7999.000,0.000,-999.000,-999.000,102.299,0.200,0.200,2.987,4.890,228.271,2.543,5.560,226.728,0.555,18.861,18.678,19.080,18.916,18.883,18.964,18.700,18.676,18.740,-999.000,-999.000,-999.000,15.164,13.588,22.002,21.130,22.932,-999.000,-999.000,-999.000,-999.000,-999.000,-999.000,19.107,19.075,19.140,0.843,-1.532,2.803,42.504,0.324,0.555,0.649,0.758,0.286,0.467,0.686,0.756,0.425,,,,,,,,
2023-08-20,10,23.221,22.644,23.730,23.190,22.634,23.705,23.304,22.660,23.770,23.242,22.540,23.700,28.845,27.827,30.091,23.104,57.962,681.058,150.147,359.430,464.328,426.013,63.290,871.896,344.982,10.000,7999.000,0.000,-999.000,-999.000,102.302,0.200,0.200,3.086,5.480,247.005,2.637,5.610,245.352,0.556,19.341,19.086,19.620,18.876,18.846,18.903,18.674,18.648,18.699,-999.000,-999.000,-999.000,15.162,13.586,23.922,22.956,24.873,-999.000,-999.000,-999.000,-999.000,-999.000,-999.000,19.121,19.099,19.151,4.837,-0.329,8.802,61.712,0.323,0.554,0.649,0.753,0.286,0.467,0.686,0.755,0.428,,,,,,,,
2023-08-20,11,24.152,23.704,24.615,24.114,23.645,24.544,24.321,23.700,24.990,24.246,23.610,24.950,30.194,29.258,31.759,24.084,54.658,755.354,161.961,366.085,474.828,484.650,71.126,880.685,350.510,10.000,7999.000,0.000,-999.000,-999.000,102.316,0.200,0.200,3.286,5.990,251.551,2.781,5.480,248.370,0.556,19.942,19.630,20.256,18.880,18.856,18.922,18.636,18.589,18.674,-999.000,-999.000,-999.000,15.161,13.584,25.872,24.896,26.877,-999.000,-999.000,-999.000,-999.000,-999.000,-999.000,19.132,19.115,19.167,8.837,0.969,15.099,75.473,0.322,0.552,0.649,0.749,0.286,0.467,0.685,0.754,0.431,,,,,,,,
2023-08-20,12,24.660,24.211,25.230,24.621,24.086,25.214,24.712,24.040,25.530,24.673,24.000,25.490,30.297,27.316,31.960,24.554,49.950,724.918,152.735,371.998,476.222,467.960,118.914,757.928,357.975,8.750,7999.000,0.000,-999.000,-999.000,102.315,0.200,0.200,3.631,7.080,271.716,2.807,5.950,272.285,0.557,20.598,20.252,20.924,18.939,18.894,18.993,18.593,18.563,18.634,-999.000,-999.000,-999.000,15.171,13.600,27.511,26.920,27.909,-999.000,-999.000,-999.000,-999.000,-999.000,-999.000,19.134,19.106,19.168,12.162,2.300,20.688,78.806,0.321,0.550,0.649,0.748,0.286,0.467,0.684,0.753,0.434,,,,,,,,
2023-08-20,13,25.151,24.394,25.853,25.095,24.314,25.870,25.304,24.340,26.150,25.251,24.300,26.140,31.574,27.761,34.255,25.077,47.711,707.554,150.502,373.812,480.535,450.328,122.469,731.038,360.092,8.972,7999.000,0.000,-999.000,-999.000,102.294,0.200,0.200,2.638,5.830,267.276,2.143,4.620,265.776,0.557,21.233,20.940,21.523,19.056,18.986,19.117,18.584,18.550,18.609,-999.000,-999.000,-999.000,15.172,13.600,28.635,27.949,29.415,-999.000,-999.000,-999.000,-999.000,-999.000,-999.000,19.157,19.112,19.186,14.211,3.437,24.054,75.966,0.318,0.549,0.648,0.748,0.286,0.466,0.684,0.753,0.436,,,,,,,,
2023-08-20,14,25.500,24.723,26.118,25.453,24.612,26.115,25.546,24.710,26.230,25.505,24.680,26.180,31.300,27.329,33.704,25.396,47.016,662.462,143.040,378.175,475.728,421.869,141.205,702.377,365.337,8.722,7999.000,0.000,-999.000,-999.000,102.291,0.200,0.200,3.551,6.300,276.465,2.728,5.850,275.697,0.558,21.827,21.526,22.099,19.193,19.101,19.273,18.573,18.543,18.607,-999.000,-999.000,-999.000,15.176,13.602,29.609,29.401,29.915,-999.000,-999.000,-999.000,-999.000,-999.000,-999.000,19.162,19.125,19.193,15.073,4.164,25.561,73.674,0.317,0.548,0.648,0.748,0.286,0.465,0.683,0.752,0.438,,,,,,,,
2023-08-20,15,25.958,25.716,26.251,25.908,25.601,26.246,25.961,25.580,26.400,25.924,25.560,26.390,32.055,30.999,32.800,25.824,45.710,634.643,142.347,379.535,477.357,394.474,109.092,807.792,365.960,10.000,7999.000,0.000,-999.000,-999.000,102.277,0.200,0.200,3.085,6.990,276.215,2.388,6.540,274.842,0.558,22.299,22.093,22.479,19.362,19.274,19.466,18.580,18.562,18.614,-999.000,-999.000,-999.000,15.164,13.599,30.244,29.918,30.453,-999.000,-999.000,-999.000,-999.000,-999.000,-999.000,19.157,19.129,19.187,15.111,4.778,25.185,68.664,0.315,0.547,0.648,0.748,0.288,0.465,0.682,0.752,0.440,,,,,,,,
2023-08-20,16,25.775,25.403,26.029,25.721,25.319,25.974,25.753,25.250,26.230,25.732,25.270,26.190,30.589,29.472,32.557,25.742,47.244,475.061,110.050,376.427,464.547,276.892,90.888,728.031,365.545,10.000,7999.000,0.000,-999.000,-999.000,102.255,0.200,0.200,2.735,5.120,280.623,2.218,7.080,278.768,0.558,22.629,22.482,22.743,19.557,19.456,19.656,18.608,18.578,18.637,-999.000,-999.000,-999.000,15.172,13.589,30.288,29.970,30.436,-999.000,-999.000,-999.000,-999.000,-999.000,-999.000,19.175,19.151,19.198,14.606,5.332,23.102,53.513,0.314,0.545,0.649,0.748,0.290,0.465,0.681,0.751,0.440,,,,,,,,
2023-08-20,17,24.742,24.102,25.440,24.709,24.114,25.379,24.717,24.090,25.300,24.696,24.100,25.270,26.625,24.397,29.432,24.721,54.203,235.252,52.440,384.568,445.175,122.206,109.512,315.035,379.197,5.806,7999.000,0.000,-999.000,-999.000,102.237,0.200,0.200,2.316,4.550,326.145,1.596,3.770,322.330,0.559,22.758,22.723,22.806,19.739,19.656,19.830,18.643,18.601,18.669,-999.000,-999.000,-999.000,15.175,13.594,29.304,28.646,29.954,-999.000,-999.000,-999.000,-999.000,-999.000,-999.000,19.178,19.147,19.205,13.158,5.675,19.190,27.712,0.314,0.543,0.649,0.747,0.290,0.465,0.681,0.751,0.439,,,,,,,,
2023-08-20,18,23.711,23.198,24.805,23.699,23.201,24.755,23.652,23.200,24.670,23.645,23.210,24.680,23.802,22.717,26.171,23.732,58.977,130.116,28.666,386.015,431.878,55.587,88.205,185.884,381.878,4.833,7999.000,0.000,-999.000,-999.000,102.236,0.200,0.200,2.823,4.630,323.797,1.732,3.660,321.441,0.559,22.646,22.521,22.748,19.901,19.810,19.968,18.690,18.662,18.732,-999.000,-999.000,-999.000,15.170,13.593,27.931,27.352,28.619,-999.000,-999.000,-999.000,-999.000,-999.000,-999.000,19.176,19.147,19.207,10.988,5.464,14.986,6.633,0.312,0.541,0.649,0.746,0.291,0.465,0.681,0.751,0.437,,,,,,,,
2023-08-20,19,22.066,20.789,23.487,22.059,20.803,23.421,22.046,20.800,23.350,22.022,20.750,23.320,20.587,18.910,23.012,22.070,62.370,28.831,2.989,383.725,416.478,-4.049,23.682,41.932,379.788,0.000,7999.000,0.000,-999.000,-999.000,102.248,0.200,0.200,2.892,4.360,343.415,1.570,3.190,342.872,0.560,22.374,22.199,22.512,20.025,19.944,20.093,18.744,18.703,18.798,-999.000,-999.000,-999.000,15.171,13.592,26.670,25.962,27.332,-999.000,-999.000,-999.000,-999.000,-999.000,-999.000,19.180,19.156,19.209,8.859,4.986,11.376,-9.087,0.311,0.540,0.649,0.746,0.290,0.464,0.681,0.752,0.434,,,,,,,,
2023-08-20,20,19.653,18.977,20.703,19.674,19.002,20.728,19.623,18.930,20.720,19.606,18.950,20.660,17.624,16.604,18.877,19.575,74.378,0.000,0.000,368.533,399.180,-22.697,0.000,0.000,365.082,0.000,7999.000,0.000,-999.000,-999.000,102.283,0.200,0.200,2.309,3.300,352.293,0.954,1.980,343.203,0.561,21.996,21.770,22.212,20.106,20.058,20.150,18.807,18.759,18.844,-999.000,-999.000,-999.000,15.177,13.597,25.240,24.644,25.944,-999.000,-999.000,-999.000,-999.000,-999.000,-999.000,19.182,19.149,19.220,6.533,4.152,7.516,-22.227,0.310,0.539,0.649,0.746,0.289,0.464,0.681,0.752,0.431,,,,,,,,
2023-08-20,21,18.119,17.516,18.961,18.121,17.554,18.995,18.150,17.580,19.030,18.152,17.580,19.030,16.147,15.732,16.651,18.085,82.762,0.000,0.000,361.340,390.793,-21.490,0.000,0.000,357.388,0.000,7999.000,0.000,-999.000,-999.000,102.311,0.200,0.200,1.506,2.150,336.020,0.922,1.470,302.821,0.561,21.544,21.315,21.760,20.147,20.097,20.182,18.866,18.822,18.894,-999.000,-999.000,-999.000,15.182,13.598,24.103,23.610,24.617,-999.000,-999.000,-999.000,-999.000,-999.000,-999.000,19.194,19.156,19.228,4.054,3.079,3.835,-26.172,0.308,0.538,0.649,0.747,0.288,0.464,0.681,0.754,0.429,,,,,,,,
2023-08-20,22,17.210,16.927,17.539,17.221,16.965,17.594,17.239,17.010,17.620,17.231,16.980,17.610,16.213,15.792,16.742,17.190,89.093,0.000,0.000,373.655,392.980,-11.681,0.000,0.000,370.593,0.000,7999.000,0.000,-999.000,-999.000,102.340,0.200,0.200,1.194,2.140,338.312,0.595,1.420,324.076,0.562,21.099,20.881,21.337,20.133,20.110,20.154,18.924,18.873,18.953,-999.000,-999.000,-999.000,15.166,13.592,23.237,22.977,23.594,-999.000,-999.000,-999.000,-999.000,-999.000,-999.000,19.196,19.167,19.230,1.893,1.900,0.947,-26.222,0.307,0.537,0.649,0.748,0.286,0.463,0.681,0.755,0.427,,,,,,,,
2023-08-20,23,17.471,17.242,17.804,17.483,17.281,17.792,17.523,17.240,17.870,17.532,17.240,17.850,16.677,16.045,17.194,17.535,89.033,0.000,0.000,387.132,398.597,-3.209,0.000,0.000,384.442,0.000,7999.000,0.000,-999.000,-999.000,102.340,0.200,0.200,0.487,1.060,277.905,0.523,1.070,245.631,0.563,20.729,20.594,20.891,20.092,20.034,20.141,18.965,18.943,18.989,-999.000,-999.000,-999.000,15.168,13.588,22.800,22.674,22.983,-999.000,-999.000,-999.000,-999.000,-999.000,-999.000,19.203,19.180,19.227,0.454,0.920,-0.763,-23.985,0.306,0.537,0.649,0.749,0.285,0.462,0.682,0.756,0.425,,,,,,,,
2023-08-20,24,17.639,17.549,17.788,17.648,17.580,17.799,17.693,17.590,17.880,17.681,17.570,17.850,16.965,16.663,17.263,17.666,90.693,0.000,0.000,389.072,399.962,-2.371,0.000,0.000,386.832,0.000,7999.000,0.000,-999.000,-999.000,102.326,0.200,0.200,0.518,1.010,245.223,0.348,0.910,209.709,0.563,20.469,20.358,20.594,20.013,19.971,20.051,18.976,18.949,19.005,-999.000,-999.000,-999.000,15.174,13.607,22.508,22.332,22.681,-999.000,-999.000,-999.000,-999.000,-999.000,-999.000,19.198,19.176,19.225,-0.298,0.387,-1.440,-21.569,0.306,0.536,0.649,0.750,0.285,0.462,0.682,0.757,0.424,,,,,,,,
