2023-12-26,01,10.833,10.665,11.034,10.842,10.657,11.056,10.868,10.710,11.070,10.882,10.720,11.090,9.737,9.602,9.940,10.800,94.490,0.000,0.000,361.528,366.322,-2.444,0.000,0.000,356.248,0.000,5510.833,2.170,-999.000,-999.000,100.533,0.200,0.200,9.406,14.920,241.520,7.318,12.190,240.834,0.248,9.602,9.571,9.635,8.958,8.928,9.002,8.528,8.496,8.557,-999.000,-999.000,-999.000,9.829,11.246,10.262,10.149,10.333,-999.000,-999.000,-999.000,-999.000,-999.000,-999.000,8.367,8.308,8.438,3.599,2.570,3.470,3.185,0.697,0.699,0.696,0.723,0.708,0.711,0.688,0.732,0.589,,,,,,,,
2023-12-26,02,10.726,10.612,10.834,10.735,10.651,10.856,10.763,10.730,10.830,10.765,10.700,10.820,9.607,9.553,9.649,10.667,94.442,0.000,0.000,360.618,365.612,-2.582,0.023,0.000,354.817,0.000,5743.067,1.230,-999.000,-999.000,100.543,0.200,0.200,8.605,13.120,242.009,6.648,11.670,241.113,0.247,9.617,9.599,9.643,8.990,8.956,9.015,8.551,8.530,8.574,-999.000,-999.000,-999.000,9.835,11.236,10.115,10.057,10.186,-999.000,-999.000,-999.000,-999.000,-999.000,-999.000,8.389,8.313,8.475,3.481,2.600,3.436,1.648,0.697,0.699,0.696,0.723,0.708,0.711,0.688,0.732,0.589,,,,,,,,
2023-12-26,03,10.756,10.629,10.990,10.777,10.644,11.054,10.800,10.730,10.990,10.809,10.740,11.010,9.597,9.395,9.695,10.738,93.923,0.000,0.000,358.660,365.628,-4.124,0.359,0.000,353.048,0.000,5772.583,0.480,-999.000,-999.000,100.599,0.200,0.200,7.215,12.430,251.865,5.711,10.080,251.739,0.246,9.616,9.586,9.640,8.998,8.972,9.029,8.565,8.544,8.587,-999.000,-999.000,-999.000,9.836,11.230,10.023,9.975,10.067,-999.000,-999.000,-999.000,-999.000,-999.000,-999.000,8.406,8.336,8.482,3.195,2.597,3.283,1.089,0.697,0.699,0.696,0.723,0.708,0.711,0.688,0.732,0.589,,,,,,,,
2023-12-26,04,10.897,10.722,11.019,10.918,10.721,11.084,10.954,10.810,11.070,10.959,10.790,11.090,8.936,8.554,9.445,10.915,85.555,0.165,0.000,334.738,362.935,-24.556,1.292,0.000,329.928,0.000,6366.700,0.000,-999.000,-999.000,100.673,0.200,0.200,8.025,13.700,261.328,6.216,10.990,261.776,0.246,9.618,9.590,9.656,9.005,8.972,9.035,8.589,8.560,8.618,-999.000,-999.000,-999.000,9.831,11.233,9.784,9.560,9.975,-999.000,-999.000,-999.000,-999.000,-999.000,-999.000,8.425,8.343,8.535,2.904,2.550,3.087,-0.056,0.697,0.699,0.696,0.723,0.708,0.711,0.688,0.732,0.589,,,,,,,,
2023-12-26,05,10.104,9.713,10.690,10.106,9.703,10.695,10.202,9.770,10.810,10.198,9.760,10.800,7.554,7.026,8.521,10.119,81.215,0.020,0.000,297.907,356.078,-54.528,0.131,0.001,293.858,0.000,6321.433,0.000,-999.000,-999.000,100.756,0.200,0.200,7.405,12.470,273.110,5.494,10.150,272.781,0.245,9.596,9.572,9.632,9.022,8.997,9.047,8.598,8.572,8.629,-999.000,-999.000,-999.000,9.830,11.230,9.150,8.761,9.554,-999.000,-999.000,-999.000,-999.000,-999.000,-999.000,8.442,8.377,8.503,2.560,2.471,2.827,-4.494,0.697,0.699,0.696,0.723,0.708,0.711,0.688,0.733,0.589,,,,,,,,
2023-12-26,06,9.336,8.886,9.743,9.349,8.852,9.802,9.450,9.010,9.860,9.443,8.980,9.840,6.529,5.838,7.085,9.373,78.691,0.000,0.000,278.725,351.070,-68.131,0.000,0.000,274.817,0.000,6424.383,0.000,-999.000,-999.000,100.856,0.200,0.200,6.835,12.090,266.149,5.315,10.840,266.266,0.244,9.577,9.526,9.608,9.027,8.992,9.057,8.612,8.573,8.641,-999.000,-999.000,-999.000,9.837,11.245,8.317,7.939,8.761,-999.000,-999.000,-999.000,-999.000,-999.000,-999.000,8.445,8.366,8.508,1.852,2.337,2.280,-11.114,0.697,0.699,0.696,0.724,0.708,0.711,0.689,0.733,0.588,,,,,,,,
2023-12-26,07,8.429,8.158,8.777,8.438,8.154,8.783,8.521,8.240,9.010,8.518,8.230,9.010,5.516,5.143,5.835,8.446,78.007,0.000,0.000,274.898,345.723,-65.925,0.000,0.000,271.588,0.000,6477.483,0.000,-999.000,-999.000,100.976,0.200,0.200,5.285,8.330,259.725,4.115,6.950,258.925,0.243,9.511,9.443,9.560,9.047,9.008,9.083,8.638,8.599,8.671,-999.000,-999.000,-999.000,9.845,11.239,7.589,7.275,7.932,-999.000,-999.000,-999.000,-999.000,-999.000,-999.000,8.479,8.423,8.549,0.717,2.089,1.349,-17.417,0.697,0.699,0.696,0.724,0.708,0.710,0.689,0.733,0.588,,,,,,,,
2023-12-26,08,8.028,7.782,8.291,8.050,7.812,8.323,8.073,7.763,8.350,8.074,7.755,8.360,5.008,4.798,5.243,8.017,76.624,1.660,0.000,270.093,343.167,-66.404,1.558,0.000,266.775,0.000,6404.917,0.000,-999.000,-999.000,101.064,0.200,0.200,5.245,9.530,252.569,3.943,8.210,251.388,0.242,9.398,9.353,9.450,9.036,9.007,9.067,8.633,8.601,8.686,-999.000,-999.000,-999.000,9.840,11.248,6.992,6.728,7.281,-999.000,-999.000,-999.000,-999.000,-999.000,-999.000,8.489,8.408,8.560,-0.672,1.711,0.150,-20.999,0.697,0.699,0.696,0.724,0.708,0.710,0.689,0.733,0.587,,,,,,,,
2023-12-26,09,8.506,8.096,8.767,8.530,8.112,8.789,8.596,8.210,8.830,8.578,8.190,8.830,5.759,5.147,6.309,8.482,74.778,47.962,12.141,275.687,347.113,-35.531,33.443,107.301,272.520,3.167,6335.517,0.000,-999.000,-999.000,101.155,0.200,0.200,6.051,9.770,255.836,4.714,8.300,255.435,0.242,9.271,9.179,9.376,9.033,9.004,9.068,8.652,8.621,8.683,-999.000,-999.000,-999.000,9.843,11.241,6.752,6.692,6.797,-999.000,-999.000,-999.000,-999.000,-999.000,-999.000,8.495,8.418,8.558,-2.074,1.237,-1.102,-21.034,0.697,0.699,0.696,0.724,0.707,0.710,0.689,0.734,0.587,,,,,,,,
2023-12-26,10,8.775,8.415,9.182,8.766,8.398,9.172,8.848,8.480,9.240,8.821,8.480,9.220,6.568,5.981,7.374,8.690,77.690,102.612,31.808,269.735,350.757,-10.183,43.345,301.734,266.077,6.750,6321.700,0.000,-999.000,-999.000,101.289,0.200,0.200,6.638,11.640,256.259,5.237,10.010,255.750,0.241,9.125,9.066,9.209,9.012,8.983,9.057,8.660,8.623,8.696,-999.000,-999.000,-999.000,9.841,11.242,6.874,6.715,7.194,-999.000,-999.000,-999.000,-999.000,-999.000,-999.000,8.511,8.446,8.574,-3.200,0.722,-2.168,-16.915,0.697,0.699,0.696,0.724,0.707,0.710,0.689,0.734,0.587,,,,,,,,
2023-12-26,11,9.491,9.182,9.820,9.452,9.155,9.749,9.528,9.210,9.860,9.482,9.180,9.780,8.086,7.378,8.845,9.327,74.622,200.207,64.883,276.523,357.248,54.599,79.671,501.626,272.490,9.611,6052.933,0.000,-999.000,-999.000,101.382,0.200,0.200,7.352,13.210,255.584,5.877,10.000,256.136,0.241,8.998,8.927,9.053,8.993,8.954,9.029,8.671,8.647,8.692,-999.000,-999.000,-999.000,9.842,11.241,7.701,7.223,8.245,-999.000,-999.000,-999.000,-999.000,-999.000,-999.000,8.523,8.464,8.581,-3.765,0.241,-2.810,-7.338,0.697,0.699,0.696,0.724,0.707,0.710,0.689,0.734,0.587,,,,,,,,
2023-12-26,12,9.632,9.525,9.726,9.624,9.528,9.692,9.668,9.550,9.760,9.652,9.520,9.730,8.010,7.635,8.396,9.564,72.527,98.799,20.477,328.962,357.538,49.746,90.784,27.808,326.190,0.500,6066.767,0.000,-999.000,-999.000,101.442,0.200,0.200,7.391,11.700,261.870,5.754,10.200,261.539,0.241,8.902,8.857,8.940,8.958,8.902,8.993,8.682,8.655,8.711,-999.000,-999.000,-999.000,9.841,11.236,8.519,8.261,8.669,-999.000,-999.000,-999.000,-999.000,-999.000,-999.000,8.541,8.458,8.597,-3.630,-0.133,-2.864,2.190,0.696,0.698,0.696,0.725,0.707,0.709,0.689,0.734,0.587,,,,,,,,
2023-12-26,13,9.529,9.384,9.637,9.535,9.406,9.661,9.595,9.430,9.720,9.583,9.420,9.710,7.718,7.572,7.917,9.505,71.257,58.167,8.078,341.820,356.347,35.562,58.354,0.000,338.257,0.000,6285.167,0.000,-999.000,-999.000,101.503,0.200,0.200,7.402,11.880,266.751,5.863,11.820,266.740,0.240,8.869,8.831,8.894,8.924,8.887,8.966,8.689,8.657,8.717,-999.000,-999.000,-999.000,9.846,11.242,8.627,8.591,8.669,-999.000,-999.000,-999.000,-999.000,-999.000,-999.000,8.556,8.480,8.632,-2.926,-0.347,-2.361,1.847,0.696,0.698,0.696,0.725,0.707,0.709,0.689,0.734,0.588,,,,,,,,
2023-12-26,14,9.274,9.124,9.493,9.274,9.113,9.535,9.351,9.200,9.600,9.340,9.190,9.600,7.259,7.160,7.598,9.254,67.823,41.895,4.193,340.090,354.078,23.713,41.988,0.000,336.432,0.000,6376.633,0.000,-999.000,-999.000,101.587,0.200,0.200,7.617,14.790,274.970,5.718,12.670,274.445,0.240,8.852,8.826,8.875,8.883,8.851,8.922,8.686,8.651,8.717,-999.000,-999.000,-999.000,9.841,11.230,8.450,8.341,8.621,-999.000,-999.000,-999.000,-999.000,-999.000,-999.000,8.578,8.503,8.629,-2.398,-0.415,-1.855,-1.114,0.696,0.698,0.696,0.725,0.707,0.709,0.689,0.735,0.588,,,,,,,,
2023-12-26,15,8.988,8.844,9.170,8.989,8.873,9.160,9.038,8.900,9.210,9.036,8.870,9.190,6.946,6.825,7.220,8.957,69.924,20.702,0.606,336.158,352.243,6.105,20.516,0.043,332.492,0.000,6390.483,0.000,-999.000,-999.000,101.657,0.200,0.200,6.071,9.350,265.726,4.727,8.440,265.262,0.239,8.830,8.787,8.870,8.855,8.817,8.896,8.677,8.639,8.702,-999.000,-999.000,-999.000,9.833,11.229,8.213,8.026,8.342,-999.000,-999.000,-999.000,-999.000,-999.000,-999.000,8.586,8.518,8.650,-2.260,-0.443,-1.632,-3.140,0.696,0.698,0.696,0.725,0.707,0.709,0.689,0.735,0.587,,,,,,,,
2023-12-26,16,8.740,8.504,8.944,8.748,8.543,8.929,8.809,8.590,8.980,8.797,8.560,8.950,6.663,6.575,6.858,8.720,71.107,2.502,0.000,340.042,351.150,-3.211,2.496,0.000,336.162,0.000,6400.867,0.000,-999.000,-999.000,101.745,0.200,0.200,5.207,8.870,265.130,3.991,8.220,265.060,0.239,8.815,8.783,8.841,8.814,8.771,8.854,8.677,8.650,8.704,-999.000,-999.000,-999.000,9.847,11.241,7.846,7.693,8.029,-999.000,-999.000,-999.000,-999.000,-999.000,-999.000,8.583,8.515,8.634,-2.392,-0.507,-1.676,-6.084,0.696,0.698,0.696,0.725,0.707,0.709,0.689,0.735,0.587,,,,,,,,
2023-12-26,17,8.043,7.489,8.560,8.036,7.449,8.563,8.112,7.480,8.630,8.107,7.474,8.630,5.893,4.747,6.654,8.014,78.520,0.000,0.000,310.372,346.297,-30.071,0.000,0.000,307.520,0.000,6433.567,0.000,-999.000,-999.000,101.855,0.200,0.200,4.367,8.890,285.366,3.054,6.580,284.926,0.239,8.787,8.750,8.822,8.804,8.751,8.839,8.676,8.638,8.710,-999.000,-999.000,-999.000,9.849,11.236,7.503,7.210,7.687,-999.000,-999.000,-999.000,-999.000,-999.000,-999.000,8.613,8.527,8.687,-2.677,-0.614,-1.920,-8.360,0.696,0.698,0.696,0.725,0.706,0.709,0.689,0.735,0.587,,,,,,,,
2023-12-26,18,6.747,5.710,7.499,6.742,5.719,7.482,6.793,5.719,7.539,6.789,5.726,7.535,3.306,2.080,4.813,6.725,83.997,0.000,0.000,270.492,326.507,-49.606,0.000,0.000,269.025,0.000,6550.717,0.000,-999.000,-999.000,101.928,0.200,0.200,2.186,3.250,264.348,1.369,2.710,261.650,0.239,8.740,8.700,8.788,8.780,8.754,8.829,8.662,8.621,8.691,-999.000,-999.000,-999.000,9.845,11.232,6.751,6.249,7.211,-999.000,-999.000,-999.000,-999.000,-999.000,-999.000,8.619,8.544,8.684,-3.043,-0.761,-2.297,-14.352,0.696,0.698,0.696,0.726,0.706,0.709,0.689,0.736,0.587,,,,,,,,
2023-12-26,19,5.049,4.423,5.591,5.088,4.460,5.637,5.121,4.468,5.661,5.127,4.465,5.670,2.398,2.083,2.733,5.039,90.355,0.000,0.000,263.875,319.750,-49.721,0.000,0.000,262.658,0.000,6323.067,0.000,-999.000,-999.000,101.941,0.200,0.200,2.267,3.230,245.557,1.320,2.370,234.223,0.238,8.673,8.622,8.722,8.757,8.715,8.791,8.654,8.614,8.694,-999.000,-999.000,-999.000,9.844,11.231,5.863,5.629,6.243,-999.000,-999.000,-999.000,-999.000,-999.000,-999.000,8.625,8.515,8.702,-3.703,-0.978,-3.053,-21.224,0.696,0.698,0.696,0.726,0.706,0.709,0.689,0.736,0.587,,,,,,,,
2023-12-26,20,4.469,4.025,4.854,4.491,4.035,4.881,4.519,4.110,4.854,4.522,4.118,4.851,2.221,1.841,2.511,4.423,92.043,0.000,0.000,265.375,319.625,-48.545,0.000,0.000,263.518,0.000,6377.650,0.000,-999.000,-999.000,102.009,0.200,0.200,2.536,3.350,236.183,1.587,2.260,228.566,0.238,8.574,8.486,8.642,8.729,8.700,8.763,8.646,8.602,8.691,-999.000,-999.000,-999.000,9.840,11.234,5.453,5.248,5.640,-999.000,-999.000,-999.000,-999.000,-999.000,-999.000,8.631,8.547,8.728,-4.888,-1.389,-4.367,-24.687,0.696,0.697,0.695,0.726,0.706,0.709,0.689,0.737,0.586,,,,,,,,
2023-12-26,21,3.691,3.265,4.560,3.709,3.268,4.524,3.801,3.177,4.500,3.776,3.169,4.479,2.001,1.730,2.231,3.700,93.507,0.000,0.000,263.857,316.803,-46.830,0.000,0.000,262.643,0.000,6387.650,0.000,-999.000,-999.000,102.061,0.200,0.200,1.628,2.890,220.765,0.740,1.690,169.373,0.238,8.433,8.342,8.532,8.699,8.668,8.737,8.633,8.598,8.673,-999.000,-999.000,-999.000,9.844,11.238,5.046,4.794,5.248,-999.000,-999.000,-999.000,-999.000,-999.000,-999.000,8.644,8.593,8.732,-6.243,-2.023,-5.786,-26.528,0.695,0.697,0.695,0.726,0.706,0.708,0.689,0.737,0.586,,,,,,,,
2023-12-26,22,3.520,3.256,3.851,3.499,3.229,3.768,3.518,3.167,3.864,3.509,3.137,3.844,1.622,1.334,1.885,3.417,95.818,0.000,0.000,265.127,315.373,-44.373,0.000,0.000,264.057,0.000,6159.650,0.000,-999.000,-999.000,102.074,0.200,0.200,0.855,1.640,199.312,0.974,1.620,131.694,0.237,8.287,8.207,8.378,8.679,8.630,8.726,8.641,8.614,8.670,-999.000,-999.000,-999.000,9.842,11.220,4.568,4.328,4.813,-999.000,-999.000,-999.000,-999.000,-999.000,-999.000,8.653,8.588,8.717,-7.457,-2.738,-7.043,-27.658,0.695,0.697,0.695,0.726,0.706,0.708,0.689,0.737,0.586,,,,,,,,
2023-12-26,23,3.050,2.347,3.808,3.066,2.400,3.792,2.928,2.222,3.671,2.915,2.234,3.685,1.367,1.054,1.700,2.841,97.403,0.000,0.000,264.598,313.592,-42.931,0.000,0.000,262.773,0.000,5274.850,0.000,-999.000,-999.000,102.115,0.200,0.200,1.095,1.620,144.515,0.696,1.240,105.038,0.237,8.102,7.982,8.201,8.612,8.548,8.667,8.613,8.578,8.644,-999.000,-999.000,-999.000,9.824,11.205,4.136,3.950,4.345,-999.000,-999.000,-999.000,-999.000,-999.000,-999.000,8.668,8.599,8.721,-8.534,-3.423,-8.156,-28.254,0.695,0.696,0.695,0.726,0.705,0.708,0.689,0.738,0.586,,,,,,,,
2023-12-26,24,2.321,1.868,2.499,2.322,1.924,2.460,2.298,1.618,2.542,2.297,1.603,2.532,1.437,1.163,1.777,2.223,98.208,0.000,0.000,277.853,314.858,-30.895,0.000,0.000,274.112,0.000,5171.417,0.000,-999.000,-999.000,102.133,0.200,0.200,1.024,1.840,86.200,0.679,1.370,67.821,0.237,7.907,7.821,7.999,8.544,8.512,8.578,8.590,8.559,8.612,-999.000,-999.000,-999.000,9.824,11.223,3.786,3.646,3.926,-999.000,-999.000,-999.000,-999.000,-999.000,-999.000,8.641,8.569,8.711,-9.461,-4.070,-9.097,-28.334,0.695,0.696,0.694,0.726,0.705,0.707,0.689,0.738,0.586,,,,,,,,
