2023-12-17,01,10.012,9.916,10.112,10.013,9.913,10.101,10.051,9.970,10.120,10.044,9.960,10.110,8.460,8.376,8.528,9.966,89.222,0.000,0.000,354.665,359.732,0.794,0.290,0.000,350.988,0.000,6208.083,0.000,-999.000,-999.000,103.753,0.200,0.200,5.211,9.550,239.336,4.020,7.810,238.230,0.326,7.509,7.463,7.565,6.994,6.955,7.028,6.978,6.948,7.011,-999.000,-999.000,-999.000,10.042,11.700,8.418,8.389,8.443,-999.000,-999.000,-999.000,-999.000,-999.000,-999.000,7.498,7.431,7.553,3.308,0.640,2.327,6.186,0.690,0.691,0.690,0.726,0.703,0.706,0.683,0.736,0.582,,,,,,,,
2023-12-17,02,9.847,9.734,10.022,9.850,9.710,9.998,9.917,9.790,10.100,9.910,9.790,10.070,8.328,8.267,8.426,9.823,89.213,0.000,0.000,354.075,359.048,1.167,0.013,0.000,350.410,0.000,6133.150,0.000,-999.000,-999.000,103.736,0.200,0.200,4.786,7.760,228.083,3.656,7.890,227.070,0.326,7.562,7.532,7.598,7.043,6.995,7.074,6.999,6.974,7.031,-999.000,-999.000,-999.000,10.040,11.702,8.360,8.317,8.406,-999.000,-999.000,-999.000,-999.000,-999.000,-999.000,7.505,7.437,7.559,3.221,0.730,2.303,5.400,0.691,0.691,0.690,0.726,0.703,0.706,0.683,0.737,0.581,,,,,,,,
2023-12-17,03,9.862,9.754,9.975,9.866,9.756,9.984,9.912,9.790,10.030,9.910,9.800,10.030,8.220,8.151,8.294,9.829,87.523,0.000,0.000,354.672,358.767,2.071,0.000,0.000,350.958,0.000,6078.067,0.000,-999.000,-999.000,103.744,0.200,0.200,4.750,7.950,232.727,3.630,6.490,231.767,0.326,7.597,7.568,7.624,7.082,7.057,7.113,7.017,6.994,7.047,-999.000,-999.000,-999.000,10.041,11.702,8.296,8.261,8.337,-999.000,-999.000,-999.000,-999.000,-999.000,-999.000,7.505,7.454,7.556,3.100,0.794,2.257,4.623,0.691,0.691,0.690,0.726,0.703,0.707,0.684,0.736,0.581,,,,,,,,
2023-12-17,04,9.789,9.641,9.886,9.805,9.683,9.915,9.837,9.710,9.930,9.835,9.730,9.940,8.280,8.214,8.320,9.753,89.023,0.000,0.000,356.043,359.098,3.150,0.000,0.000,352.277,0.000,6154.983,0.000,-999.000,-999.000,103.713,0.200,0.200,4.802,8.250,232.735,3.712,8.120,232.305,0.325,7.618,7.594,7.647,7.121,7.087,7.160,7.030,7.004,7.054,-999.000,-999.000,-999.000,10.033,11.699,8.295,8.264,8.320,-999.000,-999.000,-999.000,-999.000,-999.000,-999.000,7.508,7.457,7.556,2.950,0.836,2.184,4.428,0.691,0.691,0.690,0.726,0.704,0.707,0.684,0.736,0.581,,,,,,,,
2023-12-17,05,9.442,9.269,9.684,9.449,9.295,9.717,9.498,9.340,9.730,9.480,9.340,9.730,8.185,8.106,8.300,9.406,91.327,0.000,0.000,354.907,358.298,2.209,0.000,0.000,350.765,0.000,6118.983,0.000,-999.000,-999.000,103.675,0.200,0.200,5.841,9.730,236.704,4.539,8.090,236.945,0.325,7.644,7.614,7.667,7.145,7.120,7.173,7.052,7.024,7.074,-999.000,-999.000,-999.000,10.038,11.695,8.300,8.244,8.337,-999.000,-999.000,-999.000,-999.000,-999.000,-999.000,7.511,7.421,7.563,2.801,0.859,2.112,4.454,0.691,0.692,0.690,0.726,0.704,0.707,0.684,0.736,0.581,,,,,,,,
2023-12-17,06,9.356,9.295,9.431,9.376,9.308,9.477,9.420,9.350,9.480,9.423,9.360,9.490,8.102,8.060,8.146,9.308,91.518,0.000,0.000,354.275,357.823,2.247,0.000,0.000,350.328,0.000,6086.150,0.000,-999.000,-999.000,103.659,0.200,0.200,5.248,8.740,227.023,4.079,7.940,227.438,0.324,7.658,7.614,7.684,7.168,7.130,7.206,7.054,7.014,7.087,-999.000,-999.000,-999.000,10.039,11.688,8.233,8.205,8.265,-999.000,-999.000,-999.000,-999.000,-999.000,-999.000,7.503,7.428,7.603,2.691,0.874,2.064,3.775,0.691,0.692,0.690,0.726,0.704,0.707,0.684,0.736,0.581,,,,,,,,
2023-12-17,07,9.282,9.070,9.457,9.299,9.103,9.477,9.350,9.170,9.500,9.346,9.150,9.510,8.024,7.951,8.109,9.252,91.087,0.000,0.000,354.143,357.510,2.421,0.000,0.000,350.207,0.000,6034.300,0.000,-999.000,-999.000,103.662,0.200,0.200,5.426,8.730,225.706,4.220,7.570,225.846,0.324,7.686,7.661,7.711,7.197,7.167,7.233,7.075,7.047,7.104,-999.000,-999.000,-999.000,10.041,11.681,8.196,8.159,8.238,-999.000,-999.000,-999.000,-999.000,-999.000,-999.000,7.500,7.431,7.573,2.575,0.885,2.007,3.409,0.691,0.692,0.691,0.726,0.704,0.707,0.684,0.736,0.581,,,,,,,,
2023-12-17,08,9.038,8.942,9.123,9.047,8.918,9.143,9.086,8.970,9.190,9.091,8.990,9.180,7.829,7.754,7.951,9.004,90.713,1.065,0.000,353.440,356.607,3.439,1.230,0.000,349.842,0.000,6071.133,0.000,-999.000,-999.000,103.666,0.200,0.200,6.019,9.620,228.396,4.739,8.690,228.126,0.323,7.710,7.684,7.734,7.222,7.186,7.273,7.102,7.077,7.131,-999.000,-999.000,-999.000,10.034,11.668,8.124,8.087,8.182,-999.000,-999.000,-999.000,-999.000,-999.000,-999.000,7.502,7.452,7.571,2.448,0.887,1.936,2.560,0.691,0.692,0.691,0.726,0.704,0.707,0.684,0.736,0.581,,,,,,,,
2023-12-17,09,8.852,8.622,8.956,8.840,8.601,8.955,8.893,8.670,8.970,8.891,8.670,8.990,7.742,7.692,7.791,8.821,89.902,15.530,0.000,351.942,356.065,13.825,15.015,0.000,348.673,0.000,6032.667,0.000,-999.000,-999.000,103.673,0.200,0.200,5.531,9.390,220.642,4.213,7.620,220.729,0.323,7.725,7.701,7.751,7.267,7.226,7.293,7.125,7.098,7.151,-999.000,-999.000,-999.000,10.023,11.659,8.126,8.081,8.160,-999.000,-999.000,-999.000,-999.000,-999.000,-999.000,7.527,7.459,7.574,2.295,0.884,1.849,2.378,0.691,0.692,0.691,0.726,0.704,0.707,0.684,0.736,0.581,,,,,,,,
2023-12-17,10,8.582,8.457,8.695,8.580,8.426,8.704,8.619,8.470,8.730,8.612,8.460,8.690,7.710,7.620,7.817,8.542,90.885,29.656,0.872,351.508,355.798,24.759,28.550,0.000,348.168,0.000,6038.083,0.000,-999.000,-999.000,103.680,0.200,0.200,5.441,10.470,220.819,4.217,8.780,220.253,0.322,7.736,7.715,7.764,7.295,7.264,7.333,7.144,7.118,7.174,-999.000,-999.000,-999.000,10.014,11.669,8.209,8.140,8.276,-999.000,-999.000,-999.000,-999.000,-999.000,-999.000,7.523,7.446,7.597,2.126,0.868,1.791,3.237,0.691,0.692,0.691,0.726,0.704,0.707,0.684,0.736,0.581,,,,,,,,
2023-12-17,11,8.266,8.074,8.543,8.260,8.087,8.546,8.317,8.110,8.580,8.302,8.100,8.580,7.540,7.346,7.712,8.235,91.717,35.901,2.144,350.302,354.885,29.178,34.601,0.000,346.633,0.000,6182.600,0.000,-999.000,-999.000,103.682,0.200,0.200,6.138,10.810,216.936,4.823,9.000,216.282,0.321,7.736,7.715,7.768,7.309,7.283,7.330,7.162,7.138,7.181,-999.000,-999.000,-999.000,10.016,11.683,8.251,8.194,8.302,-999.000,-999.000,-999.000,-999.000,-999.000,-999.000,7.532,7.469,7.611,1.996,0.849,1.826,3.675,0.691,0.692,0.691,0.726,0.704,0.707,0.684,0.736,0.581,,,,,,,,
2023-12-17,12,8.406,8.091,8.912,8.419,8.070,8.947,8.453,8.130,8.960,8.451,8.120,8.970,7.987,7.329,8.644,8.374,89.192,139.738,33.375,324.663,357.507,73.519,103.273,122.735,322.890,2.167,6119.000,0.000,-999.000,-999.000,103.603,0.200,0.200,5.766,9.730,214.838,4.485,7.370,214.005,0.319,7.734,7.712,7.768,7.320,7.287,7.353,7.175,7.150,7.202,-999.000,-999.000,-999.000,10.029,11.684,8.542,8.181,8.891,-999.000,-999.000,-999.000,-999.000,-999.000,-999.000,7.540,7.479,7.601,1.919,0.837,1.919,5.806,0.691,0.692,0.691,0.726,0.704,0.707,0.684,0.736,0.581,,,,,,,,
2023-12-17,13,9.138,8.892,9.390,9.181,8.904,9.442,9.198,8.950,9.480,9.215,8.960,9.490,8.553,8.295,8.856,9.070,82.491,209.855,65.740,277.660,359.197,62.578,69.492,541.393,274.843,10.000,5802.033,0.000,-999.000,-999.000,103.522,0.200,0.200,5.323,8.780,214.298,4.040,7.090,213.929,0.318,7.760,7.730,7.791,7.349,7.289,7.376,7.202,7.153,7.228,-999.000,-999.000,-999.000,10.031,11.684,8.838,8.684,8.945,-999.000,-999.000,-999.000,-999.000,-999.000,-999.000,7.550,7.483,7.637,1.944,0.833,2.158,14.091,0.691,0.692,0.691,0.726,0.704,0.707,0.684,0.736,0.581,,,,,,,,
2023-12-17,14,9.415,9.308,9.484,9.442,9.346,9.512,9.457,9.370,9.530,9.469,9.380,9.540,7.959,7.549,8.259,9.347,77.845,146.038,50.382,276.933,356.220,16.370,45.481,503.001,274.408,10.000,5863.483,0.000,-999.000,-999.000,103.444,0.200,0.200,5.922,9.950,218.764,4.600,8.480,217.921,0.318,7.802,7.757,7.839,7.361,7.327,7.386,7.219,7.191,7.249,-999.000,-999.000,-999.000,10.035,11.680,8.335,7.954,8.700,-999.000,-999.000,-999.000,-999.000,-999.000,-999.000,7.551,7.473,7.647,2.439,0.863,2.518,8.985,0.691,0.692,0.691,0.726,0.704,0.707,0.684,0.736,0.581,,,,,,,,
2023-12-17,15,9.093,8.605,9.436,9.097,8.551,9.458,9.128,8.630,9.410,9.125,8.620,9.430,6.797,5.853,7.532,9.046,76.827,62.519,24.039,275.527,350.240,-36.233,27.147,309.427,273.950,10.000,6197.567,0.000,-999.000,-999.000,103.397,0.200,0.200,5.429,8.470,216.250,4.045,7.450,215.465,0.319,7.846,7.819,7.881,7.390,7.361,7.420,7.244,7.217,7.277,-999.000,-999.000,-999.000,10.038,11.679,7.473,6.954,7.945,-999.000,-999.000,-999.000,-999.000,-999.000,-999.000,7.570,7.498,7.641,2.801,0.916,2.463,-5.368,0.691,0.692,0.691,0.726,0.704,0.707,0.684,0.736,0.580,,,,,,,,
2023-12-17,16,7.660,6.409,8.567,7.658,6.359,8.572,7.718,6.486,8.560,7.697,6.412,8.530,4.692,3.756,5.758,7.645,81.609,5.318,0.357,272.728,339.065,-56.757,3.756,20.531,272.197,0.417,6622.317,0.000,-999.000,-999.000,103.410,0.200,0.200,3.359,5.050,211.699,2.224,4.340,208.741,0.319,7.852,7.803,7.884,7.413,7.364,7.456,7.258,7.229,7.290,-999.000,-999.000,-999.000,10.034,11.681,6.369,5.810,6.925,-999.000,-999.000,-999.000,-999.000,-999.000,-999.000,7.574,7.485,7.661,2.462,0.908,1.926,-16.158,0.691,0.692,0.691,0.726,0.704,0.707,0.684,0.736,0.580,,,,,,,,
2023-12-17,17,6.236,5.658,6.655,6.245,5.681,6.644,6.276,5.786,6.722,6.271,5.756,6.738,3.597,2.814,4.289,6.222,87.728,0.000,0.000,268.673,334.853,-61.314,0.000,0.000,268.033,0.000,6656.900,0.000,-999.000,-999.000,103.345,0.200,0.200,4.494,7.840,193.184,2.821,6.300,185.933,0.320,7.804,7.761,7.854,7.437,7.400,7.477,7.280,7.231,7.312,-999.000,-999.000,-999.000,10.040,11.672,5.333,5.065,5.781,-999.000,-999.000,-999.000,-999.000,-999.000,-999.000,7.579,7.481,7.641,1.413,0.789,0.923,-23.279,0.691,0.692,0.691,0.726,0.704,0.707,0.684,0.736,0.579,,,,,,,,
2023-12-17,18,6.422,5.981,6.754,6.419,5.934,6.763,6.462,6.100,6.748,6.459,6.079,6.767,4.169,3.913,4.378,6.399,85.840,0.000,0.000,267.015,337.678,-66.521,0.000,0.000,265.430,0.000,6526.333,0.000,-999.000,-999.000,103.291,0.200,0.200,5.873,8.400,194.638,4.107,6.590,192.599,0.321,7.708,7.635,7.777,7.458,7.441,7.484,7.302,7.282,7.322,-999.000,-999.000,-999.000,10.015,11.645,4.864,4.646,5.065,-999.000,-999.000,-999.000,-999.000,-999.000,-999.000,7.598,7.544,7.660,-0.055,0.525,-0.378,-23.037,0.691,0.692,0.691,0.726,0.704,0.707,0.684,0.736,0.579,,,,,,,,
2023-12-17,19,6.336,6.136,6.460,6.358,6.132,6.523,6.414,6.207,6.570,6.410,6.209,6.579,3.952,3.683,4.250,6.341,83.842,0.000,0.000,264.205,336.745,-68.471,0.000,0.000,262.683,0.000,6610.450,0.000,-999.000,-999.000,103.271,0.200,0.200,5.795,8.970,204.830,4.273,6.980,203.635,0.321,7.577,7.503,7.655,7.449,7.405,7.477,7.307,7.279,7.328,-999.000,-999.000,-999.000,10.005,11.647,4.467,4.254,4.650,-999.000,-999.000,-999.000,-999.000,-999.000,-999.000,7.607,7.535,7.654,-1.480,0.158,-1.512,-22.588,0.691,0.692,0.691,0.726,0.704,0.707,0.685,0.737,0.579,,,,,,,,
2023-12-17,20,6.080,5.790,6.447,6.079,5.789,6.427,6.109,5.788,6.436,6.104,5.770,6.443,3.407,2.895,3.844,6.041,82.798,0.000,0.000,261.778,334.190,-68.095,0.000,0.000,260.587,0.000,6656.517,0.000,-999.000,-999.000,103.281,0.200,0.200,4.667,8.610,209.347,3.472,6.970,207.423,0.321,7.433,7.355,7.507,7.424,7.378,7.464,7.303,7.283,7.335,-999.000,-999.000,-999.000,10.014,11.667,4.037,3.826,4.257,-999.000,-999.000,-999.000,-999.000,-999.000,-999.000,7.598,7.535,7.660,-2.657,-0.225,-2.435,-23.267,0.691,0.691,0.691,0.726,0.704,0.707,0.685,0.737,0.579,,,,,,,,
2023-12-17,21,6.008,5.843,6.147,6.028,5.899,6.163,5.997,5.824,6.168,5.995,5.818,6.173,3.221,2.918,3.396,5.939,81.495,0.000,0.000,263.522,333.137,-65.093,0.000,0.000,262.368,0.000,6742.683,0.000,-999.000,-999.000,103.279,0.200,0.200,4.146,7.330,219.274,3.184,5.800,216.861,0.321,7.299,7.227,7.368,7.399,7.369,7.432,7.309,7.289,7.332,-999.000,-999.000,-999.000,10.033,11.651,3.680,3.546,3.833,-999.000,-999.000,-999.000,-999.000,-999.000,-999.000,7.583,7.506,7.647,-3.643,-0.613,-3.235,-23.883,0.691,0.691,0.691,0.726,0.704,0.707,0.685,0.737,0.579,,,,,,,,
2023-12-17,22,5.910,5.615,6.192,5.920,5.638,6.199,5.905,5.614,6.203,5.899,5.607,6.218,3.852,3.116,4.821,5.829,82.620,0.000,0.000,305.838,336.998,-26.092,0.000,0.000,303.183,0.000,6684.683,0.000,-999.000,-999.000,103.275,0.200,0.200,4.364,7.970,223.574,3.360,7.230,223.468,0.321,7.162,7.100,7.217,7.386,7.329,7.439,7.321,7.299,7.349,-999.000,-999.000,-999.000,10.022,11.650,3.778,3.490,4.324,-999.000,-999.000,-999.000,-999.000,-999.000,-999.000,7.608,7.516,7.667,-4.490,-0.991,-3.949,-21.011,0.691,0.691,0.691,0.726,0.704,0.707,0.685,0.737,0.579,,,,,,,,
2023-12-17,23,6.225,6.120,6.287,6.223,6.135,6.310,6.253,6.184,6.316,6.246,6.194,6.297,4.993,4.814,5.152,6.178,84.735,0.000,0.000,339.048,342.040,2.664,0.000,0.000,335.398,0.000,6531.567,0.000,-999.000,-999.000,103.282,0.200,0.200,4.419,7.650,225.776,3.503,6.260,224.883,0.321,7.057,6.996,7.133,7.358,7.323,7.411,7.347,7.319,7.375,-999.000,-999.000,-999.000,10.020,11.653,4.664,4.336,4.892,-999.000,-999.000,-999.000,-999.000,-999.000,-999.000,7.624,7.565,7.696,-5.122,-1.346,-4.414,-9.295,0.691,0.691,0.691,0.726,0.704,0.707,0.684,0.737,0.579,,,,,,,,
2023-12-17,24,6.306,6.189,6.417,6.315,6.203,6.457,6.388,6.284,6.466,6.377,6.277,6.478,5.192,5.129,5.243,6.287,85.907,0.000,0.000,340.233,342.993,2.931,0.000,0.000,336.653,0.000,6525.200,0.000,-999.000,-999.000,103.265,0.200,0.200,4.326,7.960,217.249,3.411,7.150,216.015,0.321,6.982,6.939,7.022,7.323,7.296,7.353,7.358,7.336,7.389,-999.000,-999.000,-999.000,10.015,11.652,5.038,4.892,5.178,-999.000,-999.000,-999.000,-999.000,-999.000,-999.000,7.647,7.567,7.731,-5.216,-1.628,-4.333,-5.112,0.691,0.691,0.691,0.726,0.704,0.706,0.684,0.737,0.579,,,,,,,,
