2023-07-19,01,13.975,13.498,14.445,13.990,13.506,14.470,14.029,13.490,14.570,14.013,13.440,14.520,11.654,9.846,13.222,13.958,92.652,0.000,0.000,337.640,372.397,-27.126,0.000,0.000,334.017,0.000,7999.000,0.000,-999.000,-999.000,101.365,0.200,0.200,1.245,2.040,194.751,0.668,1.750,205.264,0.824,18.895,18.737,19.032,19.104,19.046,19.158,18.440,18.428,18.465,-999.000,-999.000,-999.000,14.818,12.817,17.918,17.336,18.339,-999.000,-999.000,-999.000,-999.000,-999.000,-999.000,19.587,19.551,19.612,-2.208,-1.909,-2.799,-33.633,0.190,0.257,0.226,0.633,0.234,0.318,0.357,0.620,0.441,,,,,,,,
2023-07-19,02,12.948,12.393,13.559,12.959,12.479,13.528,12.876,12.100,13.500,12.843,12.090,13.520,9.484,9.194,9.969,12.764,95.367,0.000,0.000,327.523,362.845,-27.169,0.000,0.000,323.860,0.000,7391.572,0.000,-999.000,-999.000,101.325,0.200,0.200,0.821,1.990,212.661,0.457,1.350,94.429,0.824,18.523,18.311,18.733,19.003,18.933,19.060,18.453,18.431,18.482,-999.000,-999.000,-999.000,14.822,12.820,16.821,16.419,17.320,-999.000,-999.000,-999.000,-999.000,-999.000,-999.000,19.570,19.542,19.599,-3.004,-2.740,-3.893,-39.965,0.189,0.257,0.226,0.633,0.234,0.318,0.357,0.620,0.438,,,,,,,,
2023-07-19,03,12.265,11.994,12.555,12.264,11.993,12.620,12.153,11.820,12.850,12.138,11.810,12.810,9.457,9.159,9.915,12.066,96.418,0.000,0.000,332.732,362.387,-21.677,0.000,0.000,329.722,0.000,7662.667,0.000,-999.000,-999.000,101.309,0.200,0.200,0.601,1.220,203.450,0.425,0.760,67.585,0.824,18.119,17.927,18.307,18.878,18.813,18.944,18.464,18.446,18.478,-999.000,-999.000,-999.000,14.826,12.827,16.146,15.941,16.416,-999.000,-999.000,-999.000,-999.000,-999.000,-999.000,19.568,19.544,19.600,-4.129,-3.931,-5.303,-39.532,0.189,0.256,0.226,0.633,0.233,0.317,0.356,0.621,0.436,,,,,,,,
2023-07-19,04,12.163,11.895,12.787,12.158,11.907,12.765,12.181,11.950,12.780,12.159,11.920,12.770,10.161,9.179,12.605,12.087,97.520,1.609,0.000,347.373,367.228,-11.178,2.093,0.000,344.638,0.000,7582.083,0.000,-999.000,-999.000,101.314,0.200,0.200,1.159,2.510,349.156,0.681,1.460,26.320,0.824,17.777,17.634,17.924,18.754,18.676,18.840,18.460,18.444,18.479,-999.000,-999.000,-999.000,14.824,12.819,15.790,15.690,15.949,-999.000,-999.000,-999.000,-999.000,-999.000,-999.000,19.575,19.541,19.591,-5.013,-4.920,-6.370,-36.376,0.188,0.255,0.226,0.633,0.233,0.317,0.356,0.620,0.434,,,,,,,,
2023-07-19,05,13.260,12.751,14.426,13.258,12.718,14.441,13.417,12.830,14.350,13.403,12.800,14.380,13.524,12.626,14.706,13.352,97.170,30.186,1.399,384.990,384.553,30.434,31.039,0.368,393.197,0.000,7998.617,0.160,-999.000,-999.000,101.317,0.200,0.200,0.646,2.080,328.047,0.389,1.390,148.079,0.824,17.575,17.534,17.627,18.613,18.537,18.689,18.442,18.421,18.462,-999.000,-999.000,-999.000,14.828,12.825,16.268,15.914,16.671,-999.000,-999.000,-999.000,-999.000,-999.000,-999.000,19.561,19.539,19.592,-5.353,-5.314,-6.725,-24.965,0.188,0.255,0.225,0.633,0.232,0.316,0.356,0.620,0.433,,,,,,,,
2023-07-19,06,15.294,14.462,16.832,15.324,14.468,16.833,15.336,14.400,16.840,15.418,14.430,16.890,16.406,14.782,18.540,15.445,92.103,130.280,26.140,362.565,399.488,67.216,105.602,61.984,367.477,1.778,7999.000,0.000,-999.000,-999.000,101.338,0.200,0.200,0.964,2.890,232.010,0.764,2.390,202.040,0.824,17.600,17.555,17.680,18.477,18.404,18.544,18.411,18.386,18.441,-999.000,-999.000,-999.000,14.823,12.820,17.319,16.696,18.238,-999.000,-999.000,-999.000,-999.000,-999.000,-999.000,19.557,19.527,19.586,-4.635,-4.733,-5.800,-10.737,0.188,0.254,0.225,0.633,0.232,0.316,0.356,0.620,0.433,,,,,,,,
2023-07-19,07,17.760,16.801,18.309,17.749,16.813,18.291,17.834,16.860,18.380,17.817,16.900,18.350,19.650,17.967,21.859,17.744,77.219,265.355,61.847,370.257,415.612,158.153,190.254,165.537,365.097,3.944,7999.000,0.000,-999.000,-999.000,101.358,0.200,0.200,1.758,2.800,251.970,1.474,2.400,252.616,0.824,17.826,17.666,18.015,18.361,18.304,18.429,18.381,18.346,18.415,-999.000,-999.000,-999.000,14.827,12.824,19.384,18.263,20.151,-999.000,-999.000,-999.000,-999.000,-999.000,-999.000,19.562,19.513,19.589,-3.027,-3.549,-3.837,13.408,0.188,0.254,0.225,0.633,0.232,0.316,0.356,0.620,0.434,,,,,,,,
2023-07-19,08,18.739,18.143,19.463,18.724,18.141,19.408,18.817,18.190,19.660,18.785,18.170,19.650,21.663,19.909,23.239,18.678,73.622,443.809,104.970,354.440,427.888,265.391,173.455,435.347,344.308,8.306,7981.600,0.000,-999.000,-999.000,101.372,0.200,0.200,2.383,4.590,255.065,1.994,4.030,256.519,0.824,18.229,18.022,18.451,18.285,18.246,18.317,18.340,18.301,18.385,-999.000,-999.000,-999.000,14.825,12.829,21.333,20.184,22.931,-999.000,-999.000,-999.000,-999.000,-999.000,-999.000,19.560,19.528,19.596,-0.596,-1.913,-0.860,29.421,0.188,0.254,0.225,0.633,0.232,0.316,0.356,0.620,0.437,,,,,,,,
2023-07-19,09,19.767,19.183,20.235,19.725,19.253,20.189,19.812,19.400,20.160,19.777,19.350,20.120,22.251,20.825,24.491,19.677,71.662,384.102,88.234,391.397,431.568,255.697,277.251,146.020,383.883,2.417,7999.000,0.000,-999.000,-999.000,101.340,0.200,0.200,2.971,5.250,272.802,2.310,4.770,271.029,0.824,18.755,18.450,19.042,18.256,18.233,18.281,18.299,18.271,18.332,-999.000,-999.000,-999.000,14.829,12.836,23.802,22.989,24.144,-999.000,-999.000,-999.000,-999.000,-999.000,-999.000,19.564,19.526,19.595,2.086,-0.129,2.594,49.322,0.189,0.255,0.225,0.632,0.233,0.316,0.356,0.619,0.441,,,,,,,,
2023-07-19,10,20.140,19.031,21.342,20.131,19.072,21.278,20.181,19.150,21.320,20.151,19.130,21.290,23.214,20.683,26.750,20.048,70.792,547.813,124.674,385.207,440.478,367.868,342.372,233.240,377.832,5.444,7999.000,0.000,-999.000,-999.000,101.334,0.200,0.200,3.484,6.420,244.556,2.828,5.430,242.232,0.824,19.285,19.059,19.565,18.271,18.240,18.315,18.257,18.224,18.285,-999.000,-999.000,-999.000,14.826,12.832,24.950,23.563,26.702,-999.000,-999.000,-999.000,-999.000,-999.000,-999.000,19.564,19.519,19.596,4.110,1.555,5.390,49.675,0.189,0.256,0.225,0.631,0.233,0.317,0.356,0.618,0.443,,,,,,,,
2023-07-19,11,20.622,19.274,21.941,20.589,19.261,21.888,20.681,19.330,22.130,20.654,19.280,22.130,23.821,20.206,27.807,20.567,68.097,604.547,135.129,379.763,446.155,403.025,306.463,319.071,370.670,4.472,7999.000,0.000,-999.000,-999.000,101.328,0.200,0.200,4.034,7.340,283.842,2.958,7.170,283.015,0.824,19.838,19.582,20.089,18.336,18.279,18.392,18.228,18.196,18.261,-999.000,-999.000,-999.000,14.828,12.836,26.471,25.362,28.735,-999.000,-999.000,-999.000,-999.000,-999.000,-999.000,19.571,19.533,19.597,5.559,3.067,7.977,56.870,0.190,0.256,0.224,0.628,0.234,0.318,0.356,0.617,0.447,,,,,,,,
2023-07-19,12,19.940,18.163,21.147,19.915,18.213,21.016,19.949,18.170,21.040,19.924,18.170,21.020,20.663,17.616,23.204,19.866,70.808,210.992,43.028,401.372,422.830,146.505,190.753,14.363,393.583,0.194,7999.000,0.490,-999.000,-999.000,101.306,0.200,0.200,3.961,7.260,299.129,2.601,5.410,297.527,0.824,20.409,20.078,20.577,18.441,18.382,18.511,18.212,18.185,18.238,-999.000,-999.000,-999.000,14.832,12.836,26.699,24.505,28.613,-999.000,-999.000,-999.000,-999.000,-999.000,-999.000,19.566,19.531,19.590,7.213,4.197,10.353,44.931,0.190,0.257,0.224,0.626,0.235,0.318,0.356,0.615,0.450,,,,,,,,
2023-07-19,13,19.389,18.077,19.933,19.378,18.112,19.926,19.437,18.150,20.010,19.417,18.110,19.970,20.787,18.306,22.658,19.344,78.139,275.535,61.402,417.603,425.663,206.073,261.414,11.076,401.790,0.222,7999.000,0.120,-999.000,-999.000,101.320,0.200,0.200,2.555,5.010,266.702,2.000,4.060,267.070,0.823,20.527,20.485,20.571,18.567,18.498,18.644,18.213,18.184,18.243,-999.000,-999.000,-999.000,14.827,12.839,24.574,24.242,25.059,-999.000,-999.000,-999.000,-999.000,-999.000,-999.000,19.578,19.546,19.616,7.219,4.258,9.947,11.930,0.190,0.258,0.224,0.626,0.235,0.319,0.356,0.615,0.449,,,,,,,,
2023-07-19,14,19.724,18.854,20.080,19.708,18.898,20.020,19.767,18.900,20.100,19.744,18.890,20.060,19.828,18.656,20.883,19.668,73.720,158.847,32.439,397.628,417.197,106.840,151.301,4.265,392.118,0.278,7999.000,0.000,-999.000,-999.000,101.320,0.200,0.200,3.548,7.490,259.551,2.733,5.260,259.416,0.823,20.555,20.477,20.588,18.704,18.634,18.772,18.212,18.186,18.243,-999.000,-999.000,-999.000,14.833,12.844,23.495,22.657,24.245,-999.000,-999.000,-999.000,-999.000,-999.000,-999.000,19.557,19.514,19.606,6.478,4.020,8.908,1.234,0.190,0.258,0.224,0.626,0.235,0.319,0.356,0.615,0.448,,,,,,,,
2023-07-19,15,20.254,19.271,21.421,20.241,19.276,21.505,20.291,19.440,21.450,20.275,19.430,21.440,21.854,20.474,25.114,20.196,71.553,341.802,77.790,394.743,430.450,228.306,277.519,75.732,390.002,1.444,7999.000,0.000,-999.000,-999.000,101.325,0.200,0.200,3.230,7.390,273.391,2.427,5.050,271.726,0.823,20.455,20.410,20.519,18.813,18.766,18.866,18.229,18.200,18.262,-999.000,-999.000,-999.000,14.843,12.842,23.998,22.751,24.829,-999.000,-999.000,-999.000,-999.000,-999.000,-999.000,19.562,19.534,19.603,5.539,3.804,7.629,14.272,0.190,0.258,0.224,0.626,0.235,0.320,0.356,0.615,0.447,,,,,,,,
2023-07-19,16,20.349,19.913,20.885,20.333,19.897,20.930,20.356,19.910,21.000,20.349,19.900,20.970,20.961,19.557,23.624,20.295,63.799,288.147,66.425,388.608,422.935,187.395,229.994,89.287,382.585,1.611,7999.000,0.000,-999.000,-999.000,101.317,0.200,0.200,5.011,8.530,286.488,3.529,6.700,284.221,0.824,20.524,20.492,20.561,18.894,18.850,18.934,18.260,18.234,18.297,-999.000,-999.000,-999.000,14.855,12.843,23.956,23.454,24.410,-999.000,-999.000,-999.000,-999.000,-999.000,-999.000,19.570,19.544,19.603,5.481,3.854,7.670,11.828,0.190,0.258,0.224,0.625,0.236,0.320,0.356,0.614,0.447,,,,,,,,
2023-07-19,17,19.713,19.221,20.677,19.698,19.232,20.661,19.710,19.240,20.690,19.703,19.240,20.660,19.577,18.755,21.831,19.652,65.924,142.686,27.141,389.818,414.692,90.672,140.238,0.146,384.738,0.000,7999.000,0.000,-999.000,-999.000,101.324,0.200,0.200,4.966,7.640,297.572,3.410,6.430,294.973,0.824,20.485,20.405,20.532,18.962,18.931,19.012,18.292,18.260,18.322,-999.000,-999.000,-999.000,14.848,12.843,23.651,22.919,24.472,-999.000,-999.000,-999.000,-999.000,-999.000,-999.000,19.563,19.518,19.600,4.902,3.406,6.917,7.355,0.190,0.258,0.224,0.625,0.236,0.320,0.356,0.613,0.447,,,,,,,,
2023-07-19,18,18.874,18.574,19.331,18.864,18.564,19.339,18.896,18.590,19.350,18.893,18.590,19.330,18.373,17.960,19.100,18.832,68.568,74.911,11.158,387.433,407.852,43.335,73.981,0.000,382.570,0.000,7999.000,0.000,-999.000,-999.000,101.348,0.200,0.200,4.305,6.740,290.834,2.854,6.010,288.349,0.824,20.287,20.161,20.432,19.012,18.979,19.038,18.320,18.290,18.344,-999.000,-999.000,-999.000,14.846,12.851,22.333,21.838,22.917,-999.000,-999.000,-999.000,-999.000,-999.000,-999.000,19.544,19.500,19.592,3.751,2.542,5.449,-7.769,0.190,0.258,0.224,0.625,0.235,0.320,0.356,0.613,0.445,,,,,,,,
2023-07-19,19,17.988,17.451,18.521,17.986,17.433,18.521,18.020,17.510,18.570,18.006,17.490,18.530,17.228,16.725,17.907,17.936,73.666,22.272,0.236,388.437,401.792,11.068,21.790,0.000,383.602,0.000,7999.000,0.000,-999.000,-999.000,101.366,0.200,0.200,3.052,5.490,297.062,1.779,4.320,294.607,0.823,19.999,19.864,20.155,19.043,19.008,19.083,18.355,18.320,18.401,-999.000,-999.000,-999.000,14.846,12.843,21.271,20.837,21.812,-999.000,-999.000,-999.000,-999.000,-999.000,-999.000,19.550,19.512,19.587,2.267,1.445,3.532,-15.224,0.190,0.258,0.223,0.625,0.235,0.320,0.356,0.613,0.443,,,,,,,,
2023-07-19,20,17.066,16.504,17.458,17.043,16.463,17.416,17.052,16.480,17.480,17.051,16.480,17.490,15.957,14.407,16.702,16.968,81.889,7.560,0.000,374.147,394.862,-6.646,7.136,0.270,369.295,0.000,7999.000,0.000,-999.000,-999.000,101.363,0.200,0.200,2.137,3.000,287.435,1.045,1.890,281.908,0.824,19.714,19.597,19.867,19.051,19.030,19.079,18.391,18.376,18.409,-999.000,-999.000,-999.000,14.857,12.853,20.428,19.933,20.831,-999.000,-999.000,-999.000,-999.000,-999.000,-999.000,19.550,19.505,19.591,1.048,0.620,1.934,-19.017,0.189,0.257,0.223,0.625,0.235,0.319,0.356,0.613,0.441,,,,,,,,
2023-07-19,21,16.187,15.933,16.457,16.191,15.969,16.453,16.193,15.950,16.440,16.195,15.930,16.440,14.275,13.929,14.717,16.133,84.562,0.000,0.000,364.287,386.402,-14.461,0.000,0.000,359.620,0.000,7999.000,0.000,-999.000,-999.000,101.368,0.200,0.200,1.878,2.990,281.529,0.940,1.690,272.984,0.824,19.442,19.301,19.602,19.024,18.988,19.059,18.413,18.381,18.442,-999.000,-999.000,-999.000,14.846,12.851,19.446,19.114,19.906,-999.000,-999.000,-999.000,-999.000,-999.000,-999.000,19.540,19.508,19.576,0.048,0.008,0.578,-25.052,0.189,0.257,0.223,0.625,0.234,0.319,0.356,0.614,0.439,,,,,,,,
2023-07-19,22,15.940,15.792,16.088,15.966,15.800,16.143,15.991,15.790,16.180,15.992,15.810,16.200,14.384,13.950,14.807,15.962,84.412,0.000,0.000,372.272,387.957,-8.213,0.000,0.000,367.473,0.000,7999.000,0.000,-999.000,-999.000,101.377,0.200,0.200,1.805,2.820,269.146,0.983,1.860,264.813,0.824,19.137,19.007,19.301,18.979,18.955,19.018,18.435,18.420,18.453,-999.000,-999.000,-999.000,14.855,12.846,18.837,18.663,19.100,-999.000,-999.000,-999.000,-999.000,-999.000,-999.000,19.536,19.517,19.556,-0.986,-0.702,-0.820,-25.392,0.189,0.256,0.223,0.625,0.234,0.318,0.356,0.614,0.437,,,,,,,,
2023-07-19,23,15.819,15.473,16.028,15.819,15.491,16.030,15.843,15.500,16.030,15.836,15.450,16.030,14.267,13.849,14.773,15.794,85.477,0.000,0.000,372.277,387.218,-7.299,0.000,0.000,367.727,0.000,7988.283,0.000,-999.000,-999.000,101.377,0.200,0.200,1.589,2.190,275.616,0.775,1.450,278.785,0.824,18.897,18.795,19.017,18.928,18.884,18.964,18.441,18.427,18.453,-999.000,-999.000,-999.000,14.861,12.855,18.474,18.316,18.670,-999.000,-999.000,-999.000,-999.000,-999.000,-999.000,19.526,19.507,19.544,-1.683,-1.272,-1.771,-23.772,0.188,0.256,0.223,0.625,0.234,0.318,0.356,0.614,0.435,,,,,,,,
2023-07-19,24,15.628,15.307,15.822,15.629,15.284,15.834,15.671,15.350,15.870,15.664,15.330,15.890,14.884,14.401,15.091,15.615,88.918,0.000,0.000,389.977,391.472,5.858,0.000,0.000,383.682,0.000,7999.000,0.440,-999.000,-999.000,101.391,0.200,0.200,2.187,5.270,299.349,1.219,3.380,298.866,0.824,18.724,18.667,18.792,18.846,18.799,18.901,18.453,18.437,18.476,-999.000,-999.000,-999.000,14.852,12.846,18.286,18.021,18.365,-999.000,-999.000,-999.000,-999.000,-999.000,-999.000,19.537,19.517,19.557,-2.074,-1.634,-2.342,-21.239,0.188,0.255,0.223,0.625,0.234,0.318,0.356,0.615,0.434,,,,,,,,
