2023-05-22,01,15.181,14.990,15.330,15.184,14.975,15.345,15.238,15.060,15.390,15.227,15.050,15.390,14.683,14.467,14.883,15.171,93.590,0.000,0.000,371.605,391.020,-13.323,0.000,0.000,362.752,0.000,7999.000,0.000,-999.000,-999.000,101.524,0.200,0.200,3.440,7.360,347.802,2.224,6.310,347.468,0.547,14.249,14.217,14.292,13.078,13.059,13.100,12.314,12.287,12.327,-999.000,-999.000,-999.000,10.308,9.939,18.423,18.216,18.623,-999.000,-999.000,-999.000,-999.000,-999.000,-999.000,13.904,13.888,13.919,4.594,6.306,3.936,-10.778,0.394,0.552,0.681,0.729,0.521,0.662,0.698,0.743,0.473,,,,,,,,
2023-05-22,02,14.718,14.339,15.043,14.717,14.336,15.042,14.786,14.440,15.090,14.765,14.400,15.090,14.049,13.173,14.487,14.699,95.623,0.000,0.000,352.218,387.535,-28.590,0.000,0.000,341.865,0.000,7999.000,0.000,-999.000,-999.000,101.485,0.200,0.200,2.825,5.040,332.199,1.656,3.740,330.655,0.547,14.203,14.144,14.232,13.085,13.061,13.107,12.348,12.327,12.390,-999.000,-999.000,-999.000,10.298,9.936,17.955,17.659,18.209,-999.000,-999.000,-999.000,-999.000,-999.000,-999.000,13.922,13.906,13.949,3.676,5.615,3.346,-11.265,0.393,0.552,0.681,0.729,0.521,0.662,0.698,0.743,0.472,,,,,,,,
2023-05-22,03,13.743,13.017,14.319,13.738,13.030,14.324,13.789,13.110,14.390,13.768,13.080,14.380,12.098,11.237,13.090,13.689,97.055,0.000,0.000,339.792,372.087,-24.744,0.000,0.000,328.847,0.000,6610.067,0.000,-999.000,-999.000,101.448,0.200,0.200,1.428,2.840,314.207,0.680,2.040,304.350,0.548,14.143,14.087,14.185,13.099,13.079,13.152,12.389,12.363,12.417,-999.000,-999.000,-999.000,10.308,9.940,17.296,16.913,17.649,-999.000,-999.000,-999.000,-999.000,-999.000,-999.000,13.954,13.929,13.979,2.832,4.990,2.693,-14.041,0.393,0.552,0.681,0.728,0.519,0.661,0.698,0.743,0.472,,,,,,,,
2023-05-22,04,13.723,12.723,14.350,13.711,12.735,14.321,13.766,12.740,14.380,13.750,12.730,14.370,13.122,11.052,14.425,13.647,98.583,1.586,0.000,383.863,386.120,6.904,2.250,0.000,374.997,0.000,7211.017,0.000,-999.000,-999.000,101.426,0.200,0.200,1.624,3.030,299.854,0.871,2.030,299.335,0.549,14.039,13.980,14.101,13.101,13.077,13.125,12.412,12.389,12.440,-999.000,-999.000,-999.000,10.317,9.949,16.802,16.738,16.896,-999.000,-999.000,-999.000,-999.000,-999.000,-999.000,13.973,13.951,14.006,1.613,4.269,1.515,-14.953,0.392,0.551,0.681,0.728,0.518,0.661,0.698,0.743,0.471,,,,,,,,
2023-05-22,05,14.299,14.217,14.380,14.281,14.202,14.366,14.343,14.230,14.450,14.311,14.220,14.420,14.804,14.434,15.199,14.237,98.968,23.646,0.420,391.485,393.592,24.223,24.257,0.000,383.432,0.000,7900.317,0.000,-999.000,-999.000,101.440,0.200,0.200,1.711,2.910,285.232,1.186,2.580,283.165,0.549,13.921,13.883,13.983,13.097,13.079,13.123,12.436,12.410,12.462,-999.000,-999.000,-999.000,10.301,9.937,16.941,16.851,17.024,-999.000,-999.000,-999.000,-999.000,-999.000,-999.000,13.990,13.970,14.008,0.625,3.476,0.839,-9.943,0.391,0.551,0.681,0.728,0.517,0.660,0.698,0.743,0.470,,,,,,,,
2023-05-22,06,14.211,13.969,14.450,14.197,13.947,14.449,14.254,14.020,14.480,14.227,13.990,14.480,15.097,14.706,15.685,14.166,99.058,79.489,10.493,386.340,393.782,61.631,79.853,0.000,379.783,0.000,7999.000,0.000,-999.000,-999.000,101.483,0.200,0.200,3.507,6.240,319.823,2.343,4.850,320.116,0.550,13.858,13.830,13.889,13.068,13.050,13.084,12.455,12.434,12.486,-999.000,-999.000,-999.000,10.308,9.936,17.134,17.040,17.259,-999.000,-999.000,-999.000,-999.000,-999.000,-999.000,14.011,13.979,14.028,0.650,3.085,1.130,-6.912,0.391,0.550,0.681,0.728,0.517,0.660,0.698,0.743,0.471,,,,,,,,
2023-05-22,07,15.096,14.341,15.878,15.090,14.343,15.922,15.187,14.420,16.180,15.153,14.390,16.150,19.143,15.629,23.382,15.096,97.705,289.568,65.714,356.162,408.653,171.363,180.025,214.374,346.028,6.083,7999.000,0.000,-999.000,-999.000,101.514,0.200,0.200,2.196,3.770,331.952,1.582,3.000,334.682,0.551,13.855,13.829,13.876,13.067,13.027,13.106,12.475,12.452,12.513,-999.000,-999.000,-999.000,10.313,9.942,17.721,17.275,18.484,-999.000,-999.000,-999.000,-999.000,-999.000,-999.000,14.035,14.010,14.068,1.229,3.033,1.603,1.159,0.391,0.550,0.681,0.728,0.516,0.660,0.698,0.743,0.470,,,,,,,,
2023-05-22,08,17.451,15.924,18.774,17.531,15.998,18.765,17.575,15.980,18.910,17.582,15.980,18.890,24.880,23.321,27.413,17.541,87.155,495.562,115.129,356.835,432.397,304.871,176.929,513.068,339.528,10.000,7999.000,0.000,-999.000,-999.000,101.561,0.200,0.200,2.347,4.290,329.092,1.756,3.620,334.431,0.552,13.895,13.846,13.951,13.057,13.019,13.093,12.493,12.462,12.526,-999.000,-999.000,-999.000,10.312,9.943,19.715,18.509,21.057,-999.000,-999.000,-999.000,-999.000,-999.000,-999.000,14.063,14.028,14.106,2.456,3.317,2.643,20.999,0.390,0.549,0.681,0.728,0.515,0.659,0.698,0.743,0.471,,,,,,,,
2023-05-22,09,19.786,18.797,20.653,19.785,18.788,20.661,19.916,18.920,20.770,19.873,18.850,20.710,28.659,26.786,30.496,19.808,77.519,635.416,140.282,367.358,454.353,408.139,207.028,574.865,347.870,10.000,7930.833,0.000,-999.000,-999.000,101.582,0.200,0.200,2.110,3.980,322.008,1.565,3.650,320.986,0.552,14.017,13.931,14.104,13.059,13.012,13.076,12.513,12.484,12.544,-999.000,-999.000,-999.000,10.318,9.949,22.552,21.103,24.027,-999.000,-999.000,-999.000,-999.000,-999.000,-999.000,14.098,14.066,14.133,4.828,4.288,4.436,43.282,0.391,0.546,0.680,0.728,0.514,0.658,0.698,0.743,0.473,,,,,,,,
2023-05-22,10,21.444,20.529,22.260,21.446,20.527,22.285,21.628,20.610,22.600,21.576,20.570,22.530,31.769,30.200,33.065,21.464,69.759,748.848,158.885,377.772,473.382,494.353,248.171,592.731,357.787,10.000,6780.683,0.000,-999.000,-999.000,101.553,0.200,0.200,1.748,4.200,307.484,1.412,3.180,302.594,0.553,14.202,14.099,14.322,13.066,13.037,13.095,12.526,12.502,12.548,-999.000,-999.000,-999.000,10.323,9.953,25.552,24.089,27.058,-999.000,-999.000,-999.000,-999.000,-999.000,-999.000,14.118,14.088,14.139,9.383,5.973,6.638,65.533,0.388,0.543,0.679,0.727,0.513,0.656,0.697,0.744,0.476,,,,,,,,
2023-05-22,11,22.374,21.834,22.976,22.366,21.843,22.925,22.527,21.980,23.100,22.467,21.940,23.080,30.536,28.301,32.803,22.342,70.260,813.607,171.433,390.410,475.168,557.416,365.313,496.960,375.133,8.944,7999.000,0.000,-999.000,-999.000,101.512,0.200,0.200,3.347,6.520,241.473,2.723,7.470,239.440,0.553,14.445,14.311,14.566,13.072,13.040,13.103,12.532,12.508,12.557,-999.000,-999.000,-999.000,10.321,9.950,28.246,27.104,29.189,-999.000,-999.000,-999.000,-999.000,-999.000,-999.000,14.141,14.123,14.161,15.491,8.191,9.111,82.524,0.385,0.539,0.677,0.726,0.512,0.654,0.697,0.744,0.480,,,,,,,,
2023-05-22,12,23.130,22.497,23.569,23.116,22.434,23.565,23.282,22.580,23.940,23.232,22.540,23.920,30.924,27.509,33.901,23.093,66.405,671.319,138.410,397.870,473.425,457.354,365.143,321.866,386.745,5.361,7893.367,0.000,-999.000,-999.000,101.495,0.200,0.200,2.702,5.770,271.131,2.143,4.800,270.495,0.554,14.745,14.586,14.900,13.115,13.081,13.150,12.548,12.522,12.574,-999.000,-999.000,-999.000,10.323,9.956,29.811,29.218,30.299,-999.000,-999.000,-999.000,-999.000,-999.000,-999.000,14.172,14.139,14.203,21.100,11.057,12.146,84.471,0.383,0.538,0.676,0.725,0.510,0.653,0.697,0.745,0.483,,,,,,,,
2023-05-22,13,23.381,22.720,23.996,23.372,22.742,23.977,23.433,22.680,24.130,23.392,22.650,24.110,28.484,25.598,30.873,23.300,65.733,615.840,125.683,396.963,465.288,421.833,315.691,329.049,385.167,5.083,7999.000,0.000,-999.000,-999.000,101.471,0.200,0.200,4.116,6.760,266.982,3.198,6.260,267.589,0.554,15.064,14.900,15.244,13.178,13.120,13.229,12.560,12.516,12.585,-999.000,-999.000,-999.000,10.325,9.954,29.928,29.586,30.235,-999.000,-999.000,-999.000,-999.000,-999.000,-999.000,14.186,14.165,14.207,24.744,13.800,14.514,70.966,0.381,0.537,0.675,0.724,0.507,0.653,0.697,0.746,0.485,,,,,,,,
2023-05-22,14,22.738,18.769,24.475,22.710,18.262,24.478,22.783,18.810,24.670,22.733,18.790,24.650,25.932,18.854,30.736,22.664,66.454,420.699,85.686,410.648,453.790,292.146,202.990,248.699,397.722,3.972,7976.800,2.840,-999.000,-999.000,101.454,0.200,0.200,5.633,13.670,270.891,4.132,11.060,269.702,0.554,15.609,15.248,16.072,13.260,13.205,13.326,12.576,12.549,12.603,-999.000,-999.000,-999.000,10.317,9.951,30.119,28.703,30.715,-999.000,-999.000,-999.000,-999.000,-999.000,-999.000,14.215,14.187,14.247,26.435,15.812,16.521,66.228,0.380,0.539,0.674,0.722,0.501,0.655,0.698,0.746,0.486,,,,,,,,
2023-05-22,15,18.960,18.149,21.225,18.952,18.140,21.155,18.910,18.150,20.930,18.912,18.170,20.920,19.065,18.178,21.408,18.875,89.165,152.076,28.936,404.533,415.402,112.272,117.567,53.385,403.660,0.889,7976.800,9.000,-999.000,-999.000,101.503,0.200,0.200,4.149,7.780,316.189,2.614,8.280,314.671,0.547,16.464,16.094,16.619,13.373,13.283,13.454,12.604,12.567,12.627,-999.000,-999.000,-999.000,10.328,9.960,25.377,23.996,28.605,-999.000,-999.000,-999.000,-999.000,-999.000,-999.000,14.232,14.203,14.258,26.579,18.915,20.664,-8.331,0.457,0.617,0.684,0.729,0.579,0.671,0.698,0.745,0.515,,,,,,,,
2023-05-22,16,21.138,20.932,21.710,21.097,20.902,21.634,21.070,20.890,21.500,21.046,20.860,21.470,21.701,21.074,22.346,21.152,67.354,545.666,122.486,362.277,427.305,358.152,158.039,640.373,343.242,10.000,7999.000,0.000,-999.000,-999.000,101.537,0.200,0.200,6.914,12.020,335.158,4.768,9.480,334.835,0.546,16.508,16.420,16.637,13.549,13.451,13.620,12.629,12.604,12.656,-999.000,-999.000,-999.000,10.328,9.962,24.496,24.079,24.692,-999.000,-999.000,-999.000,-999.000,-999.000,-999.000,14.249,14.234,14.268,20.160,18.065,16.566,8.293,0.469,0.624,0.692,0.736,0.580,0.678,0.699,0.747,0.527,,,,,,,,
2023-05-22,17,20.663,20.214,21.005,20.610,20.167,20.942,20.597,20.120,20.920,20.562,20.090,20.880,21.617,21.048,22.098,20.686,62.605,379.186,90.573,351.138,422.365,217.386,107.538,594.069,334.717,10.000,7999.000,0.000,-999.000,-999.000,101.572,0.200,0.200,6.693,10.060,343.176,4.361,8.070,342.283,0.546,16.821,16.639,16.982,13.711,13.620,13.788,12.680,12.643,12.699,-999.000,-999.000,-999.000,10.337,9.961,23.597,22.937,24.250,-999.000,-999.000,-999.000,-999.000,-999.000,-999.000,14.282,14.251,14.300,17.692,16.361,15.297,6.693,0.467,0.619,0.693,0.737,0.569,0.677,0.699,0.744,0.522,,,,,,,,
2023-05-22,18,19.663,18.921,20.207,19.623,18.900,20.158,19.596,18.870,20.140,19.566,18.820,20.110,20.017,18.763,20.952,19.685,63.798,226.606,54.194,343.255,411.898,103.768,71.181,506.974,328.153,10.000,7999.000,0.000,-999.000,-999.000,101.611,0.200,0.200,6.565,10.030,343.064,4.196,7.290,342.659,0.546,17.024,16.989,17.052,13.868,13.791,13.944,12.724,12.699,12.768,-999.000,-999.000,-999.000,10.329,9.963,22.017,21.174,22.891,-999.000,-999.000,-999.000,-999.000,-999.000,-999.000,14.285,14.264,14.318,16.287,15.054,13.552,-6.101,0.465,0.617,0.694,0.734,0.564,0.676,0.700,0.743,0.516,,,,,,,,
2023-05-22,19,18.120,17.381,18.878,18.093,17.377,18.840,18.100,17.400,18.820,18.077,17.400,18.790,17.941,16.526,19.061,18.127,70.103,87.580,20.012,335.847,400.360,3.054,37.388,307.527,322.568,10.000,7999.000,0.000,-999.000,-999.000,101.652,0.200,0.200,5.499,9.760,342.247,3.509,7.080,341.703,0.546,16.924,16.796,17.036,14.023,13.940,14.111,12.778,12.732,12.842,-999.000,-999.000,-999.000,10.337,9.965,20.237,19.418,21.138,-999.000,-999.000,-999.000,-999.000,-999.000,-999.000,14.304,14.284,14.327,13.454,13.619,11.012,-20.251,0.463,0.615,0.694,0.730,0.562,0.673,0.700,0.742,0.510,,,,,,,,
2023-05-22,20,16.649,16.020,17.318,16.652,16.002,17.324,16.692,16.040,17.350,16.676,16.030,17.340,15.383,14.746,16.461,16.634,77.986,8.562,0.173,332.015,391.348,-45.526,6.255,28.121,319.347,0.417,7999.000,0.000,-999.000,-999.000,101.687,0.200,0.200,3.855,6.260,337.627,2.447,4.620,336.885,0.546,16.621,16.432,16.797,14.147,14.084,14.195,12.848,12.806,12.877,-999.000,-999.000,-999.000,10.338,9.972,18.722,18.110,19.412,-999.000,-999.000,-999.000,-999.000,-999.000,-999.000,14.331,14.309,14.355,9.693,12.028,8.262,-29.995,0.461,0.613,0.694,0.728,0.559,0.671,0.700,0.743,0.506,,,,,,,,
2023-05-22,21,15.694,15.367,16.077,15.699,15.369,16.068,15.740,15.390,16.080,15.726,15.370,16.080,14.558,14.328,15.031,15.651,85.327,0.000,0.000,337.387,388.382,-44.813,0.000,0.000,325.953,0.000,7999.000,0.000,-999.000,-999.000,101.755,0.200,0.200,3.829,6.480,335.734,2.288,5.520,334.198,0.546,16.219,16.026,16.437,14.227,14.180,14.266,12.919,12.867,12.952,-999.000,-999.000,-999.000,10.336,9.966,17.587,17.202,18.087,-999.000,-999.000,-999.000,-999.000,-999.000,-999.000,14.347,14.326,14.368,5.977,10.465,5.762,-32.840,0.459,0.611,0.694,0.727,0.557,0.670,0.700,0.743,0.503,,,,,,,,
2023-05-22,22,15.548,14.591,16.201,15.556,14.602,16.200,15.593,14.660,16.250,15.587,14.650,16.220,14.779,13.882,15.528,15.540,83.685,0.000,0.000,358.398,389.798,-25.347,0.000,0.000,348.665,0.000,7999.000,0.000,-999.000,-999.000,101.812,0.200,0.200,6.254,12.260,333.355,4.169,9.260,332.614,0.547,15.834,15.689,16.019,14.260,14.245,14.290,12.974,12.945,13.005,-999.000,-999.000,-999.000,10.342,9.963,17.047,16.667,17.205,-999.000,-999.000,-999.000,-999.000,-999.000,-999.000,14.367,14.341,14.382,3.016,9.020,3.845,-29.220,0.457,0.609,0.694,0.726,0.556,0.669,0.700,0.744,0.501,,,,,,,,
2023-05-22,23,14.675,14.414,14.805,14.686,14.424,14.831,14.723,14.470,14.840,14.715,14.470,14.850,13.997,13.661,14.240,14.649,85.712,0.000,0.000,356.737,385.570,-23.075,0.000,0.000,347.868,0.000,7999.000,0.000,-999.000,-999.000,101.822,0.200,0.200,5.956,10.670,330.610,3.994,8.360,329.481,0.547,15.518,15.370,15.686,14.260,14.238,14.290,13.043,13.008,13.074,-999.000,-999.000,-999.000,10.343,9.975,16.288,16.130,16.651,-999.000,-999.000,-999.000,-999.000,-999.000,-999.000,14.393,14.359,14.415,1.016,7.699,2.524,-31.298,0.456,0.607,0.694,0.726,0.554,0.668,0.701,0.744,0.499,,,,,,,,
2023-05-22,24,14.509,14.392,14.716,14.520,14.387,14.708,14.561,14.430,14.760,14.548,14.400,14.740,13.912,13.659,14.081,14.494,83.572,0.000,0.000,367.763,385.025,-11.406,0.000,0.000,359.670,0.000,7999.000,0.000,-999.000,-999.000,101.848,0.200,0.200,6.604,11.940,333.908,4.405,9.170,332.653,0.547,15.230,15.100,15.357,14.234,14.199,14.255,13.099,13.063,13.127,-999.000,-999.000,-999.000,10.343,9.983,15.876,15.707,16.133,-999.000,-999.000,-999.000,-999.000,-999.000,-999.000,14.422,14.401,14.445,-0.647,6.442,1.219,-28.725,0.455,0.606,0.694,0.725,0.553,0.668,0.701,0.744,0.497,,,,,,,,
