2023-11-28,01,2.436,2.317,2.568,2.435,2.310,2.562,2.493,2.359,2.652,2.490,2.380,2.631,1.763,1.627,1.862,2.402,88.442,0.140,0.000,318.985,325.482,-1.959,0.874,0.000,315.115,0.000,7350.833,0.000,-999.000,-999.000,99.865,0.200,0.200,7.179,12.460,23.953,5.366,10.020,23.048,0.314,6.067,6.020,6.100,6.961,6.927,6.990,7.685,7.660,7.721,-999.000,-999.000,-999.000,12.090,12.816,3.311,3.246,3.361,-999.000,-999.000,-999.000,-999.000,-999.000,-999.000,8.850,8.776,8.902,-8.827,-6.438,-8.245,-14.310,0.683,0.683,0.683,0.741,0.693,0.696,0.680,0.740,0.576,,,,,,,,
2023-11-28,02,2.118,1.898,2.380,2.106,1.911,2.360,2.130,1.889,2.407,2.129,1.880,2.398,1.484,1.327,1.667,2.041,89.010,0.082,0.000,317.627,324.065,-1.839,0.403,0.000,313.603,0.000,7308.300,0.000,-999.000,-999.000,99.980,0.200,0.200,7.143,11.270,26.255,5.333,9.460,25.692,0.313,6.029,5.992,6.057,6.960,6.925,6.991,7.676,7.654,7.704,-999.000,-999.000,-999.000,12.084,12.815,3.174,3.084,3.249,-999.000,-999.000,-999.000,-999.000,-999.000,-999.000,8.847,8.773,8.896,-9.000,-6.666,-8.520,-14.907,0.683,0.683,0.683,0.741,0.693,0.695,0.680,0.740,0.576,,,,,,,,
2023-11-28,03,1.758,1.670,1.927,1.774,1.680,1.924,1.771,1.690,1.890,1.776,1.684,1.900,1.168,1.057,1.327,1.713,88.987,0.031,0.000,315.605,322.568,-2.298,0.161,0.000,311.917,0.000,7287.150,0.000,-999.000,-999.000,100.089,0.200,0.200,7.119,11.370,16.159,5.244,9.020,15.755,0.313,5.965,5.916,6.019,6.912,6.879,6.955,7.649,7.622,7.672,-999.000,-999.000,-999.000,12.099,12.837,3.028,2.940,3.097,-999.000,-999.000,-999.000,-999.000,-999.000,-999.000,8.820,8.738,8.886,-9.237,-6.869,-8.799,-15.567,0.683,0.684,0.683,0.741,0.693,0.695,0.680,0.741,0.576,,,,,,,,
2023-11-28,04,1.357,0.699,1.673,1.365,0.696,1.693,1.371,0.658,1.692,1.371,0.662,1.694,0.394,-0.707,1.054,1.304,83.349,0.109,0.000,285.295,318.182,-28.461,0.034,0.000,283.753,0.000,7309.433,0.000,-999.000,-999.000,100.188,0.200,0.200,7.571,13.390,19.676,5.570,10.820,19.617,0.313,5.889,5.854,5.949,6.879,6.846,6.905,7.641,7.610,7.660,-999.000,-999.000,-999.000,12.098,12.833,2.815,2.603,2.930,-999.000,-999.000,-999.000,-999.000,-999.000,-999.000,8.812,8.772,8.880,-9.522,-7.063,-9.081,-16.643,0.683,0.686,0.683,0.742,0.693,0.695,0.680,0.741,0.576,,,,,,,,
2023-11-28,05,0.215,-0.054,0.662,0.221,-0.070,0.660,0.250,-0.036,0.644,0.250,-0.034,0.624,-0.893,-1.215,-0.562,0.151,83.508,0.000,0.000,231.085,310.653,-75.985,0.000,0.000,233.585,0.000,7420.933,0.000,-999.000,-999.000,100.280,0.200,0.200,5.511,9.260,9.984,4.054,7.580,9.726,0.313,5.835,5.785,5.865,6.868,6.840,6.913,7.641,7.608,7.676,-999.000,-999.000,-999.000,12.100,12.837,2.195,1.931,2.597,-999.000,-999.000,-999.000,-999.000,-999.000,-999.000,8.821,8.781,8.859,-9.915,-7.263,-9.424,-21.963,0.683,0.689,0.683,0.742,0.693,0.695,0.680,0.741,0.576,,,,,,,,
2023-11-28,06,-0.078,-0.180,0.018,-0.074,-0.169,0.029,-0.042,-0.118,0.038,-0.038,-0.135,0.039,-0.988,-1.420,-0.546,-0.134,87.587,0.000,0.000,229.132,308.893,-76.200,0.000,0.000,231.843,0.000,7327.617,0.000,-999.000,-999.000,100.363,0.200,0.200,5.034,7.950,6.526,3.662,6.800,6.428,0.313,5.748,5.687,5.805,6.827,6.779,6.871,7.619,7.600,7.662,-999.000,-999.000,-999.000,12.105,12.845,1.795,1.694,1.918,-999.000,-999.000,-999.000,-999.000,-999.000,-999.000,8.810,8.756,8.865,-10.711,-7.505,-10.012,-23.482,0.684,0.690,0.684,0.742,0.693,0.695,0.680,0.741,0.576,,,,,,,,
2023-11-28,07,-0.070,-0.157,0.038,-0.063,-0.133,0.002,-0.040,-0.107,0.156,-0.028,-0.118,0.166,-1.569,-1.740,-1.420,-0.095,87.573,0.000,0.000,232.643,307.507,-71.807,0.000,0.000,235.530,0.000,7445.017,0.000,-999.000,-999.000,100.471,0.200,0.200,3.757,7.160,12.757,2.754,5.980,11.791,0.313,5.630,5.565,5.700,6.802,6.769,6.837,7.626,7.597,7.651,-999.000,-999.000,-999.000,12.084,12.819,1.604,1.522,1.707,-999.000,-999.000,-999.000,-999.000,-999.000,-999.000,8.808,8.769,8.844,-11.724,-7.799,-10.693,-21.784,0.684,0.691,0.684,0.742,0.693,0.695,0.680,0.741,0.576,,,,,,,,
2023-11-28,08,-0.239,-0.517,0.127,-0.228,-0.520,0.168,-0.156,-0.438,0.177,-0.165,-0.438,0.186,-1.910,-2.087,-1.628,-0.268,86.802,8.383,0.000,229.150,306.448,-65.222,7.938,0.000,232.572,0.000,7464.967,0.000,-999.000,-999.000,100.556,0.200,0.200,3.539,6.550,354.967,2.478,5.710,353.560,0.313,5.518,5.453,5.588,6.776,6.738,6.820,7.620,7.601,7.645,-999.000,-999.000,-999.000,12.076,12.816,1.465,1.427,1.516,-999.000,-999.000,-999.000,-999.000,-999.000,-999.000,8.807,8.771,8.844,-12.605,-8.122,-11.316,-20.894,0.684,0.691,0.684,0.742,0.693,0.695,0.680,0.741,0.575,,,,,,,,
2023-11-28,09,-0.032,-0.481,0.708,-0.014,-0.477,0.784,0.112,-0.396,1.105,0.073,-0.404,0.907,-1.618,-2.129,-0.871,-0.080,88.548,110.366,32.034,229.367,309.822,-1.855,29.736,367.788,232.937,7.028,6514.917,0.000,-999.000,-999.000,100.633,0.200,0.200,2.692,4.270,348.472,1.915,3.800,347.706,0.312,5.394,5.318,5.472,6.712,6.661,6.764,7.583,7.542,7.625,-999.000,-999.000,-999.000,12.078,12.820,1.460,1.430,1.501,-999.000,-999.000,-999.000,-999.000,-999.000,-999.000,8.790,8.738,8.844,-13.236,-8.421,-11.794,-19.238,0.684,0.690,0.683,0.742,0.693,0.695,0.680,0.741,0.575,,,,,,,,
2023-11-28,10,1.219,0.645,1.846,1.233,0.715,1.883,1.460,1.020,2.053,1.361,0.848,1.966,-0.314,-0.894,0.561,1.201,85.162,197.889,68.077,234.200,320.563,43.449,39.650,660.677,237.517,10.000,7488.983,0.000,-999.000,-999.000,100.726,0.200,0.200,1.720,3.370,356.268,1.364,2.700,353.256,0.312,5.274,5.211,5.338,6.648,6.597,6.693,7.546,7.511,7.591,-999.000,-999.000,-999.000,12.072,12.815,1.618,1.460,2.007,-999.000,-999.000,-999.000,-999.000,-999.000,-999.000,8.770,8.739,8.807,-13.578,-8.673,-12.032,-14.816,0.684,0.690,0.683,0.742,0.692,0.694,0.680,0.741,0.575,,,,,,,,
2023-11-28,11,2.257,1.836,2.831,2.259,1.860,2.673,2.427,2.050,2.947,2.375,1.972,2.917,1.429,0.551,2.248,2.183,78.686,251.632,83.791,237.685,331.013,74.513,44.403,726.026,241.293,10.000,7445.783,0.000,-999.000,-999.000,100.773,0.200,0.200,1.282,2.530,317.341,1.106,2.490,317.042,0.312,5.192,5.152,5.237,6.598,6.552,6.662,7.527,7.496,7.552,-999.000,-999.000,-999.000,12.074,12.818,2.506,2.016,2.933,-999.000,-999.000,-999.000,-999.000,-999.000,-999.000,8.765,8.719,8.808,-13.299,-8.835,-11.820,-9.401,0.684,0.690,0.684,0.742,0.692,0.694,0.680,0.741,0.576,,,,,,,,
2023-11-28,12,2.846,2.495,3.199,2.847,2.482,3.206,2.890,2.559,3.250,2.874,2.539,3.242,2.913,2.238,3.504,2.784,72.687,255.007,81.546,245.170,335.200,83.431,63.907,624.566,247.973,8.611,7282.500,0.000,-999.000,-999.000,100.789,0.200,0.200,2.198,4.150,322.005,1.727,3.800,323.793,0.312,5.163,5.147,5.184,6.538,6.494,6.567,7.504,7.478,7.542,-999.000,-999.000,-999.000,12.078,12.821,3.449,2.963,3.911,-999.000,-999.000,-999.000,-999.000,-999.000,-999.000,8.763,8.718,8.803,-11.944,-8.860,-11.030,-4.093,0.683,0.690,0.683,0.742,0.692,0.694,0.680,0.741,0.576,,,,,,,,
2023-11-28,13,3.102,2.505,3.459,3.101,2.554,3.443,3.147,2.603,3.477,3.139,2.576,3.480,3.291,1.587,4.347,3.054,70.709,165.697,44.718,275.523,333.180,63.322,124.051,139.122,279.227,2.167,7525.033,0.000,-999.000,-999.000,100.802,0.200,0.200,2.140,3.910,318.675,1.621,3.410,319.403,0.312,5.211,5.166,5.266,6.494,6.447,6.537,7.479,7.451,7.511,-999.000,-999.000,-999.000,12.075,12.825,3.849,3.691,4.065,-999.000,-999.000,-999.000,-999.000,-999.000,-999.000,8.757,8.699,8.787,-9.640,-8.710,-9.752,3.744,0.683,0.684,0.683,0.742,0.692,0.694,0.679,0.740,0.576,,,,,,,,
2023-11-28,14,3.083,2.560,3.661,3.080,2.541,3.654,3.116,2.587,3.719,3.107,2.587,3.708,2.527,1.082,4.489,3.083,71.858,105.315,27.255,251.623,325.237,4.472,64.789,176.192,256.137,3.333,7731.267,0.000,-999.000,-999.000,100.803,0.200,0.200,2.367,3.810,318.987,1.664,3.120,320.599,0.311,5.299,5.256,5.362,6.455,6.417,6.501,7.459,7.430,7.488,-999.000,-999.000,-999.000,12.079,12.825,4.114,3.894,4.244,-999.000,-999.000,-999.000,-999.000,-999.000,-999.000,8.747,8.709,8.787,-7.494,-8.388,-8.483,6.686,0.682,0.682,0.682,0.741,0.692,0.695,0.679,0.740,0.576,,,,,,,,
2023-11-28,15,3.083,2.258,3.621,3.111,2.258,3.585,3.241,2.242,3.701,3.213,2.206,3.671,1.336,0.812,1.695,3.031,70.838,77.033,30.516,238.402,317.073,-32.147,24.997,400.527,243.982,9.694,7786.650,0.000,-999.000,-999.000,100.785,0.200,0.200,1.611,2.990,274.005,0.953,1.750,272.095,0.311,5.398,5.339,5.463,6.433,6.400,6.471,7.433,7.391,7.466,-999.000,-999.000,-999.000,12.049,12.800,3.594,3.249,3.874,-999.000,-999.000,-999.000,-999.000,-999.000,-999.000,8.742,8.698,8.789,-6.132,-7.978,-7.502,-4.989,0.682,0.682,0.682,0.741,0.692,0.695,0.679,0.740,0.576,,,,,,,,
2023-11-28,16,1.626,1.177,2.892,1.670,1.204,3.001,1.682,1.251,3.100,1.681,1.259,3.092,0.254,-0.295,1.000,1.563,79.736,7.242,1.283,246.495,310.663,-53.816,4.866,45.069,250.760,1.750,7255.000,0.000,-999.000,-999.000,100.774,0.200,0.200,2.808,4.470,238.329,1.783,3.850,234.834,0.311,5.459,5.414,5.496,6.408,6.375,6.439,7.396,7.371,7.442,-999.000,-999.000,-999.000,12.069,12.820,2.779,2.348,3.262,-999.000,-999.000,-999.000,-999.000,-999.000,-999.000,8.726,8.678,8.775,-5.970,-7.623,-7.359,-15.615,0.682,0.682,0.682,0.741,0.692,0.695,0.679,0.740,0.576,,,,,,,,
2023-11-28,17,0.778,0.299,1.481,0.797,0.326,1.475,0.797,0.324,1.498,0.795,0.341,1.522,-0.465,-0.932,0.038,0.687,84.458,0.000,0.000,236.673,308.013,-67.133,0.000,0.000,240.438,0.000,7461.433,0.000,-999.000,-999.000,100.725,0.200,0.200,3.227,4.630,222.214,1.938,3.400,219.594,0.310,5.465,5.437,5.510,6.400,6.372,6.430,7.374,7.350,7.405,-999.000,-999.000,-999.000,12.069,12.822,1.960,1.657,2.342,-999.000,-999.000,-999.000,-999.000,-999.000,-999.000,8.710,8.669,8.743,-6.830,-7.435,-7.864,-22.028,0.682,0.682,0.682,0.741,0.692,0.695,0.679,0.740,0.576,,,,,,,,
2023-11-28,18,1.092,0.554,1.519,1.099,0.554,1.529,1.094,0.533,1.559,1.097,0.535,1.545,-0.734,-1.094,-0.404,0.984,84.038,0.000,0.000,255.052,311.068,-51.038,0.000,0.000,257.177,0.000,6382.633,0.000,-999.000,-999.000,100.685,0.200,0.200,3.882,6.280,220.205,2.759,5.300,217.594,0.310,5.418,5.378,5.458,6.396,6.375,6.415,7.350,7.320,7.378,-999.000,-999.000,-999.000,12.074,12.829,1.495,1.413,1.651,-999.000,-999.000,-999.000,-999.000,-999.000,-999.000,8.702,8.655,8.752,-8.212,-7.404,-8.584,-23.071,0.682,0.682,0.682,0.741,0.692,0.695,0.679,0.740,0.576,,,,,,,,
2023-11-28,19,1.809,1.492,2.262,1.813,1.473,2.246,1.843,1.557,2.234,1.840,1.533,2.234,-0.073,-0.407,0.259,1.737,81.900,0.003,0.000,281.902,317.068,-29.775,0.000,0.000,281.803,0.000,7382.433,0.000,-999.000,-999.000,100.643,0.200,0.200,4.892,8.470,218.865,3.740,7.380,217.715,0.309,5.334,5.267,5.391,6.384,6.345,6.411,7.330,7.291,7.359,-999.000,-999.000,-999.000,12.055,12.813,1.343,1.297,1.423,-999.000,-999.000,-999.000,-999.000,-999.000,-999.000,8.683,8.622,8.734,-9.595,-7.469,-9.315,-21.347,0.682,0.682,0.682,0.741,0.692,0.695,0.679,0.740,0.576,,,,,,,,
2023-11-28,20,2.209,1.832,2.407,2.220,1.802,2.431,2.241,1.869,2.421,2.236,1.847,2.441,0.429,0.094,0.688,2.140,81.477,0.044,0.000,287.053,320.007,-27.922,0.000,0.000,286.095,0.000,7656.250,0.000,-999.000,-999.000,100.565,0.200,0.200,6.119,9.690,222.597,4.806,8.480,221.462,0.309,5.225,5.159,5.290,6.348,6.317,6.384,7.294,7.266,7.324,-999.000,-999.000,-999.000,12.050,12.807,1.338,1.287,1.376,-999.000,-999.000,-999.000,-999.000,-999.000,-999.000,8.663,8.580,8.719,-10.562,-7.562,-9.859,-19.976,0.682,0.682,0.682,0.741,0.692,0.695,0.679,0.740,0.576,,,,,,,,
2023-11-28,21,2.219,1.961,2.400,2.218,1.968,2.364,2.237,2.005,2.375,2.229,1.997,2.370,0.876,0.374,1.249,2.138,83.357,0.000,0.000,305.247,322.013,-11.758,0.000,0.000,302.742,0.000,7727.733,0.000,-999.000,-999.000,100.492,0.200,0.200,6.523,9.920,225.376,5.159,8.260,224.566,0.309,5.133,5.093,5.176,6.325,6.287,6.374,7.275,7.235,7.309,-999.000,-999.000,-999.000,12.043,12.802,1.330,1.274,1.435,-999.000,-999.000,-999.000,-999.000,-999.000,-999.000,8.650,8.566,8.713,-10.960,-7.607,-10.107,-18.077,0.682,0.682,0.682,0.741,0.692,0.695,0.679,0.740,0.576,,,,,,,,
2023-11-28,22,2.213,1.848,2.486,2.221,1.825,2.483,2.243,1.898,2.502,2.238,1.870,2.495,1.072,0.437,1.436,2.159,88.423,0.000,0.000,318.047,322.593,-0.565,0.000,0.000,316.617,0.000,7447.817,1.030,-999.000,-999.000,100.449,0.200,0.200,5.924,-999.000,235.578,4.779,8.430,235.667,0.308,5.067,5.011,5.116,6.297,6.258,6.330,7.255,7.225,7.285,-999.000,-999.000,-999.000,12.036,12.803,1.551,1.435,1.649,-999.000,-999.000,-999.000,-999.000,-999.000,-999.000,8.637,8.572,8.714,-11.058,-7.586,-10.167,-13.945,0.682,0.682,0.682,0.741,0.692,0.694,0.679,0.740,0.576,,,,,,,,
2023-11-28,23,0.904,0.315,2.112,0.902,0.326,2.176,0.953,0.375,2.191,0.935,0.368,2.181,0.252,-0.067,1.189,0.834,95.698,0.001,0.000,316.215,317.473,2.777,0.103,0.000,312.122,0.000,4862.117,2.430,-999.000,-999.000,100.453,0.200,0.200,4.960,8.370,247.923,3.871,7.120,247.104,0.308,4.979,4.936,5.034,6.246,6.213,6.277,7.233,7.198,7.256,-999.000,-999.000,-999.000,12.047,12.809,1.394,1.171,1.603,-999.000,-999.000,-999.000,-999.000,-999.000,-999.000,8.614,8.553,8.670,-10.962,-7.528,-10.071,-15.256,0.682,0.682,0.682,0.741,0.692,0.694,0.679,0.739,0.577,,,,,,,,
2023-11-28,24,0.391,0.253,0.626,0.399,0.286,0.676,0.472,0.352,0.700,0.456,0.323,0.690,0.000,-0.054,0.091,0.331,97.935,0.014,0.000,312.810,315.763,1.229,0.005,0.000,309.392,0.000,4960.400,0.850,-999.000,-999.000,100.372,0.200,0.200,4.959,8.630,225.359,3.991,7.550,223.829,0.307,4.913,4.865,4.949,6.221,6.179,6.251,7.228,7.203,7.259,-999.000,-999.000,-999.000,12.037,12.801,1.061,0.997,1.172,-999.000,-999.000,-999.000,-999.000,-999.000,-999.000,8.622,8.561,8.680,-11.026,-7.472,-10.114,-18.929,0.682,0.682,0.682,0.740,0.692,0.694,0.679,0.739,0.577,,,,,,,,
