2023-04-16,01,8.166,8.144,8.237,8.122,8.097,8.166,8.214,8.180,8.250,8.184,8.160,8.250,8.007,7.960,8.093,8.100,96.533,0.000,0.000,354.400,356.013,4.035,0.000,0.000,347.503,0.000,7985.917,0.000,-999.000,-999.000,102.187,0.200,0.200,5.322,8.620,337.055,4.036,6.780,336.109,0.350,9.382,9.327,9.407,9.103,9.063,9.132,8.861,8.852,8.862,-999.000,-999.000,-999.000,8.626,9.193,8.635,8.620,8.650,-999.000,-999.000,-999.000,-999.000,-999.000,-999.000,9.230,9.216,9.239,-0.443,-0.126,-0.535,-7.721,0.623,0.667,0.691,0.715,0.682,0.687,0.686,0.745,0.521,,,,,,,,
2023-04-16,02,8.202,8.147,8.244,8.152,8.126,8.202,8.243,8.230,8.280,8.237,8.190,8.260,8.090,8.076,8.112,8.113,97.625,0.000,0.000,354.847,356.233,4.080,0.000,0.000,348.215,0.000,7978.050,0.000,-999.000,-999.000,102.185,0.200,0.200,5.582,8.920,339.270,4.152,7.550,338.158,0.350,9.327,9.321,9.334,9.062,9.046,9.079,8.858,8.845,8.862,-999.000,-999.000,-999.000,8.626,9.202,8.642,8.630,8.647,-999.000,-999.000,-999.000,-999.000,-999.000,-999.000,9.234,9.225,9.239,-0.524,-0.195,-0.591,-6.625,0.622,0.667,0.691,0.715,0.682,0.685,0.686,0.745,0.521,,,,,,,,
2023-04-16,03,8.163,8.134,8.220,8.152,8.126,8.206,8.238,8.210,8.260,8.227,8.160,8.260,8.098,8.066,8.119,8.119,97.563,0.000,0.000,355.067,356.372,4.437,0.006,0.000,348.330,0.000,7967.567,0.000,-999.000,-999.000,102.193,0.200,0.200,5.120,7.930,335.806,3.921,6.900,336.620,0.350,9.273,9.235,9.318,9.054,9.043,9.060,8.855,8.845,8.862,-999.000,-999.000,-999.000,8.630,9.205,8.640,8.627,8.647,-999.000,-999.000,-999.000,-999.000,-999.000,-999.000,9.233,9.225,9.239,-0.540,-0.218,-0.593,-5.904,0.622,0.667,0.691,0.716,0.682,0.684,0.686,0.745,0.522,,,,,,,,
2023-04-16,04,8.223,8.189,8.276,8.239,8.206,8.278,8.300,8.250,8.350,8.284,8.250,8.320,8.117,8.098,8.175,8.201,97.137,0.000,0.000,355.323,356.623,4.619,0.021,0.000,348.538,0.000,7951.283,0.000,-999.000,-999.000,102.217,0.200,0.200,5.044,8.460,329.791,3.950,7.180,329.846,0.351,9.228,9.208,9.251,9.025,9.000,9.050,8.843,8.838,8.862,-999.000,-999.000,-999.000,8.647,9.198,8.625,8.620,8.640,-999.000,-999.000,-999.000,-999.000,-999.000,-999.000,9.230,9.215,9.235,-0.533,-0.219,-0.580,-5.441,0.622,0.666,0.691,0.716,0.682,0.683,0.686,0.745,0.522,,,,,,,,
2023-04-16,05,8.258,8.223,8.282,8.271,8.255,8.285,8.321,8.280,8.360,8.299,8.280,8.330,8.150,8.102,8.184,8.204,97.267,0.486,0.000,355.168,356.375,4.979,0.873,0.000,348.650,0.000,7929.950,0.000,-999.000,-999.000,102.236,0.200,0.200,5.814,9.700,333.601,4.517,8.290,332.525,0.351,9.186,9.168,9.211,9.000,8.993,9.009,8.841,8.835,8.848,-999.000,-999.000,-999.000,8.648,9.205,8.612,8.589,8.627,-999.000,-999.000,-999.000,-999.000,-999.000,-999.000,9.231,9.215,9.255,-0.521,-0.212,-0.562,-5.082,0.620,0.666,0.691,0.716,0.682,0.683,0.686,0.743,0.521,,,,,,,,
2023-04-16,06,8.256,8.206,8.299,8.280,8.242,8.354,8.323,8.280,8.380,8.312,8.270,8.380,8.186,8.138,8.247,8.242,96.878,7.139,0.000,355.085,356.580,9.803,7.618,0.000,348.737,0.000,7991.533,0.000,-999.000,-999.000,102.269,0.200,0.200,5.795,8.870,339.512,4.322,7.040,339.344,0.351,9.168,9.145,9.185,8.986,8.966,9.000,8.837,8.825,8.845,-999.000,-999.000,-999.000,8.643,9.205,8.608,8.589,8.620,-999.000,-999.000,-999.000,-999.000,-999.000,-999.000,9.245,9.228,9.254,-0.514,-0.206,-0.549,-4.681,0.619,0.665,0.691,0.717,0.682,0.682,0.686,0.742,0.521,,,,,,,,
2023-04-16,07,8.449,8.285,8.661,8.489,8.338,8.677,8.527,8.350,8.730,8.528,8.370,8.730,8.464,8.240,8.767,8.451,95.733,31.179,2.452,355.805,358.357,26.544,31.638,0.000,349.695,0.000,7993.583,0.000,-999.000,-999.000,102.310,0.200,0.200,5.390,8.130,340.264,3.982,7.480,339.408,0.352,9.138,9.110,9.158,8.964,8.935,8.983,8.834,8.817,8.851,-999.000,-999.000,-999.000,8.631,9.186,8.670,8.586,8.803,-999.000,-999.000,-999.000,-999.000,-999.000,-999.000,9.220,9.213,9.248,-0.497,-0.196,-0.518,-3.726,0.618,0.664,0.691,0.716,0.682,0.683,0.686,0.742,0.521,,,,,,,,
2023-04-16,08,8.703,8.614,8.831,8.704,8.600,8.837,8.786,8.690,8.930,8.773,8.670,8.910,8.878,8.714,9.063,8.697,95.312,49.344,6.515,357.220,360.517,39.532,49.560,0.000,350.945,0.000,7978.283,0.000,-999.000,-999.000,102.366,0.200,0.200,4.873,7.140,344.688,3.651,6.450,343.239,0.352,9.115,9.106,9.126,8.932,8.918,8.938,8.844,8.823,8.859,-999.000,-999.000,-999.000,8.625,9.183,8.939,8.810,9.072,-999.000,-999.000,-999.000,-999.000,-999.000,-999.000,9.235,9.206,9.262,-0.428,-0.152,-0.375,-1.348,0.618,0.664,0.691,0.717,0.682,0.682,0.686,0.741,0.521,,,,,,,,
2023-04-16,09,8.987,8.821,9.221,9.009,8.824,9.213,9.051,8.880,9.260,9.041,8.840,9.260,9.363,9.070,9.595,8.982,94.435,77.467,13.777,358.372,362.938,59.123,77.302,0.000,352.258,0.000,7999.000,0.000,-999.000,-999.000,102.416,0.200,0.200,4.879,7.060,346.028,3.597,5.830,345.031,0.352,9.113,9.091,9.124,8.890,8.856,8.919,8.818,8.791,8.847,-999.000,-999.000,-999.000,8.618,9.177,9.240,9.072,9.457,-999.000,-999.000,-999.000,-999.000,-999.000,-999.000,9.217,9.211,9.252,-0.280,-0.017,-0.048,1.222,0.617,0.663,0.691,0.717,0.682,0.682,0.686,0.741,0.522,,,,,,,,
2023-04-16,10,9.525,9.131,9.997,9.553,9.121,10.026,9.576,9.170,10.030,9.575,9.130,10.040,10.443,9.579,11.471,9.527,92.030,156.404,34.364,359.458,368.720,112.778,155.115,0.000,354.225,0.000,7929.667,0.000,-999.000,-999.000,102.460,0.200,0.200,4.366,6.290,349.322,3.230,5.430,349.419,0.352,9.159,9.124,9.200,8.909,8.877,8.935,8.836,8.785,8.857,-999.000,-999.000,-999.000,8.623,9.178,9.772,9.470,10.269,-999.000,-999.000,-999.000,-999.000,-999.000,-999.000,9.235,9.208,9.259,0.009,0.216,0.440,4.837,0.617,0.663,0.691,0.717,0.682,0.682,0.686,0.741,0.522,,,,,,,,
2023-04-16,11,10.182,9.896,10.506,10.187,9.935,10.465,10.229,9.990,10.550,10.219,9.960,10.530,11.554,11.219,11.878,10.166,87.712,186.828,42.560,361.850,373.712,132.406,184.252,0.000,356.353,0.000,7861.800,0.000,-999.000,-999.000,102.496,0.200,0.200,3.951,5.830,336.786,3.055,5.250,335.672,0.353,9.235,9.186,9.316,8.887,8.854,8.909,8.824,8.782,8.851,-999.000,-999.000,-999.000,8.626,9.176,10.745,10.272,11.123,-999.000,-999.000,-999.000,-999.000,-999.000,-999.000,9.226,9.201,9.260,0.466,0.615,1.284,12.407,0.617,0.663,0.691,0.717,0.682,0.682,0.686,0.741,0.522,,,,,,,,
2023-04-16,12,10.434,10.225,10.717,10.416,10.203,10.703,10.460,10.260,10.790,10.441,10.240,10.750,11.898,11.554,12.479,10.381,87.163,174.675,39.066,362.665,374.100,124.174,172.097,0.000,357.195,0.000,7835.683,0.000,-999.000,-999.000,102.507,0.200,0.200,4.135,6.330,327.011,3.098,5.480,325.055,0.353,9.375,9.302,9.447,8.894,8.870,8.909,8.815,8.810,8.834,-999.000,-999.000,-999.000,8.630,9.183,11.446,11.139,11.613,-999.000,-999.000,-999.000,-999.000,-999.000,-999.000,9.269,9.233,9.282,1.214,1.253,2.571,16.391,0.615,0.662,0.691,0.716,0.682,0.682,0.686,0.740,0.522,,,,,,,,
2023-04-16,13,10.335,9.980,10.816,10.347,9.996,10.818,10.408,10.050,10.890,10.396,10.050,10.890,11.889,11.232,13.060,10.316,88.003,203.769,46.960,362.062,374.017,144.854,196.908,0.094,357.873,0.000,7913.050,0.000,-999.000,-999.000,102.533,0.200,0.200,4.911,7.650,327.113,3.696,6.380,327.025,0.354,9.511,9.443,9.592,8.903,8.883,8.939,8.822,8.810,8.831,-999.000,-999.000,-999.000,8.638,9.185,11.740,11.623,11.979,-999.000,-999.000,-999.000,-999.000,-999.000,-999.000,9.259,9.230,9.282,1.992,1.953,3.707,15.914,0.615,0.662,0.691,0.716,0.682,0.682,0.686,0.739,0.522,,,,,,,,
2023-04-16,14,10.743,10.529,11.012,10.732,10.531,11.028,10.759,10.560,11.010,10.746,10.560,11.010,13.064,12.066,13.969,10.702,86.257,279.486,66.528,362.192,378.147,197.003,270.919,1.526,358.663,0.000,7966.017,0.000,-999.000,-999.000,102.543,0.200,0.200,5.163,7.440,333.825,3.905,6.680,332.802,0.354,9.640,9.580,9.728,8.925,8.891,8.942,8.803,8.791,8.823,-999.000,-999.000,-999.000,8.633,9.182,12.581,11.982,12.887,-999.000,-999.000,-999.000,-999.000,-999.000,-999.000,9.243,9.221,9.269,2.606,2.576,4.546,20.524,0.614,0.662,0.691,0.717,0.681,0.681,0.686,0.739,0.521,,,,,,,,
2023-04-16,15,10.609,10.472,10.796,10.607,10.484,10.782,10.646,10.520,10.830,10.631,10.510,10.820,11.799,11.468,12.130,10.585,86.492,160.765,36.681,363.392,373.268,114.206,159.412,0.002,358.463,0.000,7920.333,0.000,-999.000,-999.000,102.527,0.200,0.200,5.000,7.250,337.240,3.764,6.180,335.824,0.355,9.808,9.728,9.915,8.963,8.932,8.994,8.818,8.799,8.830,-999.000,-999.000,-999.000,8.642,9.193,12.804,12.679,12.892,-999.000,-999.000,-999.000,-999.000,-999.000,-999.000,9.247,9.224,9.282,3.329,3.296,5.691,20.340,0.613,0.660,0.691,0.716,0.680,0.685,0.686,0.739,0.521,,,,,,,,
2023-04-16,16,10.922,10.595,11.351,10.913,10.597,11.296,10.938,10.590,11.320,10.929,10.600,11.300,12.245,11.637,12.541,10.878,85.067,204.469,48.635,361.295,375.553,141.575,202.592,0.191,356.827,0.000,7911.817,0.000,-999.000,-999.000,102.519,0.200,0.200,5.162,7.780,333.479,3.960,6.810,332.187,0.355,9.950,9.908,10.013,9.013,8.988,9.063,8.824,8.810,8.837,-999.000,-999.000,-999.000,8.642,9.188,12.711,12.629,12.790,-999.000,-999.000,-999.000,-999.000,-999.000,-999.000,9.262,9.241,9.282,3.856,3.859,6.239,16.109,0.613,0.658,0.691,0.715,0.679,0.686,0.686,0.738,0.521,,,,,,,,
2023-04-16,17,10.579,10.186,11.029,10.569,10.175,11.012,10.624,10.260,11.060,10.609,10.230,11.040,11.507,10.523,12.474,10.552,85.773,118.442,24.579,358.830,371.268,81.424,117.551,0.009,352.602,0.000,7939.733,0.000,-999.000,-999.000,102.529,0.200,0.200,5.257,8.260,335.934,3.950,6.960,335.280,0.356,10.071,10.010,10.114,9.069,9.037,9.088,8.827,8.799,8.844,-999.000,-999.000,-999.000,8.646,9.190,12.744,12.495,12.849,-999.000,-999.000,-999.000,-999.000,-999.000,-999.000,9.253,9.238,9.276,4.106,4.194,6.444,15.045,0.611,0.654,0.691,0.714,0.678,0.686,0.686,0.738,0.520,,,,,,,,
2023-04-16,18,9.875,9.685,10.166,9.866,9.687,10.139,9.919,9.730,10.200,9.904,9.710,10.190,9.919,9.531,10.470,9.842,89.050,18.868,0.258,360.147,365.003,16.155,19.035,0.000,353.160,0.000,7940.517,0.000,-999.000,-999.000,102.548,0.200,0.200,4.330,6.710,334.411,3.317,5.650,333.205,0.356,10.139,10.104,10.160,9.105,9.068,9.145,8.833,8.805,8.855,-999.000,-999.000,-999.000,8.643,9.186,12.090,11.669,12.495,-999.000,-999.000,-999.000,-999.000,-999.000,-999.000,9.244,9.224,9.278,4.230,4.387,6.406,8.085,0.611,0.653,0.691,0.714,0.678,0.687,0.686,0.738,0.520,,,,,,,,
2023-04-16,19,9.486,9.092,9.741,9.480,9.078,9.728,9.533,9.120,9.790,9.522,9.110,9.780,9.292,8.952,9.531,9.446,90.797,3.101,0.000,358.995,362.625,5.203,3.380,0.000,351.555,0.000,7815.300,0.000,-999.000,-999.000,102.577,0.200,0.200,4.537,7.530,331.628,3.402,7.060,329.656,0.356,10.137,10.114,10.172,9.161,9.121,9.176,8.850,8.822,8.860,-999.000,-999.000,-999.000,8.648,9.194,11.298,10.958,11.656,-999.000,-999.000,-999.000,-999.000,-999.000,-999.000,9.247,9.230,9.275,3.962,4.233,5.654,0.690,0.610,0.653,0.691,0.714,0.678,0.687,0.686,0.738,0.520,,,,,,,,
2023-04-16,20,8.742,8.557,9.072,8.734,8.550,9.058,8.799,8.620,9.130,8.784,8.620,9.110,8.653,8.492,8.952,8.717,93.155,0.000,0.000,355.973,358.878,3.007,0.000,0.000,348.857,0.000,7977.450,0.000,-999.000,-999.000,102.614,0.200,0.200,5.301,7.780,338.244,3.911,6.910,337.585,0.356,10.104,10.051,10.152,9.207,9.173,9.232,8.871,8.847,8.892,-999.000,-999.000,-999.000,8.643,9.194,10.654,10.387,10.942,-999.000,-999.000,-999.000,-999.000,-999.000,-999.000,9.235,9.211,9.252,3.385,3.817,4.587,-3.579,0.610,0.652,0.691,0.714,0.678,0.687,0.686,0.738,0.519,,,,,,,,
2023-04-16,21,8.604,8.516,8.675,8.590,8.528,8.650,8.663,8.590,8.720,8.659,8.580,8.710,8.495,8.394,8.552,8.579,93.688,0.000,0.000,355.863,358.375,3.227,0.000,0.000,348.745,0.000,7988.550,0.000,-999.000,-999.000,102.631,0.200,0.200,4.508,6.650,346.899,3.340,6.060,346.294,0.357,10.018,9.958,10.052,9.222,9.215,9.235,8.866,8.859,8.883,-999.000,-999.000,-999.000,8.640,9.171,10.165,10.011,10.381,-999.000,-999.000,-999.000,-999.000,-999.000,-999.000,9.251,9.236,9.253,2.714,3.269,3.525,-6.062,0.610,0.652,0.691,0.714,0.677,0.688,0.686,0.738,0.519,,,,,,,,
2023-04-16,22,8.391,8.137,8.513,8.388,8.112,8.552,8.458,8.210,8.620,8.445,8.190,8.600,8.248,8.064,8.384,8.358,93.133,0.000,0.000,354.628,357.192,3.246,0.000,0.000,347.417,0.000,7963.517,0.000,-999.000,-999.000,102.618,0.200,0.200,4.768,7.410,345.657,3.470,6.370,344.797,0.357,9.955,9.920,10.000,9.247,9.222,9.273,8.885,8.863,8.923,-999.000,-999.000,-999.000,8.626,9.177,9.821,9.669,9.998,-999.000,-999.000,-999.000,-999.000,-999.000,-999.000,9.254,9.250,9.267,2.094,2.698,2.624,-6.863,0.610,0.652,0.691,0.714,0.677,0.688,0.686,0.737,0.519,,,,,,,,
2023-04-16,23,8.125,8.037,8.206,8.121,8.014,8.206,8.167,8.060,8.260,8.155,8.070,8.250,8.053,8.016,8.095,8.073,94.235,0.000,0.000,353.703,356.155,3.357,0.000,0.000,346.708,0.000,7916.817,0.000,-999.000,-999.000,102.620,0.200,0.200,4.182,6.090,345.345,3.093,5.000,344.842,0.358,9.893,9.848,9.941,9.272,9.256,9.280,8.915,8.904,8.934,-999.000,-999.000,-999.000,8.655,9.203,9.542,9.418,9.669,-999.000,-999.000,-999.000,-999.000,-999.000,-999.000,9.252,9.228,9.284,1.583,2.189,1.911,-7.517,0.609,0.651,0.691,0.714,0.676,0.688,0.687,0.737,0.519,,,,,,,,
2023-04-16,24,8.087,8.001,8.127,8.098,8.001,8.149,8.161,8.060,8.230,8.145,8.040,8.220,8.003,7.940,8.036,8.070,94.352,0.000,0.000,353.978,356.593,2.948,0.000,0.000,346.472,0.000,7865.667,0.000,-999.000,-999.000,102.621,0.200,0.200,3.500,5.580,353.605,2.550,4.970,353.137,0.358,9.809,9.782,9.855,9.278,9.273,9.287,8.939,8.918,8.974,-999.000,-999.000,-999.000,8.662,9.208,9.326,9.247,9.418,-999.000,-999.000,-999.000,-999.000,-999.000,-999.000,9.242,9.225,9.258,1.141,1.736,1.328,-7.679,0.608,0.651,0.692,0.714,0.676,0.688,0.687,0.737,0.519,,,,,,,,
