2023-04-22,01,5.520,4.851,6.085,5.494,4.851,6.025,5.472,4.756,6.005,5.444,4.753,5.969,4.654,3.837,5.172,5.402,97.612,0.000,0.000,283.407,326.485,-36.345,0.000,0.000,269.035,0.000,1000.513,0.000,-999.000,-999.000,100.834,0.200,0.200,1.166,2.800,106.751,0.460,1.190,140.736,0.436,10.685,10.533,10.817,10.227,10.195,10.277,9.618,9.568,9.643,-999.000,-999.000,-999.000,8.831,9.284,8.259,7.814,8.722,-999.000,-999.000,-999.000,-999.000,-999.000,-999.000,9.458,9.430,9.472,0.816,1.180,-0.362,-22.037,0.563,0.618,0.684,0.717,0.592,0.657,0.687,0.735,0.479,,,,,,,,
2023-04-22,02,4.591,4.231,5.084,4.571,4.238,4.998,4.610,4.213,4.981,4.603,4.194,5.038,3.675,3.297,3.957,4.565,98.872,0.000,0.000,284.548,325.002,-34.358,0.000,0.000,271.190,0.000,1046.410,0.030,-999.000,-999.000,100.815,0.200,0.200,0.576,1.550,246.784,0.658,1.440,298.663,0.436,10.386,10.218,10.533,10.197,10.151,10.244,9.649,9.627,9.662,-999.000,-999.000,-999.000,8.831,9.285,7.433,7.097,7.811,-999.000,-999.000,-999.000,-999.000,-999.000,-999.000,9.469,9.446,9.498,-0.462,-0.251,-2.344,-24.821,0.563,0.617,0.684,0.717,0.592,0.658,0.687,0.735,0.478,,,,,,,,
2023-04-22,03,4.408,3.824,4.815,4.395,3.831,4.838,4.463,3.846,4.994,4.451,3.851,4.976,3.898,3.383,4.482,4.376,99.400,0.000,0.000,305.548,329.663,-18.309,0.000,0.000,294.760,0.000,1595.317,0.000,-999.000,-999.000,100.798,0.200,0.200,0.830,1.580,302.017,0.601,1.380,314.578,0.436,10.065,9.953,10.215,10.138,10.121,10.158,9.664,9.643,9.693,-999.000,-999.000,-999.000,8.833,9.278,6.900,6.778,7.104,-999.000,-999.000,-999.000,-999.000,-999.000,-999.000,9.478,9.464,9.501,-1.801,-1.687,-4.165,-25.261,0.562,0.617,0.684,0.718,0.593,0.658,0.688,0.735,0.477,,,,,,,,
2023-04-22,04,5.017,4.637,5.595,5.005,4.630,5.535,5.074,4.710,5.593,5.066,4.730,5.603,4.743,4.300,5.068,5.029,99.297,0.000,0.000,319.252,336.715,-11.052,0.000,0.000,308.600,0.000,2400.033,0.000,-999.000,-999.000,100.766,0.200,0.200,0.720,1.360,242.785,0.592,1.250,278.352,0.437,9.797,9.691,9.953,10.069,10.011,10.145,9.676,9.630,9.702,-999.000,-999.000,-999.000,8.834,9.284,6.773,6.756,6.797,-999.000,-999.000,-999.000,-999.000,-999.000,-999.000,9.477,9.466,9.505,-2.825,-2.848,-5.315,-22.441,0.562,0.617,0.684,0.718,0.593,0.659,0.688,0.735,0.477,,,,,,,,
2023-04-22,05,5.394,5.233,5.601,5.371,5.210,5.574,5.466,5.282,5.715,5.457,5.288,5.702,5.346,5.055,5.760,5.372,99.133,3.967,0.000,321.615,339.607,-8.052,4.468,0.000,311.447,0.000,3897.300,0.000,-999.000,-999.000,100.733,0.200,0.200,0.594,1.120,311.584,0.489,1.070,357.341,0.437,9.612,9.560,9.684,9.987,9.976,10.017,9.676,9.650,9.703,-999.000,-999.000,-999.000,8.833,9.287,6.768,6.737,6.796,-999.000,-999.000,-999.000,-999.000,-999.000,-999.000,9.496,9.466,9.522,-3.330,-3.534,-5.679,-19.479,0.561,0.616,0.684,0.718,0.593,0.659,0.688,0.735,0.477,,,,,,,,
2023-04-22,06,5.912,5.550,6.768,5.907,5.506,6.747,5.984,5.596,6.931,5.976,5.591,6.920,6.281,5.736,7.190,5.903,99.205,38.284,2.933,326.783,348.228,14.624,38.733,0.000,316.537,0.000,4348.217,0.000,-999.000,-999.000,100.730,0.200,0.200,0.718,1.540,133.892,0.387,0.960,275.369,0.437,9.487,9.413,9.570,9.893,9.822,9.980,9.668,9.642,9.693,-999.000,-999.000,-999.000,8.834,9.277,6.904,6.774,7.128,-999.000,-999.000,-999.000,-999.000,-999.000,-999.000,9.487,9.463,9.519,-3.467,-3.842,-5.631,-16.429,0.561,0.616,0.684,0.718,0.593,0.659,0.688,0.735,0.476,,,,,,,,
2023-04-22,07,8.521,6.824,9.857,8.580,6.830,9.935,8.748,6.990,10.160,8.704,6.948,10.040,9.327,7.240,12.546,8.592,98.210,216.045,54.732,319.657,369.453,111.516,135.974,97.373,307.360,4.556,7772.700,0.000,-999.000,-999.000,100.746,0.200,0.200,1.478,3.390,142.915,1.156,3.020,163.170,0.437,9.396,9.358,9.424,9.801,9.750,9.841,9.656,9.622,9.679,-999.000,-999.000,-999.000,8.832,9.281,7.698,7.138,8.697,-999.000,-999.000,-999.000,-999.000,-999.000,-999.000,9.503,9.468,9.535,-3.383,-3.858,-5.236,-9.486,0.561,0.616,0.684,0.719,0.593,0.659,0.688,0.735,0.476,,,,,,,,
2023-04-22,08,10.954,9.697,12.404,11.196,9.772,12.519,11.354,9.910,12.840,11.278,9.860,12.590,13.304,11.942,14.376,11.126,90.200,380.458,98.625,317.557,385.332,214.057,203.785,339.874,303.708,9.194,7972.817,0.000,-999.000,-999.000,100.739,0.200,0.200,2.719,4.000,144.426,2.123,3.730,142.560,0.437,9.398,9.350,9.458,9.716,9.669,9.763,9.629,9.603,9.662,-999.000,-999.000,-999.000,8.824,9.270,10.198,8.739,11.473,-999.000,-999.000,-999.000,-999.000,-999.000,-999.000,9.505,9.475,9.524,-2.874,-3.447,-3.984,10.636,0.561,0.616,0.684,0.718,0.593,0.659,0.688,0.735,0.477,,,,,,,,
2023-04-22,09,13.481,12.479,14.543,13.567,12.578,14.635,13.774,12.750,14.910,13.627,12.520,14.770,15.778,14.472,17.807,13.472,80.366,513.011,131.021,321.990,400.960,303.020,225.279,447.392,305.792,10.000,7854.717,0.000,-999.000,-999.000,100.730,0.200,0.200,2.666,4.550,149.236,2.140,4.130,148.725,0.437,9.544,9.441,9.679,9.651,9.619,9.696,9.618,9.595,9.642,-999.000,-999.000,-999.000,8.833,9.279,12.952,11.522,14.284,-999.000,-999.000,-999.000,-999.000,-999.000,-999.000,9.525,9.493,9.552,-1.522,-2.436,-1.604,30.117,0.561,0.616,0.684,0.718,0.593,0.659,0.688,0.734,0.478,,,,,,,,
2023-04-22,10,15.681,14.609,16.402,15.730,14.658,16.427,15.844,14.970,16.620,15.735,14.790,16.530,18.999,17.439,20.435,15.644,70.674,647.317,161.836,334.112,416.925,402.668,251.002,530.881,316.660,10.000,7710.200,0.000,-999.000,-999.000,100.677,0.200,0.200,2.536,4.670,147.828,2.036,4.340,146.279,0.438,9.809,9.644,9.951,9.613,9.578,9.655,9.596,9.560,9.624,-999.000,-999.000,-999.000,8.841,9.284,15.898,14.343,17.324,-999.000,-999.000,-999.000,-999.000,-999.000,-999.000,9.535,9.510,9.568,0.477,-0.866,1.379,47.195,0.562,0.616,0.684,0.718,0.593,0.658,0.688,0.734,0.480,,,,,,,,
2023-04-22,11,16.574,16.132,17.176,16.575,16.130,17.185,16.585,16.110,17.380,16.534,16.050,17.340,18.709,17.406,19.775,16.501,68.957,575.781,140.320,357.612,413.873,379.199,405.234,199.556,348.532,5.194,7467.900,0.000,-999.000,-999.000,100.641,0.200,0.200,4.152,6.620,146.597,3.190,6.300,146.700,0.437,10.203,9.950,10.429,9.602,9.572,9.616,9.578,9.556,9.597,-999.000,-999.000,-999.000,8.852,9.287,18.009,17.370,18.656,-999.000,-999.000,-999.000,-999.000,-999.000,-999.000,9.546,9.507,9.575,3.016,1.193,5.028,56.589,0.562,0.616,0.684,0.717,0.593,0.658,0.687,0.734,0.481,,,,,,,,
2023-04-22,12,16.673,15.504,17.463,16.675,15.453,17.470,16.754,15.570,17.560,16.706,15.500,17.520,17.051,14.025,19.645,16.671,68.391,246.924,55.853,376.458,403.117,164.654,217.625,28.454,368.545,0.222,6685.817,0.000,-999.000,-999.000,100.635,0.200,0.200,4.389,8.480,169.722,3.209,6.460,167.935,0.438,10.642,10.458,10.845,9.621,9.596,9.655,9.553,9.526,9.581,-999.000,-999.000,-999.000,8.844,9.286,18.686,17.930,18.911,-999.000,-999.000,-999.000,-999.000,-999.000,-999.000,9.562,9.530,9.581,5.591,3.526,8.550,53.460,0.563,0.617,0.684,0.717,0.593,0.658,0.687,0.734,0.482,,,,,,,,
2023-04-22,13,14.826,14.460,15.546,14.818,14.452,15.480,14.858,14.440,15.570,14.834,14.430,15.540,14.266,13.896,14.867,14.786,83.141,114.740,23.139,384.865,391.397,85.070,116.318,0.000,381.945,0.000,7720.900,0.810,-999.000,-999.000,100.632,0.200,0.200,3.353,6.250,231.854,2.204,4.270,232.516,0.437,11.009,10.848,11.113,9.682,9.623,9.723,9.535,9.515,9.570,-999.000,-999.000,-999.000,8.844,9.287,16.987,16.540,17.867,-999.000,-999.000,-999.000,-999.000,-999.000,-999.000,9.568,9.539,9.587,7.367,5.484,10.682,32.182,0.563,0.617,0.684,0.716,0.593,0.658,0.687,0.734,0.482,,,,,,,,
2023-04-22,14,13.661,13.239,14.471,13.660,13.247,14.463,13.704,13.300,14.450,13.684,13.280,14.420,13.924,13.450,14.858,13.598,90.075,102.635,19.879,380.308,386.888,76.177,103.634,0.000,381.297,0.000,7769.850,1.450,-999.000,-999.000,100.648,0.200,0.200,3.294,5.050,250.575,2.321,4.900,251.113,0.436,11.177,11.109,11.216,9.766,9.707,9.814,9.523,9.503,9.552,-999.000,-999.000,-999.000,8.842,9.284,16.117,15.769,16.536,-999.000,-999.000,-999.000,-999.000,-999.000,-999.000,9.571,9.554,9.593,7.699,6.379,10.535,21.873,0.565,0.618,0.684,0.715,0.594,0.658,0.687,0.734,0.485,,,,,,,,
2023-04-22,15,13.484,13.259,13.732,13.488,13.258,13.724,13.522,13.280,13.750,13.513,13.260,13.730,14.130,13.647,14.374,13.435,90.273,135.852,29.134,377.338,388.973,95.083,135.738,0.000,380.845,0.000,7902.883,0.080,-999.000,-999.000,100.644,0.200,0.200,2.577,4.630,230.634,1.889,4.030,229.061,0.435,11.276,11.219,11.337,9.866,9.813,9.919,9.522,9.511,9.538,-999.000,-999.000,-999.000,8.836,9.282,15.730,15.690,15.776,-999.000,-999.000,-999.000,-999.000,-999.000,-999.000,9.574,9.570,9.581,7.536,6.688,9.978,18.058,0.574,0.619,0.683,0.714,0.596,0.656,0.687,0.733,0.493,,,,,,,,
2023-04-22,16,13.183,12.805,13.579,13.182,12.814,13.578,13.247,12.850,13.600,13.217,12.810,13.600,13.294,12.801,13.614,13.140,92.505,53.849,8.441,382.198,384.633,42.973,54.847,0.000,378.738,0.000,7775.533,0.350,-999.000,-999.000,100.642,0.200,0.200,2.630,5.150,227.728,1.839,3.860,227.761,0.435,11.379,11.331,11.422,9.955,9.922,10.006,9.528,9.517,9.559,-999.000,-999.000,-999.000,8.836,9.281,15.454,15.101,15.736,-999.000,-999.000,-999.000,-999.000,-999.000,-999.000,9.579,9.567,9.594,7.276,6.797,9.591,16.687,0.578,0.620,0.683,0.715,0.600,0.658,0.687,0.733,0.497,,,,,,,,
2023-04-22,17,12.186,11.556,12.802,12.182,11.552,12.804,12.234,11.630,12.830,12.221,11.600,12.820,12.336,11.737,12.785,12.136,95.273,31.999,3.237,378.618,378.202,29.183,33.556,0.000,376.468,0.000,7831.567,0.460,-999.000,-999.000,100.650,0.200,0.200,4.262,6.840,258.443,3.008,6.030,258.959,0.435,11.434,11.416,11.455,10.045,9.993,10.099,9.567,9.543,9.586,-999.000,-999.000,-999.000,8.857,9.289,14.695,14.267,15.088,-999.000,-999.000,-999.000,-999.000,-999.000,-999.000,9.588,9.570,9.621,7.006,6.758,9.070,10.181,0.581,0.622,0.683,0.718,0.605,0.661,0.686,0.733,0.501,,,,,,,,
2023-04-22,18,10.752,10.313,11.557,10.763,10.318,11.566,10.812,10.350,11.660,10.806,10.350,11.640,11.183,10.810,11.786,10.733,94.662,36.905,4.642,369.018,371.192,30.148,37.974,0.005,361.525,0.000,7984.800,0.000,-999.000,-999.000,100.673,0.200,0.200,4.069,6.720,311.514,2.922,5.490,312.126,0.435,11.441,11.414,11.471,10.131,10.096,10.166,9.591,9.564,9.613,-999.000,-999.000,-999.000,8.848,9.286,13.865,13.503,14.234,-999.000,-999.000,-999.000,-999.000,-999.000,-999.000,9.589,9.578,9.601,6.531,6.559,8.238,3.746,0.583,0.624,0.684,0.720,0.608,0.664,0.687,0.733,0.504,,,,,,,,
2023-04-22,19,10.060,9.735,10.378,10.065,9.731,10.380,10.120,9.770,10.490,10.106,9.760,10.450,10.356,9.909,10.798,10.030,94.402,9.071,0.570,363.302,366.858,8.458,9.847,0.000,350.542,0.000,7882.767,0.000,-999.000,-999.000,100.740,0.200,0.200,2.715,4.720,287.524,1.990,3.690,287.155,0.435,11.410,11.374,11.448,10.191,10.159,10.228,9.620,9.597,9.645,-999.000,-999.000,-999.000,8.859,9.291,13.133,12.774,13.497,-999.000,-999.000,-999.000,-999.000,-999.000,-999.000,9.601,9.581,9.624,5.785,6.195,7.205,-0.852,0.583,0.625,0.684,0.718,0.611,0.665,0.687,0.734,0.503,,,,,,,,
2023-04-22,20,8.843,8.041,9.681,8.846,8.064,9.698,8.896,8.090,9.700,8.885,8.100,9.690,8.347,7.207,9.863,8.818,95.168,0.000,0.000,314.937,355.365,-35.209,0.004,0.000,292.717,0.000,7904.317,0.000,-999.000,-999.000,100.802,0.200,0.200,2.818,4.400,249.723,1.696,3.380,247.028,0.435,11.361,11.309,11.390,10.234,10.202,10.281,9.653,9.613,9.688,-999.000,-999.000,-999.000,8.857,9.293,12.203,11.592,12.764,-999.000,-999.000,-999.000,-999.000,-999.000,-999.000,9.600,9.571,9.622,4.913,5.693,6.082,-6.204,0.583,0.626,0.685,0.717,0.612,0.666,0.688,0.734,0.502,,,,,,,,
2023-04-22,21,7.704,7.346,8.074,7.712,7.346,8.093,7.808,7.531,8.250,7.802,7.529,8.240,7.038,6.324,7.393,7.761,95.555,0.000,0.000,301.352,343.563,-36.856,0.000,0.000,283.373,0.000,7514.250,0.000,-999.000,-999.000,100.813,0.200,0.200,1.894,3.250,214.686,1.200,1.980,204.103,0.435,11.254,11.188,11.309,10.278,10.241,10.307,9.685,9.652,9.709,-999.000,-999.000,-999.000,8.858,9.294,10.974,10.418,11.572,-999.000,-999.000,-999.000,-999.000,-999.000,-999.000,9.608,9.573,9.626,3.893,5.001,4.717,-13.978,0.583,0.626,0.685,0.715,0.613,0.667,0.688,0.734,0.501,,,,,,,,
2023-04-22,22,7.147,6.880,7.431,7.146,6.856,7.417,7.125,6.859,7.524,7.123,6.822,7.499,5.947,5.355,6.453,7.078,96.462,0.000,0.000,299.623,341.337,-35.884,0.000,0.000,284.183,0.000,6932.100,0.000,-999.000,-999.000,100.796,0.200,0.200,2.575,4.050,172.907,1.372,2.600,165.148,0.434,11.070,10.961,11.207,10.293,10.268,10.310,9.698,9.678,9.717,-999.000,-999.000,-999.000,8.849,9.282,9.961,9.505,10.415,-999.000,-999.000,-999.000,-999.000,-999.000,-999.000,9.609,9.589,9.638,2.753,3.875,2.870,-18.784,0.582,0.626,0.685,0.714,0.613,0.668,0.688,0.734,0.500,,,,,,,,
2023-04-22,23,7.550,7.225,7.713,7.536,7.211,7.706,7.552,7.257,7.709,7.545,7.236,7.710,6.043,5.368,6.466,7.500,97.693,0.000,0.000,310.160,349.058,-33.749,0.000,0.000,297.957,0.000,6908.400,0.000,-999.000,-999.000,100.820,0.200,0.200,3.181,4.490,171.148,1.836,3.210,168.149,0.434,10.840,10.761,10.968,10.293,10.282,10.308,9.725,9.688,9.760,-999.000,-999.000,-999.000,8.847,9.285,9.239,9.015,9.505,-999.000,-999.000,-999.000,-999.000,-999.000,-999.000,9.622,9.592,9.658,1.525,2.400,0.784,-20.729,0.581,0.626,0.686,0.714,0.613,0.668,0.689,0.734,0.499,,,,,,,,
2023-04-22,24,7.302,7.034,7.596,7.306,7.031,7.596,7.280,7.040,7.520,7.282,7.029,7.522,6.212,6.004,6.443,7.261,97.593,0.000,0.000,308.375,346.385,-32.301,0.000,0.000,297.060,0.000,6192.633,0.000,-999.000,-999.000,100.817,0.200,0.200,2.300,3.590,167.083,1.314,2.320,155.060,0.434,10.675,10.599,10.761,10.294,10.287,10.297,9.779,9.757,9.800,-999.000,-999.000,-999.000,8.862,9.310,8.820,8.612,8.999,-999.000,-999.000,-999.000,-999.000,-999.000,-999.000,9.630,9.610,9.655,0.492,1.266,-0.436,-19.927,0.581,0.626,0.686,0.714,0.612,0.668,0.689,0.735,0.498,,,,,,,,
