2023-10-14,01,13.570,13.248,13.786,13.585,13.220,13.814,13.636,13.270,13.880,13.646,13.330,13.890,12.930,12.252,13.252,13.563,93.540,0.000,0.000,376.688,382.027,-3.319,0.235,0.000,376.952,0.000,7560.283,0.920,-999.000,-999.000,100.161,0.200,0.200,4.915,11.030,291.121,3.452,10.000,290.170,0.484,16.568,16.496,16.626,16.440,16.402,16.471,16.099,16.074,16.132,-999.000,-999.000,-999.000,15.281,14.253,15.154,14.922,15.347,-999.000,-999.000,-999.000,-999.000,-999.000,-999.000,15.875,15.809,15.937,-2.486,0.481,-1.429,-10.611,0.695,0.696,0.696,0.755,0.691,0.692,0.699,0.754,0.557,,,,,,,,
2023-10-14,02,13.100,12.787,13.371,13.116,12.806,13.413,13.155,12.840,13.400,13.155,12.830,13.420,12.141,11.776,12.379,13.098,90.127,0.000,0.000,370.443,378.323,-5.579,0.581,0.000,364.717,0.000,7857.133,0.000,-999.000,-999.000,100.300,0.200,0.200,5.317,8.800,298.551,3.671,8.420,297.457,0.482,16.435,16.370,16.506,16.417,16.378,16.457,16.097,16.046,16.128,-999.000,-999.000,-999.000,15.266,14.234,14.670,14.426,14.925,-999.000,-999.000,-999.000,-999.000,-999.000,-999.000,15.868,15.781,15.937,-3.728,-0.067,-2.347,-13.095,0.694,0.696,0.696,0.755,0.691,0.691,0.699,0.753,0.556,,,,,,,,
2023-10-14,03,12.135,11.486,12.790,12.152,11.442,12.803,12.208,11.590,12.820,12.211,11.570,12.840,10.435,9.306,11.766,12.163,85.420,0.000,0.000,310.832,367.732,-55.553,0.226,0.000,307.183,0.000,7353.067,0.000,-999.000,-999.000,100.438,0.200,0.200,4.653,8.010,283.390,3.183,6.640,282.109,0.480,16.310,16.219,16.376,16.404,16.372,16.438,16.118,16.082,16.142,-999.000,-999.000,-999.000,15.282,14.245,14.044,13.563,14.423,-999.000,-999.000,-999.000,-999.000,-999.000,-999.000,15.880,15.817,15.948,-4.978,-0.641,-3.373,-17.291,0.693,0.695,0.696,0.754,0.690,0.691,0.699,0.753,0.555,,,,,,,,
2023-10-14,04,11.084,10.739,11.487,11.111,10.751,11.566,11.217,10.860,11.620,11.212,10.850,11.610,9.114,8.824,9.531,11.161,83.572,0.000,0.000,286.163,359.888,-72.386,0.000,0.000,285.805,0.000,7998.633,0.000,-999.000,-999.000,100.594,0.200,0.200,4.194,6.850,262.365,3.044,5.250,261.431,0.479,16.125,16.016,16.229,16.376,16.298,16.408,16.122,16.092,16.153,-999.000,-999.000,-999.000,15.283,14.247,13.102,12.675,13.570,-999.000,-999.000,-999.000,-999.000,-999.000,-999.000,15.882,15.831,15.943,-6.637,-1.263,-4.792,-23.116,0.693,0.695,0.696,0.754,0.690,0.691,0.699,0.752,0.554,,,,,,,,
2023-10-14,05,10.380,10.086,10.703,10.387,10.078,10.748,10.429,10.160,10.920,10.428,10.140,10.900,8.579,8.351,8.824,10.377,85.683,0.000,0.000,284.325,356.920,-70.364,0.000,0.000,283.942,0.000,7990.967,0.000,-999.000,-999.000,100.707,0.200,0.200,3.923,6.100,252.963,2.907,5.150,252.173,0.477,15.894,15.749,16.021,16.332,16.272,16.376,16.129,16.106,16.149,-999.000,-999.000,-999.000,15.288,14.257,12.321,11.993,12.695,-999.000,-999.000,-999.000,-999.000,-999.000,-999.000,15.893,15.804,15.973,-8.911,-1.869,-6.721,-25.472,0.690,0.694,0.697,0.753,0.690,0.690,0.699,0.751,0.554,,,,,,,,
2023-10-14,06,9.985,9.750,10.342,10.000,9.746,10.315,10.069,9.810,10.320,10.066,9.770,10.330,8.296,8.042,8.510,10.001,85.605,0.004,0.000,285.058,355.758,-67.386,0.192,0.000,284.507,0.000,7992.800,0.000,-999.000,-999.000,100.818,0.200,0.200,4.418,6.970,244.365,3.259,5.250,241.992,0.476,15.603,15.431,15.749,16.262,16.216,16.315,16.101,16.067,16.126,-999.000,-999.000,-999.000,15.267,14.248,11.718,11.482,11.983,-999.000,-999.000,-999.000,-999.000,-999.000,-999.000,15.890,15.801,15.953,-11.064,-2.391,-8.721,-26.258,0.690,0.694,0.697,0.753,0.689,0.690,0.699,0.751,0.554,,,,,,,,
2023-10-14,07,9.953,9.727,10.438,9.968,9.762,10.444,10.033,9.820,10.550,10.030,9.830,10.560,8.690,8.094,10.378,9.924,85.053,38.850,11.188,282.025,356.703,-45.916,24.376,123.365,281.720,5.556,7994.633,0.000,-999.000,-999.000,100.938,0.200,0.200,4.295,6.120,237.800,3.004,4.670,236.204,0.474,15.310,15.159,15.461,16.191,16.132,16.254,16.088,16.057,16.132,-999.000,-999.000,-999.000,15.265,14.241,11.289,11.161,11.479,-999.000,-999.000,-999.000,-999.000,-999.000,-999.000,15.891,15.781,16.008,-12.758,-2.845,-10.441,-25.889,0.689,0.693,0.697,0.752,0.689,0.690,0.699,0.750,0.553,,,,,,,,
2023-10-14,08,11.054,10.454,11.892,11.074,10.457,11.889,11.168,10.520,12.010,11.131,10.490,11.940,11.904,10.490,13.854,10.971,80.143,166.145,55.291,283.378,366.665,27.568,55.823,473.413,282.242,10.000,7975.333,0.000,-999.000,-999.000,101.068,0.200,0.200,4.553,6.930,241.832,3.510,6.150,241.912,0.473,15.049,14.916,15.188,16.100,16.029,16.192,16.079,16.040,16.113,-999.000,-999.000,-999.000,15.279,14.243,11.287,11.163,11.677,-999.000,-999.000,-999.000,-999.000,-999.000,-999.000,15.894,15.798,15.963,-13.818,-3.260,-11.646,-21.817,0.689,0.693,0.697,0.752,0.688,0.689,0.699,0.750,0.553,,,,,,,,
2023-10-14,09,12.693,11.910,13.377,12.676,11.912,13.395,12.766,12.030,13.550,12.718,11.990,13.480,13.651,12.801,14.932,12.559,75.383,297.113,91.714,296.140,379.722,121.817,98.827,556.332,293.988,10.000,7322.050,0.000,-999.000,-999.000,101.169,0.200,0.200,5.289,8.710,253.420,4.289,7.030,253.663,0.471,14.844,14.757,14.935,15.999,15.922,16.067,16.068,16.024,16.099,-999.000,-999.000,-999.000,15.283,14.250,12.420,11.703,13.194,-999.000,-999.000,-999.000,-999.000,-999.000,-999.000,15.897,15.797,15.977,-13.627,-3.603,-11.674,-13.803,0.689,0.693,0.696,0.751,0.688,0.689,0.699,0.750,0.553,,,,,,,,
2023-10-14,10,13.417,12.699,13.874,13.368,12.666,13.805,13.458,12.730,13.920,13.420,12.730,13.880,13.777,11.983,14.651,13.283,68.391,380.643,110.483,310.685,384.963,195.881,127.489,560.638,307.608,8.417,7777.450,0.000,-999.000,-999.000,101.243,0.200,0.200,7.058,12.130,263.960,5.450,10.670,263.950,0.470,14.773,14.723,14.817,15.893,15.820,15.962,16.028,15.991,16.058,-999.000,-999.000,-999.000,15.278,14.251,13.972,13.240,14.534,-999.000,-999.000,-999.000,-999.000,-999.000,-999.000,15.903,15.836,15.967,-11.782,-3.779,-9.983,-6.576,0.689,0.693,0.696,0.752,0.688,0.689,0.699,0.750,0.553,,,,,,,,
2023-10-14,11,12.315,10.685,14.199,12.311,10.698,14.208,12.371,10.700,14.200,12.356,10.680,14.200,13.251,9.935,17.627,12.270,70.460,341.535,92.752,330.652,383.095,196.339,181.213,304.653,328.265,4.389,7852.800,0.000,-999.000,-999.000,101.301,0.200,0.200,6.512,14.030,297.249,4.658,11.910,297.780,0.467,14.813,14.751,14.879,15.794,15.713,15.857,16.004,15.961,16.052,-999.000,-999.000,-999.000,15.285,14.249,14.225,13.754,14.971,-999.000,-999.000,-999.000,-999.000,-999.000,-999.000,15.913,15.840,16.002,-9.094,-3.742,-7.200,-8.510,0.690,0.693,0.696,0.752,0.689,0.690,0.698,0.751,0.554,,,,,,,,
2023-10-14,12,12.996,11.499,14.661,12.986,11.511,14.614,13.042,11.530,14.760,13.030,11.490,14.760,14.330,11.396,17.843,12.947,68.790,404.626,111.775,338.763,389.205,242.409,217.555,351.270,337.052,4.750,7771.317,0.000,-999.000,-999.000,101.338,0.200,0.200,6.220,12.530,297.926,4.542,9.310,297.362,0.464,14.907,14.835,14.998,15.707,15.656,15.766,15.960,15.920,16.030,-999.000,-999.000,-999.000,15.285,14.249,15.139,14.822,15.738,-999.000,-999.000,-999.000,-999.000,-999.000,-999.000,15.906,15.826,15.972,-7.063,-3.739,-4.940,-3.154,0.690,0.693,0.696,0.753,0.689,0.690,0.698,0.751,0.554,,,,,,,,
2023-10-14,13,14.465,14.068,14.905,14.403,14.037,14.873,14.456,14.090,14.960,14.433,14.090,14.940,15.051,14.339,16.281,14.328,55.347,528.546,156.658,313.135,393.542,291.481,155.231,747.593,307.832,9.778,7804.167,0.000,-999.000,-999.000,101.364,0.200,0.200,8.109,13.320,271.051,6.179,11.050,270.318,0.463,15.086,14.973,15.219,15.655,15.611,15.694,15.920,15.895,15.954,-999.000,-999.000,-999.000,15.290,14.251,16.155,15.801,16.319,-999.000,-999.000,-999.000,-999.000,-999.000,-999.000,15.917,15.845,15.978,-4.600,-3.785,-1.887,0.137,0.691,0.694,0.695,0.753,0.689,0.690,0.698,0.752,0.554,,,,,,,,
2023-10-14,14,13.499,12.632,14.871,13.481,12.641,14.909,13.521,12.620,14.900,13.511,12.590,14.870,15.730,13.066,17.301,13.490,64.961,455.109,138.737,342.890,392.815,266.447,214.926,560.850,340.450,8.194,7817.600,0.000,-999.000,-999.000,101.435,0.200,0.200,6.598,13.200,309.994,4.844,10.000,308.874,0.461,15.297,15.208,15.389,15.616,15.576,15.671,15.875,15.797,15.928,-999.000,-999.000,-999.000,15.280,14.245,16.165,15.975,16.464,-999.000,-999.000,-999.000,-999.000,-999.000,-999.000,15.909,15.836,15.997,-2.393,-3.604,0.927,-2.050,0.693,0.695,0.695,0.754,0.690,0.691,0.698,0.752,0.554,,,,,,,,
2023-10-14,15,12.233,11.351,13.033,12.232,11.419,13.045,12.289,11.420,13.060,12.283,11.420,13.050,12.635,11.047,16.320,12.230,69.909,128.601,32.821,328.070,373.598,50.251,101.100,88.112,326.747,1.611,7947.783,0.090,-999.000,-999.000,101.497,0.200,0.200,6.615,11.470,305.968,4.702,9.990,305.203,0.459,15.499,15.379,15.590,15.600,15.569,15.635,15.834,15.804,15.887,-999.000,-999.000,-999.000,15.279,14.252,15.773,14.964,16.557,-999.000,-999.000,-999.000,-999.000,-999.000,-999.000,15.911,15.830,15.974,-1.165,-3.311,2.008,-5.868,0.694,0.695,0.695,0.754,0.690,0.691,0.698,0.753,0.554,,,,,,,,
2023-10-14,16,11.894,11.597,12.125,11.891,11.596,12.144,11.960,11.670,12.210,11.959,11.680,12.180,11.296,10.600,12.102,11.884,67.924,120.638,40.170,300.573,367.840,13.202,64.176,294.902,299.242,8.806,7983.600,0.000,-999.000,-999.000,101.530,0.200,0.200,5.717,9.580,288.898,4.039,8.490,287.946,0.457,15.599,15.539,15.648,15.613,15.579,15.645,15.801,15.752,15.879,-999.000,-999.000,-999.000,15.286,14.259,14.306,13.680,14.914,-999.000,-999.000,-999.000,-999.000,-999.000,-999.000,15.912,15.814,15.979,-1.580,-3.284,0.638,-15.005,0.693,0.695,0.695,0.754,0.690,0.691,0.698,0.753,0.554,,,,,,,,
2023-10-14,17,10.751,9.948,11.716,10.764,9.984,11.715,10.794,10.020,11.720,10.796,10.010,11.730,9.681,8.848,10.704,10.744,64.986,19.303,4.640,280.792,355.215,-57.520,15.763,50.281,279.668,1.917,7995.200,0.000,-999.000,-999.000,101.574,0.200,0.200,5.505,9.320,291.890,3.818,7.460,291.508,0.455,15.522,15.449,15.596,15.624,15.586,15.653,15.769,15.743,15.802,-999.000,-999.000,-999.000,15.285,14.256,12.989,12.270,13.663,-999.000,-999.000,-999.000,-999.000,-999.000,-999.000,15.902,15.841,15.993,-3.781,-3.573,-2.281,-22.349,0.692,0.695,0.695,0.754,0.690,0.691,0.698,0.752,0.554,,,,,,,,
2023-10-14,18,9.452,9.191,9.915,9.473,9.196,9.905,9.526,9.270,9.970,9.524,9.270,9.960,7.851,6.458,9.801,9.440,66.914,0.000,0.000,271.813,345.928,-72.134,0.000,0.000,271.592,0.000,7999.000,0.000,-999.000,-999.000,101.656,0.200,0.200,3.982,6.320,280.828,2.565,4.520,279.040,0.453,15.330,15.172,15.443,15.635,15.600,15.676,15.751,15.716,15.782,-999.000,-999.000,-999.000,15.286,14.257,11.720,11.184,12.250,-999.000,-999.000,-999.000,-999.000,-999.000,-999.000,15.903,15.834,15.970,-6.847,-4.044,-5.851,-27.633,0.690,0.693,0.696,0.752,0.689,0.690,0.698,0.751,0.553,,,,,,,,
2023-10-14,19,8.496,7.934,9.455,8.498,7.966,9.514,8.546,7.972,9.610,8.541,7.970,9.610,10.263,8.755,11.359,8.508,71.911,0.000,0.000,271.202,339.062,-66.164,0.000,0.000,271.328,0.000,7979.767,0.000,-999.000,-999.000,101.698,0.200,0.200,3.072,5.630,258.220,1.967,4.290,255.513,0.452,15.040,14.863,15.196,15.613,15.584,15.646,15.721,15.669,15.764,-999.000,-999.000,-999.000,15.277,14.250,10.795,10.463,11.177,-999.000,-999.000,-999.000,-999.000,-999.000,-999.000,15.891,15.837,15.946,-10.179,-4.646,-9.320,-28.825,0.689,0.693,0.696,0.752,0.689,0.690,0.698,0.751,0.553,,,,,,,,
2023-10-14,20,7.492,7.169,7.964,7.509,7.221,7.970,7.527,7.272,7.972,7.537,7.270,7.980,6.618,5.540,10.995,7.490,81.652,0.000,0.000,269.875,335.353,-64.089,0.000,0.000,269.967,0.000,7999.000,0.000,-999.000,-999.000,101.714,0.200,0.200,2.879,4.090,245.296,1.719,3.050,242.342,0.449,14.721,14.572,14.869,15.571,15.531,15.599,15.713,15.664,15.749,-999.000,-999.000,-999.000,15.288,14.255,10.113,9.851,10.420,-999.000,-999.000,-999.000,-999.000,-999.000,-999.000,15.888,15.839,15.938,-12.882,-5.200,-12.051,-28.326,0.687,0.692,0.696,0.751,0.688,0.690,0.698,0.750,0.552,,,,,,,,
2023-10-14,21,7.200,7.007,7.437,7.216,7.033,7.420,7.269,7.119,7.420,7.290,7.140,7.446,5.435,5.270,5.863,7.221,81.016,0.000,0.000,270.220,338.015,-66.210,0.000,0.000,270.163,0.000,7997.517,0.000,-999.000,-999.000,101.732,0.200,0.200,3.531,5.020,242.361,2.265,3.690,238.911,0.448,14.420,14.254,14.582,15.514,15.464,15.555,15.710,15.679,15.735,-999.000,-999.000,-999.000,15.298,14.278,9.569,9.316,9.845,-999.000,-999.000,-999.000,-999.000,-999.000,-999.000,15.911,15.859,15.968,-14.883,-5.812,-14.083,-28.457,0.687,0.692,0.696,0.751,0.688,0.689,0.698,0.749,0.552,,,,,,,,
2023-10-14,22,6.924,6.624,7.189,6.932,6.620,7.211,6.962,6.751,7.230,6.965,6.725,7.236,5.131,5.000,5.359,6.887,81.038,0.000,0.000,269.265,336.443,-65.764,0.000,0.000,269.112,0.000,7999.000,0.000,-999.000,-999.000,101.725,0.200,0.200,3.466,5.120,232.168,2.130,3.460,226.004,0.445,14.116,13.967,14.261,15.422,15.358,15.487,15.684,15.649,15.715,-999.000,-999.000,-999.000,15.295,14.278,9.064,8.847,9.293,-999.000,-999.000,-999.000,-999.000,-999.000,-999.000,15.909,15.850,15.979,-16.384,-6.441,-15.484,-28.839,0.686,0.692,0.696,0.750,0.688,0.689,0.698,0.749,0.552,,,,,,,,
2023-10-14,23,7.168,6.643,7.808,7.164,6.643,7.777,7.262,6.727,7.877,7.244,6.670,7.865,5.873,5.168,7.070,7.183,83.183,0.000,0.000,301.995,338.817,-35.107,0.000,0.000,312.745,0.000,7982.200,0.080,-999.000,-999.000,101.722,0.200,0.200,2.332,8.170,226.464,1.612,5.620,220.273,0.442,13.800,13.639,13.964,15.299,15.233,15.365,15.645,15.617,15.668,-999.000,-999.000,-999.000,15.286,14.261,8.756,8.699,8.834,-999.000,-999.000,-999.000,-999.000,-999.000,-999.000,15.875,15.816,15.946,-17.510,-6.943,-16.536,-27.601,0.685,0.691,0.696,0.749,0.687,0.689,0.698,0.749,0.552,,,,,,,,
2023-10-14,24,6.923,6.623,7.377,6.921,6.616,7.416,6.979,6.647,7.474,6.949,6.595,7.462,6.937,5.566,7.457,6.861,92.260,0.000,0.000,339.388,346.610,-4.709,0.000,0.000,344.970,0.000,7987.733,2.640,-999.000,-999.000,101.801,0.200,0.200,2.350,7.520,333.987,1.755,7.170,338.533,0.440,13.513,13.374,13.635,15.168,15.077,15.240,15.597,15.562,15.644,-999.000,-999.000,-999.000,15.281,14.248,8.779,8.673,8.894,-999.000,-999.000,-999.000,-999.000,-999.000,-999.000,15.860,15.799,15.905,-18.303,-7.524,-17.144,-25.605,0.686,0.691,0.696,0.750,0.687,0.688,0.698,0.749,0.552,,,,,,,,
