2023-09-20,01,17.834,17.342,18.066,17.845,17.337,18.098,17.898,17.440,18.130,17.890,17.420,18.130,16.559,15.881,16.916,17.853,74.023,0.000,0.000,365.440,396.912,-28.239,0.000,0.000,362.093,0.000,7999.000,0.000,-999.000,-999.000,100.791,0.200,0.200,7.038,10.890,214.117,5.385,9.860,212.857,0.495,17.372,17.347,17.414,17.705,17.676,17.737,17.764,17.741,17.796,-999.000,-999.000,-999.000,15.810,14.131,15.519,15.340,15.589,-999.000,-999.000,-999.000,-999.000,-999.000,-999.000,18.418,18.332,18.504,-3.467,-2.890,-3.687,-9.330,0.577,0.652,0.703,0.759,0.603,0.688,0.703,0.754,0.474,,,,,,,,
2023-09-20,02,17.123,16.569,17.591,17.125,16.587,17.569,17.178,16.660,17.650,17.171,16.640,17.690,15.732,15.362,16.244,17.146,77.369,0.000,0.000,333.838,391.127,-54.755,0.000,0.000,331.008,0.000,7999.000,0.000,-999.000,-999.000,100.761,0.200,0.200,6.873,11.510,203.773,5.081,8.510,202.288,0.494,17.336,17.300,17.376,17.686,17.639,17.725,17.745,17.717,17.790,-999.000,-999.000,-999.000,15.816,14.133,15.147,14.948,15.357,-999.000,-999.000,-999.000,-999.000,-999.000,-999.000,18.399,18.286,18.481,-3.539,-2.891,-3.845,-13.685,0.576,0.651,0.703,0.759,0.602,0.688,0.703,0.754,0.473,,,,,,,,
2023-09-20,03,16.267,15.800,16.881,16.269,15.795,16.852,16.316,15.870,16.840,16.304,15.850,16.850,14.920,14.594,15.386,16.272,81.207,0.000,0.000,330.643,386.960,-53.844,0.000,0.000,328.325,0.000,7999.000,0.000,-999.000,-999.000,100.734,0.200,0.200,5.801,10.020,202.432,4.247,8.670,201.599,0.493,17.280,17.221,17.341,17.664,17.633,17.697,17.731,17.693,17.772,-999.000,-999.000,-999.000,15.819,14.142,14.779,14.616,14.941,-999.000,-999.000,-999.000,-999.000,-999.000,-999.000,18.384,18.272,18.496,-3.874,-3.047,-4.390,-16.064,0.575,0.650,0.702,0.759,0.600,0.688,0.703,0.754,0.473,,,,,,,,
2023-09-20,04,16.115,15.797,16.554,16.120,15.755,16.566,16.157,15.820,16.570,16.152,15.770,16.590,15.007,14.445,15.627,16.123,82.713,0.000,0.000,362.007,389.423,-23.982,0.000,0.000,359.332,0.000,7999.000,0.000,-999.000,-999.000,100.693,0.200,0.200,5.621,8.950,194.753,4.044,8.120,194.012,0.492,17.204,17.135,17.252,17.633,17.599,17.674,17.709,17.676,17.739,-999.000,-999.000,-999.000,15.813,14.130,14.578,14.477,14.744,-999.000,-999.000,-999.000,-999.000,-999.000,-999.000,18.353,18.257,18.413,-4.303,-3.284,-4.983,-15.900,0.574,0.649,0.702,0.759,0.600,0.688,0.703,0.754,0.472,,,,,,,,
2023-09-20,05,16.315,16.100,16.577,16.313,16.061,16.602,16.352,16.090,16.600,16.343,16.050,16.590,15.216,14.907,15.597,16.318,82.983,0.000,0.000,345.957,389.552,-40.501,0.000,0.000,343.358,0.000,7999.000,0.000,-999.000,-999.000,100.660,0.200,0.200,6.335,9.810,191.458,4.518,7.850,190.378,0.491,17.143,17.108,17.188,17.610,17.570,17.664,17.697,17.667,17.721,-999.000,-999.000,-999.000,15.816,14.151,14.731,14.660,14.799,-999.000,-999.000,-999.000,-999.000,-999.000,-999.000,18.336,18.272,18.402,-4.560,-3.440,-5.221,-12.021,0.574,0.648,0.702,0.759,0.599,0.687,0.703,0.754,0.472,,,,,,,,
2023-09-20,06,15.834,15.581,16.107,15.847,15.583,16.109,15.884,15.660,16.100,15.870,15.650,16.110,14.884,14.541,15.775,15.853,85.140,18.451,3.666,344.458,388.582,-26.688,16.607,33.884,342.295,0.861,7999.000,0.000,-999.000,-999.000,100.656,0.200,0.200,6.017,9.840,187.515,4.264,8.150,185.996,0.490,17.097,17.053,17.138,17.575,17.522,17.612,17.677,17.645,17.711,-999.000,-999.000,-999.000,15.816,14.133,14.601,14.543,14.668,-999.000,-999.000,-999.000,-999.000,-999.000,-999.000,18.325,18.227,18.409,-4.616,-3.484,-5.237,-12.995,0.573,0.647,0.702,0.759,0.599,0.687,0.702,0.753,0.472,,,,,,,,
2023-09-20,07,16.455,16.107,16.841,16.455,16.142,16.853,16.524,16.110,16.900,16.496,16.120,16.870,16.490,15.835,17.349,16.458,83.735,127.415,33.968,347.650,396.058,45.039,81.621,234.968,345.753,9.250,7999.000,0.000,-999.000,-999.000,100.644,0.200,0.200,6.813,10.250,195.089,5.025,8.830,194.178,0.489,17.057,17.028,17.091,17.538,17.503,17.570,17.657,17.630,17.696,-999.000,-999.000,-999.000,15.817,14.140,15.064,14.639,15.510,-999.000,-999.000,-999.000,-999.000,-999.000,-999.000,18.309,18.238,18.391,-4.659,-3.523,-5.247,-6.368,0.572,0.646,0.702,0.759,0.598,0.687,0.702,0.753,0.472,,,,,,,,
2023-09-20,08,17.362,16.834,17.782,17.357,16.869,17.790,17.423,16.920,17.870,17.404,16.900,17.870,17.850,17.270,18.453,17.361,81.588,246.619,60.362,359.450,405.943,139.763,187.907,170.783,358.752,5.833,7999.000,0.000,-999.000,-999.000,100.644,0.200,0.200,7.891,13.120,200.005,5.919,10.710,199.630,0.489,17.067,17.029,17.108,17.517,17.471,17.563,17.649,17.623,17.695,-999.000,-999.000,-999.000,15.823,14.138,16.187,15.523,16.884,-999.000,-999.000,-999.000,-999.000,-999.000,-999.000,18.297,18.203,18.412,-4.172,-3.329,-4.536,5.037,0.571,0.645,0.702,0.759,0.596,0.687,0.702,0.754,0.472,,,,,,,,
2023-09-20,09,17.819,17.612,18.031,17.810,17.640,18.015,17.872,17.730,18.060,17.862,17.710,18.050,17.788,17.380,18.245,17.817,79.984,182.127,38.809,388.832,407.583,124.567,178.135,8.362,387.783,0.111,7999.000,0.000,-999.000,-999.000,100.657,0.200,0.200,8.004,12.190,206.435,6.196,10.130,206.175,0.488,17.140,17.070,17.200,17.473,17.429,17.526,17.629,17.581,17.676,-999.000,-999.000,-999.000,15.823,14.129,17.161,16.923,17.341,-999.000,-999.000,-999.000,-999.000,-999.000,-999.000,18.293,18.203,18.385,-2.991,-2.766,-2.874,13.888,0.570,0.644,0.702,0.759,0.595,0.688,0.702,0.754,0.473,,,,,,,,
2023-09-20,10,18.190,17.864,18.906,18.193,17.836,18.906,18.226,17.890,18.980,18.217,17.890,18.960,18.161,17.451,19.665,18.193,78.673,192.818,41.355,393.632,410.182,134.913,187.153,10.442,392.560,0.194,7999.000,0.000,-999.000,-999.000,100.671,0.200,0.200,7.111,12.560,203.824,5.414,10.870,204.031,0.487,17.245,17.171,17.345,17.479,17.433,17.516,17.597,17.574,17.617,-999.000,-999.000,-999.000,15.818,14.148,17.343,17.207,17.799,-999.000,-999.000,-999.000,-999.000,-999.000,-999.000,18.266,18.195,18.351,-1.684,-2.010,-0.987,10.668,0.569,0.643,0.701,0.760,0.594,0.680,0.702,0.754,0.472,,,,,,,,
2023-09-20,11,19.530,18.974,20.234,19.523,18.927,20.254,19.555,18.950,20.270,19.544,18.970,20.270,20.197,18.967,21.889,19.532,74.380,405.287,92.620,387.732,423.837,276.561,354.429,72.313,388.635,1.139,7999.000,0.000,-999.000,-999.000,100.625,0.200,0.200,7.724,13.510,199.872,5.977,11.020,199.711,0.487,17.376,17.292,17.482,17.459,17.426,17.507,17.582,17.554,17.620,-999.000,-999.000,-999.000,15.816,14.143,18.607,17.828,19.547,-999.000,-999.000,-999.000,-999.000,-999.000,-999.000,18.244,18.167,18.329,-0.694,-1.360,0.466,22.737,0.567,0.641,0.701,0.761,0.593,0.673,0.702,0.754,0.473,,,,,,,,
2023-09-20,12,20.521,19.868,21.272,20.522,19.885,21.325,20.541,19.880,21.280,20.532,19.880,21.310,21.222,20.246,22.431,20.512,69.772,452.465,105.241,377.957,428.960,296.220,313.746,207.888,377.230,2.639,7999.000,0.000,-999.000,-999.000,100.594,0.200,0.200,8.317,14.570,206.632,6.423,13.610,206.400,0.486,17.586,17.475,17.729,17.467,17.434,17.496,17.569,17.534,17.599,-999.000,-999.000,-999.000,15.819,14.137,19.960,19.544,20.573,-999.000,-999.000,-999.000,-999.000,-999.000,-999.000,18.238,18.170,18.329,0.990,-0.396,3.132,31.653,0.565,0.640,0.700,0.761,0.591,0.670,0.702,0.755,0.473,,,,,,,,
2023-09-20,13,21.012,20.457,21.571,21.010,20.431,21.558,21.042,20.460,21.530,21.028,20.430,21.550,21.651,20.144,22.910,21.003,66.190,453.947,107.852,379.320,431.062,294.354,271.679,283.911,377.422,4.139,7999.000,0.000,-999.000,-999.000,100.559,0.200,0.200,7.977,13.410,206.984,6.179,10.830,206.560,0.486,17.839,17.720,17.947,17.495,17.458,17.546,17.550,17.509,17.596,-999.000,-999.000,-999.000,15.829,14.143,20.667,20.419,20.906,-999.000,-999.000,-999.000,-999.000,-999.000,-999.000,18.220,18.153,18.309,2.883,0.729,5.814,30.586,0.563,0.639,0.699,0.761,0.589,0.668,0.701,0.756,0.471,,,,,,,,
2023-09-20,14,20.928,20.381,21.571,20.910,20.412,21.551,20.970,20.450,21.620,20.949,20.420,21.620,21.223,19.906,23.051,20.943,66.332,367.870,87.884,374.070,427.312,226.744,225.969,245.042,372.312,4.555,7999.000,0.000,-999.000,-999.000,100.497,0.200,0.200,8.116,13.480,197.525,6.096,11.330,197.258,0.485,18.077,17.940,18.212,17.539,17.483,17.585,17.534,17.506,17.562,-999.000,-999.000,-999.000,15.829,14.141,20.925,20.696,21.085,-999.000,-999.000,-999.000,-999.000,-999.000,-999.000,18.211,18.114,18.288,4.290,1.633,7.592,27.415,0.561,0.636,0.698,0.761,0.587,0.665,0.701,0.757,0.470,,,,,,,,
2023-09-20,15,20.347,19.850,20.700,20.344,19.934,20.708,20.381,19.910,20.730,20.365,19.900,20.710,19.982,19.114,20.875,20.372,68.210,219.059,49.288,379.400,418.450,130.720,177.805,82.133,378.160,3.111,7999.000,0.000,-999.000,-999.000,100.453,0.200,0.200,8.000,11.650,193.179,5.852,10.120,191.929,0.485,18.274,18.192,18.357,17.594,17.540,17.631,17.535,17.506,17.567,-999.000,-999.000,-999.000,15.831,14.153,20.216,19.693,20.653,-999.000,-999.000,-999.000,-999.000,-999.000,-999.000,18.195,18.126,18.279,4.950,2.228,8.081,15.139,0.560,0.635,0.697,0.761,0.585,0.664,0.701,0.757,0.468,,,,,,,,
2023-09-20,16,19.830,19.690,20.028,19.828,19.695,20.033,19.878,19.720,20.050,19.868,19.700,20.040,18.939,18.724,19.168,19.860,71.818,59.878,7.931,398.337,411.618,38.665,62.252,0.000,396.107,0.000,7999.000,0.000,-999.000,-999.000,100.444,0.200,0.200,5.468,10.650,184.168,3.988,8.190,183.253,0.484,18.366,18.331,18.429,17.661,17.615,17.715,17.532,17.502,17.559,-999.000,-999.000,-999.000,15.833,14.152,19.195,18.815,19.666,-999.000,-999.000,-999.000,-999.000,-999.000,-999.000,18.167,18.096,18.262,4.563,2.319,7.116,2.350,0.558,0.635,0.697,0.761,0.584,0.663,0.701,0.757,0.466,,,,,,,,
2023-09-20,17,19.691,19.489,19.890,19.691,19.467,19.891,19.748,19.530,19.920,19.744,19.500,19.920,18.641,18.317,18.934,19.721,72.304,46.803,5.837,386.443,409.145,18.264,48.290,5.996,384.205,0.000,7999.000,0.000,-999.000,-999.000,100.384,0.200,0.200,5.042,7.390,171.741,3.596,5.960,170.433,0.483,18.372,18.338,18.405,17.729,17.682,17.761,17.534,17.497,17.566,-999.000,-999.000,-999.000,15.811,14.145,18.582,18.314,18.828,-999.000,-999.000,-999.000,-999.000,-999.000,-999.000,18.136,18.068,18.202,3.613,2.059,5.477,-1.850,0.558,0.634,0.696,0.761,0.583,0.662,0.701,0.758,0.465,,,,,,,,
2023-09-20,18,18.834,18.151,19.667,18.835,18.133,19.603,18.871,18.150,19.690,18.871,18.150,19.690,17.271,16.283,18.321,18.852,75.260,10.381,0.696,365.617,400.583,-22.018,11.588,4.108,363.932,0.000,7999.000,0.000,-999.000,-999.000,100.328,0.200,0.200,3.945,7.110,165.261,2.585,5.220,163.118,0.482,18.353,18.318,18.401,17.787,17.746,17.829,17.557,17.521,17.595,-999.000,-999.000,-999.000,15.831,14.142,17.929,17.502,18.310,-999.000,-999.000,-999.000,-999.000,-999.000,-999.000,18.141,18.083,18.190,2.672,1.707,3.969,-7.076,0.557,0.634,0.696,0.761,0.582,0.662,0.701,0.759,0.464,,,,,,,,
2023-09-20,19,17.984,17.689,18.247,17.989,17.693,18.222,18.000,17.760,18.140,17.998,17.730,18.150,16.512,16.376,16.732,17.978,79.351,0.000,0.000,380.380,397.862,-13.923,0.000,0.000,378.917,0.000,7999.000,0.000,-999.000,-999.000,100.307,0.200,0.200,2.944,4.490,152.809,1.692,2.970,154.315,0.482,18.279,18.228,18.328,17.831,17.785,17.864,17.560,17.536,17.586,-999.000,-999.000,-999.000,15.830,14.164,17.242,17.064,17.490,-999.000,-999.000,-999.000,-999.000,-999.000,-999.000,18.112,18.064,18.172,1.635,1.245,2.342,-11.808,0.557,0.634,0.695,0.761,0.582,0.661,0.701,0.759,0.463,,,,,,,,
2023-09-20,20,17.999,17.547,18.539,18.006,17.582,18.497,18.038,17.620,18.530,18.045,17.590,18.550,16.363,15.711,16.958,18.021,77.893,0.000,0.000,365.420,396.168,-27.674,0.000,0.000,369.205,0.000,7999.000,0.000,-999.000,-999.000,100.294,0.200,0.200,3.933,5.630,159.020,2.598,4.500,159.175,0.481,18.204,18.155,18.258,17.848,17.822,17.870,17.589,17.552,17.615,-999.000,-999.000,-999.000,15.820,14.142,16.808,16.582,17.071,-999.000,-999.000,-999.000,-999.000,-999.000,-999.000,18.100,18.046,18.172,0.626,0.730,0.925,-12.775,0.556,0.634,0.695,0.761,0.581,0.661,0.700,0.759,0.462,,,,,,,,
2023-09-20,21,18.141,17.846,18.449,18.129,17.870,18.409,18.164,17.920,18.460,18.174,17.930,18.470,16.515,16.131,16.974,18.144,75.980,0.000,0.000,356.397,395.823,-36.286,0.000,0.000,354.723,0.000,7999.000,0.000,-999.000,-999.000,100.218,0.200,0.200,4.491,6.780,157.563,3.143,5.860,156.803,0.481,18.118,18.056,18.182,17.862,17.836,17.880,17.609,17.588,17.634,-999.000,-999.000,-999.000,15.826,14.138,16.425,16.212,16.611,-999.000,-999.000,-999.000,-999.000,-999.000,-999.000,18.083,18.026,18.152,-0.234,0.219,-0.215,-13.842,0.556,0.634,0.695,0.761,0.581,0.661,0.700,0.759,0.461,,,,,,,,
2023-09-20,22,18.188,18.027,18.370,18.184,17.995,18.379,18.222,18.060,18.390,18.229,18.070,18.410,16.603,16.349,17.007,18.202,74.632,0.000,0.000,358.923,396.363,-34.161,0.000,0.000,356.868,0.000,7999.000,0.000,-999.000,-999.000,100.117,0.200,0.200,5.011,7.970,160.447,3.603,5.890,160.171,0.481,18.027,17.957,18.073,17.868,17.830,17.895,17.620,17.600,17.641,-999.000,-999.000,-999.000,15.827,14.140,16.099,15.973,16.225,-999.000,-999.000,-999.000,-999.000,-999.000,-999.000,18.064,18.002,18.132,-0.998,-0.302,-1.162,-14.268,0.556,0.634,0.695,0.761,0.581,0.660,0.700,0.759,0.460,,,,,,,,
2023-09-20,23,18.189,17.976,18.397,18.174,17.996,18.373,18.210,18.030,18.370,18.220,18.040,18.410,16.432,16.181,16.750,18.207,73.296,0.000,0.000,344.687,394.790,-47.198,0.000,0.000,342.413,0.000,7999.000,0.000,-999.000,-999.000,100.057,0.200,0.200,5.645,8.120,165.168,4.074,7.010,163.737,0.481,17.933,17.878,18.006,17.862,17.823,17.890,17.632,17.605,17.658,-999.000,-999.000,-999.000,15.832,14.141,15.774,15.621,15.964,-999.000,-999.000,-999.000,-999.000,-999.000,-999.000,18.050,17.981,18.117,-1.635,-0.789,-1.919,-15.362,0.555,0.634,0.695,0.761,0.581,0.660,0.700,0.760,0.459,,,,,,,,
2023-09-20,24,18.408,18.009,19.094,18.400,18.013,19.114,18.413,18.070,19.050,18.425,18.070,19.070,16.652,16.254,17.213,18.409,71.295,0.000,0.000,346.158,395.603,-46.362,0.000,0.000,343.830,0.000,7999.000,0.000,-999.000,-999.000,99.985,0.200,0.200,5.732,10.430,163.952,4.272,7.920,162.950,0.480,17.840,17.788,17.908,17.845,17.816,17.870,17.639,17.615,17.664,-999.000,-999.000,-999.000,15.830,14.145,15.541,15.438,15.634,-999.000,-999.000,-999.000,-999.000,-999.000,-999.000,18.050,17.987,18.146,-2.220,-1.247,-2.629,-15.213,0.554,0.633,0.694,0.761,0.581,0.660,0.700,0.760,0.459,,,,,,,,
