2023-09-29,01,15.745,15.586,15.856,15.754,15.587,15.861,15.787,15.660,15.890,15.789,15.640,15.910,14.609,14.430,14.716,15.771,88.963,0.000,0.000,377.960,390.378,-8.727,0.000,0.000,378.548,0.000,7999.000,0.000,-999.000,-999.000,101.542,0.200,0.200,2.903,4.060,160.240,1.661,2.680,158.018,0.467,16.871,16.828,16.912,17.068,17.039,17.101,16.747,16.724,16.767,-999.000,-999.000,-999.000,15.708,14.280,15.221,15.173,15.266,-999.000,-999.000,-999.000,-999.000,-999.000,-999.000,16.373,16.312,16.406,-5.102,-0.561,-3.477,-8.460,0.583,0.640,0.691,0.755,0.612,0.671,0.697,0.753,0.447,,,,,,,,
2023-09-29,02,16.299,15.799,16.759,16.307,15.817,16.741,16.344,15.870,16.790,16.348,15.870,16.800,15.264,14.703,15.704,16.300,87.252,0.000,0.000,388.482,393.573,-1.024,0.000,0.000,386.808,0.000,7999.000,0.000,-999.000,-999.000,101.487,0.200,0.200,3.767,5.610,154.725,2.611,4.540,152.278,0.467,16.809,16.770,16.854,17.011,16.977,17.046,16.749,16.724,16.774,-999.000,-999.000,-999.000,15.714,14.289,15.307,15.222,15.402,-999.000,-999.000,-999.000,-999.000,-999.000,-999.000,16.387,16.332,16.457,-4.815,-0.543,-3.388,-6.953,0.583,0.640,0.691,0.755,0.612,0.670,0.697,0.753,0.447,,,,,,,,
2023-09-29,03,16.694,16.430,16.953,16.703,16.458,16.928,16.748,16.520,16.970,16.749,16.540,16.940,15.529,15.203,15.776,16.727,85.285,0.000,0.000,380.147,394.082,-10.272,0.000,0.000,378.963,0.000,7999.000,0.000,-999.000,-999.000,101.444,0.200,0.200,3.589,5.340,171.434,2.459,4.090,171.108,0.468,16.757,16.728,16.793,16.966,16.936,17.003,16.746,16.711,16.772,-999.000,-999.000,-999.000,15.706,14.275,15.441,15.384,15.495,-999.000,-999.000,-999.000,-999.000,-999.000,-999.000,16.381,16.328,16.459,-4.372,-0.486,-3.172,-4.956,0.582,0.640,0.691,0.755,0.612,0.670,0.697,0.753,0.447,,,,,,,,
2023-09-29,04,16.559,16.420,16.765,16.566,16.428,16.772,16.612,16.490,16.820,16.612,16.470,16.810,15.484,15.269,15.718,16.574,85.763,0.000,0.000,384.038,394.035,-6.061,0.000,0.000,382.737,0.000,7999.000,0.000,-999.000,-999.000,101.391,0.200,0.200,3.543,5.040,154.591,2.441,4.160,152.849,0.468,16.729,16.688,16.756,16.923,16.896,16.956,16.743,16.721,16.773,-999.000,-999.000,-999.000,15.701,14.275,15.392,15.363,15.416,-999.000,-999.000,-999.000,-999.000,-999.000,-999.000,16.375,16.329,16.432,-3.947,-0.400,-2.968,-5.591,0.582,0.639,0.691,0.755,0.611,0.669,0.697,0.753,0.447,,,,,,,,
2023-09-29,05,17.044,16.748,17.362,17.055,16.749,17.367,17.094,16.830,17.400,17.094,16.840,17.410,15.940,15.731,16.236,17.057,83.953,0.000,0.000,388.008,396.258,-4.064,0.000,0.000,386.470,0.000,7999.000,0.000,-999.000,-999.000,101.325,0.200,0.200,3.505,5.820,153.638,2.390,4.510,151.319,0.469,16.677,16.643,16.711,16.893,16.851,16.923,16.716,16.693,16.748,-999.000,-999.000,-999.000,15.699,14.285,15.474,15.403,15.557,-999.000,-999.000,-999.000,-999.000,-999.000,-999.000,16.397,16.338,16.473,-3.778,-0.343,-2.906,-4.436,0.583,0.639,0.691,0.755,0.611,0.668,0.697,0.753,0.447,,,,,,,,
2023-09-29,06,17.530,17.372,17.812,17.524,17.359,17.790,17.579,17.360,17.870,17.573,17.360,17.870,16.437,16.071,16.732,17.546,84.363,0.482,0.000,388.582,398.650,-4.825,1.251,0.000,386.643,0.000,7999.000,0.000,-999.000,-999.000,101.291,0.200,0.200,4.547,6.450,163.231,3.414,5.440,161.498,0.470,16.665,16.634,16.696,16.843,16.816,16.869,16.717,16.684,16.749,-999.000,-999.000,-999.000,15.707,14.278,15.601,15.523,15.703,-999.000,-999.000,-999.000,-999.000,-999.000,-999.000,16.401,16.345,16.468,-3.463,-0.300,-2.703,-3.018,0.582,0.639,0.691,0.755,0.611,0.668,0.697,0.753,0.447,,,,,,,,
2023-09-29,07,17.760,17.632,17.979,17.765,17.623,18.060,17.834,17.720,18.040,17.825,17.710,18.040,16.867,16.658,17.364,17.793,86.577,21.450,0.648,385.692,401.500,6.886,23.725,0.814,384.875,0.000,7999.000,0.000,-999.000,-999.000,101.309,0.200,0.200,3.592,6.330,166.284,2.528,4.810,165.201,0.470,16.652,16.629,16.673,16.822,16.795,16.849,16.693,16.672,16.718,-999.000,-999.000,-999.000,15.694,14.274,15.857,15.696,16.041,-999.000,-999.000,-999.000,-999.000,-999.000,-999.000,16.403,16.354,16.447,-2.979,-0.243,-2.354,-0.510,0.582,0.639,0.691,0.755,0.611,0.668,0.697,0.753,0.447,,,,,,,,
2023-09-29,08,18.884,18.085,19.428,18.881,18.083,19.457,18.930,18.120,19.490,18.932,18.120,19.480,18.369,17.400,19.107,18.911,84.275,87.712,13.947,391.913,410.450,55.229,89.145,0.321,391.762,0.000,7878.533,0.000,-999.000,-999.000,101.326,0.200,0.200,4.443,7.610,185.220,3.197,6.310,183.840,0.470,16.690,16.649,16.748,16.790,16.737,16.827,16.690,16.660,16.721,-999.000,-999.000,-999.000,15.701,14.289,16.511,16.054,16.989,-999.000,-999.000,-999.000,-999.000,-999.000,-999.000,16.416,16.335,16.486,-2.092,-0.142,-1.641,5.446,0.583,0.638,0.691,0.755,0.610,0.666,0.697,0.753,0.448,,,,,,,,
2023-09-29,09,20.014,19.438,20.809,20.014,19.477,20.821,20.068,19.490,20.870,20.061,19.480,20.870,20.026,19.110,21.927,20.030,80.773,184.617,37.307,393.083,419.160,121.233,171.000,28.452,394.127,1.722,7927.217,0.000,-999.000,-999.000,101.358,0.200,0.200,4.975,8.140,205.855,3.780,6.840,205.035,0.471,16.807,16.722,16.922,16.770,16.740,16.810,16.675,16.635,16.715,-999.000,-999.000,-999.000,15.700,14.279,17.593,17.011,18.258,-999.000,-999.000,-999.000,-999.000,-999.000,-999.000,16.404,16.357,16.483,-0.101,0.102,-0.012,14.957,0.581,0.638,0.691,0.755,0.609,0.666,0.697,0.753,0.449,,,,,,,,
2023-09-29,10,20.892,20.675,21.183,20.885,20.713,21.217,20.931,20.760,21.220,20.924,20.750,21.210,21.003,20.230,22.155,20.887,77.205,207.653,44.498,406.478,423.710,145.924,200.990,11.662,407.310,0.750,7999.000,0.000,-999.000,-999.000,101.404,0.200,0.200,6.295,11.620,224.632,4.927,9.070,224.253,0.471,17.040,16.903,17.206,16.771,16.734,16.807,16.652,16.628,16.715,-999.000,-999.000,-999.000,15.691,14.281,18.864,18.324,19.153,-999.000,-999.000,-999.000,-999.000,-999.000,-999.000,16.415,16.339,16.494,3.135,0.570,2.659,23.185,0.582,0.638,0.691,0.755,0.610,0.666,0.697,0.753,0.450,,,,,,,,
2023-09-29,11,20.344,19.784,20.813,20.333,19.755,20.784,20.376,19.810,20.800,20.362,19.790,20.810,19.959,19.239,20.556,20.335,80.644,144.365,30.552,408.662,418.675,103.799,146.926,0.196,407.123,0.000,7999.000,0.000,-999.000,-999.000,101.448,0.200,0.200,6.596,11.660,223.350,5.191,9.100,222.831,0.472,17.352,17.182,17.476,16.782,16.745,16.839,16.655,16.622,16.698,-999.000,-999.000,-999.000,15.699,14.282,18.961,18.882,19.052,-999.000,-999.000,-999.000,-999.000,-999.000,-999.000,16.420,16.341,16.485,6.349,1.221,5.320,18.861,0.583,0.638,0.691,0.755,0.609,0.665,0.697,0.753,0.450,,,,,,,,
2023-09-29,12,19.985,19.243,20.742,19.984,19.243,20.719,20.047,19.290,20.770,20.027,19.270,20.750,20.072,19.137,21.441,19.997,85.613,184.565,38.157,408.843,420.317,134.935,186.609,0.433,408.432,0.000,7952.150,0.190,-999.000,-999.000,101.492,0.200,0.200,6.246,10.580,230.255,4.925,8.250,229.977,0.472,17.589,17.465,17.710,16.827,16.796,16.869,16.647,16.616,16.681,-999.000,-999.000,-999.000,15.700,14.289,19.340,19.003,19.503,-999.000,-999.000,-999.000,-999.000,-999.000,-999.000,16.426,16.348,16.516,7.527,1.835,6.500,19.948,0.582,0.639,0.691,0.755,0.609,0.666,0.697,0.752,0.451,,,,,,,,
2023-09-29,13,18.637,18.276,19.419,18.639,18.258,19.427,18.678,18.310,19.450,18.667,18.310,19.440,18.750,18.168,19.397,18.605,91.298,174.874,34.054,402.942,413.963,129.798,178.063,0.000,401.723,0.000,7933.517,1.160,-999.000,-999.000,101.610,0.200,0.200,6.760,11.530,284.295,5.045,10.840,283.470,0.472,17.803,17.710,17.893,16.878,16.831,16.918,16.641,16.609,16.676,-999.000,-999.000,-999.000,15.693,14.289,19.418,19.319,19.525,-999.000,-999.000,-999.000,-999.000,-999.000,-999.000,16.433,16.351,16.531,8.532,2.335,7.605,16.369,0.583,0.639,0.691,0.755,0.610,0.665,0.697,0.752,0.452,,,,,,,,
2023-09-29,14,18.110,17.914,18.463,18.118,17.935,18.438,18.143,17.910,18.530,18.131,17.930,18.530,18.153,17.621,19.400,18.086,86.043,163.220,33.535,396.308,409.555,116.438,153.469,19.135,394.765,0.694,7999.000,0.000,-999.000,-999.000,101.746,0.200,0.200,6.432,10.360,302.371,4.839,8.960,301.343,0.472,17.951,17.877,18.027,16.958,16.889,17.031,16.640,16.613,16.663,-999.000,-999.000,-999.000,15.696,14.298,19.353,19.105,19.514,-999.000,-999.000,-999.000,-999.000,-999.000,-999.000,16.439,16.381,16.516,8.614,2.777,7.949,11.789,0.584,0.640,0.691,0.754,0.610,0.665,0.697,0.752,0.454,,,,,,,,
2023-09-29,15,18.172,17.728,18.610,18.168,17.756,18.560,18.212,17.790,18.640,18.203,17.800,18.640,18.326,17.019,19.562,18.141,79.394,219.513,47.245,366.722,409.380,129.610,189.264,69.437,366.518,1.833,7999.000,0.000,-999.000,-999.000,101.848,0.200,0.200,5.864,9.880,296.078,4.231,8.600,294.780,0.473,18.036,17.987,18.084,17.029,16.981,17.069,16.646,16.607,16.689,-999.000,-999.000,-999.000,15.683,14.280,19.286,19.026,19.496,-999.000,-999.000,-999.000,-999.000,-999.000,-999.000,16.431,16.361,16.534,7.921,3.031,7.526,9.509,0.585,0.640,0.691,0.754,0.611,0.665,0.697,0.752,0.454,,,,,,,,
2023-09-29,16,17.947,17.268,18.333,17.936,17.218,18.308,17.976,17.260,18.390,17.970,17.240,18.360,17.790,16.067,18.938,17.911,77.217,157.590,38.462,350.502,404.310,65.320,111.561,159.436,349.128,4.917,7999.000,0.000,-999.000,-999.000,101.947,0.200,0.200,5.095,8.990,289.416,3.917,7.000,288.774,0.473,18.091,18.052,18.131,17.091,17.036,17.148,16.671,16.636,16.702,-999.000,-999.000,-999.000,15.688,14.277,18.792,18.424,19.133,-999.000,-999.000,-999.000,-999.000,-999.000,-999.000,16.419,16.348,16.492,7.173,3.005,6.987,3.661,0.584,0.640,0.691,0.755,0.611,0.666,0.697,0.752,0.453,,,,,,,,
2023-09-29,17,16.617,15.900,17.196,16.625,15.922,17.195,16.660,15.880,17.170,16.659,15.890,17.160,15.075,13.817,16.015,16.617,74.032,54.916,12.223,312.963,389.130,-33.474,42.274,118.043,311.355,4.500,7999.000,0.000,-999.000,-999.000,102.057,0.200,0.200,6.198,10.050,295.730,4.351,8.750,295.373,0.474,18.047,17.979,18.127,17.168,17.127,17.220,16.690,16.653,16.731,-999.000,-999.000,-999.000,15.694,14.295,17.410,16.531,18.382,-999.000,-999.000,-999.000,-999.000,-999.000,-999.000,16.435,16.375,16.511,5.426,2.810,5.587,-9.560,0.584,0.640,0.691,0.755,0.611,0.666,0.697,0.752,0.452,,,,,,,,
2023-09-29,18,14.851,14.334,15.907,14.825,14.326,15.879,14.858,14.310,15.910,14.860,14.300,15.920,12.211,11.513,13.689,14.792,79.381,2.173,0.000,304.982,374.398,-63.977,2.852,5.794,304.438,0.000,7999.000,0.000,-999.000,-999.000,102.169,0.200,0.200,3.423,6.460,277.705,2.102,4.320,276.532,0.474,17.843,17.694,17.991,17.219,17.184,17.247,16.718,16.677,16.751,-999.000,-999.000,-999.000,15.696,14.294,15.800,15.135,16.505,-999.000,-999.000,-999.000,-999.000,-999.000,-999.000,16.442,16.379,16.507,1.585,2.225,2.537,-21.304,0.583,0.639,0.691,0.755,0.610,0.667,0.697,0.753,0.450,,,,,,,,
2023-09-29,19,13.908,13.367,14.408,13.918,13.389,14.429,13.972,13.480,14.590,13.966,13.470,14.590,11.431,10.912,11.806,13.908,81.916,0.000,0.000,303.617,371.005,-65.003,0.000,0.000,302.833,0.000,7994.617,0.000,-999.000,-999.000,102.258,0.200,0.200,3.333,4.830,267.710,2.170,3.700,265.034,0.475,17.524,17.374,17.698,17.241,17.212,17.261,16.739,16.718,16.762,-999.000,-999.000,-999.000,15.686,14.295,14.604,14.166,15.122,-999.000,-999.000,-999.000,-999.000,-999.000,-999.000,16.439,16.390,16.482,-2.886,1.190,-0.971,-26.255,0.583,0.639,0.691,0.755,0.610,0.668,0.697,0.753,0.448,,,,,,,,
2023-09-29,20,12.653,11.586,13.347,12.635,11.456,13.376,12.514,11.290,13.460,12.505,11.220,13.470,9.947,8.442,10.869,12.479,88.097,0.000,0.000,300.642,359.562,-56.869,0.000,0.000,300.465,0.000,7981.500,0.000,-999.000,-999.000,102.318,0.200,0.200,2.058,3.750,240.087,1.281,2.550,214.984,0.475,17.179,16.989,17.355,17.235,17.198,17.262,16.767,16.727,16.797,-999.000,-999.000,-999.000,15.692,14.300,13.768,13.339,14.150,-999.000,-999.000,-999.000,-999.000,-999.000,-999.000,16.444,16.396,16.485,-6.512,0.090,-3.908,-27.577,0.582,0.638,0.691,0.755,0.609,0.668,0.698,0.753,0.447,,,,,,,,
2023-09-29,21,11.605,11.063,12.197,11.596,11.084,12.249,11.595,11.040,12.240,11.595,11.040,12.230,8.964,7.912,10.146,11.537,92.752,0.000,0.000,303.138,356.392,-51.688,0.000,0.000,307.418,0.000,7988.967,0.000,-999.000,-999.000,102.375,0.200,0.200,2.220,3.850,232.169,1.256,2.910,206.063,0.476,16.829,16.640,17.006,17.201,17.164,17.238,16.785,16.748,16.813,-999.000,-999.000,-999.000,15.687,14.300,12.961,12.708,13.330,-999.000,-999.000,-999.000,-999.000,-999.000,-999.000,16.442,16.389,16.487,-9.287,-0.968,-6.362,-29.461,0.581,0.638,0.691,0.754,0.608,0.667,0.698,0.753,0.446,,,,,,,,
2023-09-29,22,11.559,10.500,12.293,11.552,10.450,12.292,11.427,10.500,12.300,11.420,10.470,12.310,8.752,7.725,10.156,11.355,92.097,0.000,0.000,300.105,354.500,-52.853,0.000,0.000,301.163,0.000,7999.000,0.000,-999.000,-999.000,102.401,0.200,0.200,2.078,3.740,196.523,1.282,2.640,177.928,0.477,16.493,16.327,16.647,17.129,17.076,17.187,16.801,16.776,16.819,-999.000,-999.000,-999.000,15.690,14.303,12.481,12.182,12.714,-999.000,-999.000,-999.000,-999.000,-999.000,-999.000,16.447,16.410,16.487,-11.509,-2.279,-8.443,-28.475,0.580,0.637,0.691,0.754,0.607,0.666,0.698,0.752,0.446,,,,,,,,
2023-09-29,23,10.347,10.130,10.689,10.313,10.106,10.619,10.315,10.020,10.590,10.296,10.000,10.590,7.872,7.526,8.057,10.228,96.252,0.000,0.000,305.167,351.323,-44.487,0.000,0.000,306.232,0.000,7958.500,0.000,-999.000,-999.000,102.424,0.200,0.200,1.923,2.560,172.827,1.192,1.910,139.468,0.477,16.177,16.004,16.332,17.028,16.980,17.079,16.809,16.790,16.836,-999.000,-999.000,-999.000,15.691,14.301,11.912,11.721,12.186,-999.000,-999.000,-999.000,-999.000,-999.000,-999.000,16.449,16.391,16.504,-13.011,-3.377,-9.914,-29.450,0.582,0.636,0.691,0.754,0.607,0.665,0.698,0.752,0.445,,,,,,,,
2023-09-29,24,10.169,9.727,11.030,10.185,9.756,11.016,10.267,9.660,10.970,10.252,9.670,10.950,8.186,7.602,9.711,10.183,97.063,0.000,0.000,314.157,353.420,-37.157,0.000,0.000,315.007,0.000,7867.550,0.000,-999.000,-999.000,102.441,0.200,0.200,2.064,3.470,166.771,1.036,2.120,129.802,0.478,15.857,15.729,16.014,16.933,16.861,16.997,16.779,16.745,16.811,-999.000,-999.000,-999.000,15.676,14.301,11.568,11.467,11.725,-999.000,-999.000,-999.000,-999.000,-999.000,-999.000,16.451,16.413,16.489,-14.301,-4.403,-11.225,-28.064,0.581,0.635,0.691,0.754,0.606,0.664,0.698,0.752,0.445,,,,,,,,
