2023-08-19,01,22.762,22.168,22.981,22.824,22.326,23.064,23.155,22.820,23.380,23.146,22.760,23.400,20.921,20.206,21.306,23.098,84.008,0.000,0.000,400.303,424.875,-17.787,0.000,0.000,397.215,0.000,7999.000,0.000,-999.000,-999.000,101.245,0.200,0.200,3.225,5.880,126.493,2.237,4.820,130.119,0.535,20.347,20.293,20.423,19.587,19.541,19.623,18.502,18.473,18.533,-999.000,-999.000,-999.000,15.128,13.568,22.250,22.171,22.294,-999.000,-999.000,-999.000,-999.000,-999.000,-999.000,18.643,18.614,18.675,1.617,2.108,0.882,-8.506,0.348,0.559,0.647,0.752,0.292,0.470,0.688,0.750,0.435,,,,,,,,
2023-08-19,02,22.359,22.162,22.673,22.343,22.111,22.671,22.441,22.190,22.840,22.428,22.160,22.840,20.531,20.282,21.035,22.385,86.902,0.000,0.000,386.875,420.810,-27.390,0.000,0.000,383.845,0.000,7999.000,0.000,-999.000,-999.000,101.223,0.200,0.200,2.931,5.430,129.944,1.844,4.110,132.979,0.536,20.260,20.218,20.310,19.524,19.475,19.568,18.524,18.493,18.559,-999.000,-999.000,-999.000,15.126,13.571,22.022,21.867,22.158,-999.000,-999.000,-999.000,-999.000,-999.000,-999.000,18.636,18.617,18.662,1.946,2.134,1.440,-9.108,0.348,0.559,0.646,0.752,0.292,0.470,0.688,0.750,0.435,,,,,,,,
2023-08-19,03,22.336,22.237,22.519,22.341,22.223,22.526,22.442,22.270,22.610,22.434,22.280,22.620,20.699,20.362,20.817,22.386,86.313,0.000,0.000,409.607,423.412,-6.971,0.000,0.000,406.262,0.000,7999.000,0.000,-999.000,-999.000,101.179,0.200,0.200,2.525,4.480,134.368,1.706,3.510,140.545,0.536,20.179,20.152,20.215,19.465,19.442,19.502,18.553,18.524,18.576,-999.000,-999.000,-999.000,15.122,13.565,21.872,21.841,21.910,-999.000,-999.000,-999.000,-999.000,-999.000,-999.000,18.651,18.631,18.676,2.112,2.289,1.522,-8.236,0.348,0.559,0.647,0.753,0.292,0.470,0.688,0.750,0.435,,,,,,,,
2023-08-19,04,22.404,22.270,22.573,22.407,22.236,22.593,22.473,22.340,22.630,22.468,22.340,22.640,20.922,20.731,21.091,22.450,85.527,0.000,0.000,416.145,424.743,-1.788,0.000,0.000,412.637,0.000,7999.000,0.000,-999.000,-999.000,101.150,0.200,0.200,2.961,4.860,135.461,2.131,4.110,139.021,0.537,20.125,20.094,20.162,19.438,19.409,19.459,18.549,18.534,18.564,-999.000,-999.000,-999.000,15.130,13.575,21.880,21.847,21.907,-999.000,-999.000,-999.000,-999.000,-999.000,-999.000,18.654,18.637,18.673,2.197,2.376,1.697,-5.802,0.348,0.559,0.646,0.753,0.292,0.470,0.688,0.750,0.434,,,,,,,,
2023-08-19,05,22.193,21.934,22.574,22.194,21.918,22.564,22.235,21.990,22.610,22.220,21.940,22.600,20.832,20.651,21.124,22.217,86.248,3.020,0.000,412.735,423.690,-1.206,3.084,1.916,409.057,0.000,7999.000,0.000,-999.000,-999.000,101.150,0.200,0.200,2.580,4.990,139.427,1.699,3.680,142.382,0.537,20.083,20.063,20.108,19.401,19.356,19.428,18.554,18.542,18.566,-999.000,-999.000,-999.000,15.137,13.579,21.804,21.764,21.863,-999.000,-999.000,-999.000,-999.000,-999.000,-999.000,18.672,18.647,18.697,2.378,2.460,2.006,-5.132,0.348,0.559,0.645,0.753,0.292,0.470,0.688,0.750,0.434,,,,,,,,
2023-08-19,06,21.939,21.805,22.294,21.949,21.795,22.321,21.982,21.830,22.380,21.983,21.800,22.390,20.785,20.606,21.251,21.970,87.332,22.219,0.275,413.000,424.840,13.353,22.368,0.000,409.895,0.000,7999.000,0.000,-999.000,-999.000,101.186,0.200,0.200,1.865,3.360,134.379,1.090,2.560,135.418,0.538,20.066,20.040,20.088,19.363,19.340,19.389,18.556,18.543,18.569,-999.000,-999.000,-999.000,15.136,13.577,21.788,21.754,21.818,-999.000,-999.000,-999.000,-999.000,-999.000,-999.000,18.685,18.663,18.709,2.491,2.532,2.162,-4.012,0.347,0.559,0.646,0.753,0.292,0.470,0.689,0.750,0.434,,,,,,,,
2023-08-19,07,22.841,22.297,23.201,22.861,22.311,23.195,22.938,22.380,23.230,22.930,22.380,23.240,22.145,21.285,22.738,22.910,82.563,91.328,13.441,415.098,432.918,60.067,90.713,0.094,412.543,0.000,7999.000,0.000,-999.000,-999.000,101.198,0.200,0.200,2.736,4.990,143.947,1.996,4.110,145.930,0.539,20.056,20.018,20.095,19.339,19.300,19.376,18.562,18.541,18.592,-999.000,-999.000,-999.000,15.145,13.573,22.092,21.828,22.352,-999.000,-999.000,-999.000,-999.000,-999.000,-999.000,18.726,18.690,18.754,2.646,2.562,2.503,1.536,0.347,0.559,0.646,0.753,0.292,0.470,0.689,0.750,0.433,,,,,,,,
2023-08-19,08,24.472,23.156,25.875,24.492,23.164,25.898,24.656,23.200,26.160,24.562,23.170,25.960,25.788,22.636,28.998,24.476,77.368,330.394,76.192,405.518,451.135,208.585,191.704,259.705,402.285,7.028,7999.000,0.000,-999.000,-999.000,101.265,0.200,0.200,3.318,5.670,158.553,2.579,5.060,158.518,0.539,20.153,20.085,20.274,19.321,19.286,19.360,18.567,18.539,18.596,-999.000,-999.000,-999.000,15.140,13.573,23.100,22.345,24.144,-999.000,-999.000,-999.000,-999.000,-999.000,-999.000,18.738,18.712,18.773,3.327,2.691,3.832,13.447,0.347,0.559,0.646,0.753,0.292,0.470,0.689,0.750,0.434,,,,,,,,
2023-08-19,09,26.186,25.610,27.004,26.181,25.661,27.014,26.309,25.810,27.160,26.253,25.720,27.130,27.652,25.310,31.004,26.224,71.284,308.653,67.653,427.157,460.482,207.674,204.338,168.580,424.428,3.639,7999.000,0.000,-999.000,-999.000,101.298,0.200,0.200,3.544,6.420,202.345,2.831,6.550,202.262,0.540,20.436,20.261,20.650,19.315,19.291,19.341,18.571,18.551,18.596,-999.000,-999.000,-999.000,15.145,13.576,24.572,24.110,24.886,-999.000,-999.000,-999.000,-999.000,-999.000,-999.000,18.758,18.735,18.783,5.506,3.103,7.664,34.192,0.346,0.558,0.647,0.753,0.291,0.470,0.688,0.750,0.435,,,,,,,,
2023-08-19,10,26.008,25.610,26.491,25.997,25.618,26.521,26.047,25.670,26.600,26.034,25.660,26.580,26.450,25.008,28.259,26.003,73.829,255.685,51.490,429.233,456.853,176.575,249.451,3.707,428.262,0.056,7999.000,0.000,-999.000,-999.000,101.371,0.200,0.200,3.483,6.360,229.222,2.744,6.150,228.891,0.540,20.813,20.644,20.953,19.330,19.307,19.359,18.580,18.564,18.599,-999.000,-999.000,-999.000,15.149,13.576,24.703,24.443,25.326,-999.000,-999.000,-999.000,-999.000,-999.000,-999.000,18.789,18.752,18.810,8.279,3.903,11.077,24.748,0.346,0.557,0.647,0.752,0.292,0.470,0.688,0.750,0.436,,,,,,,,
2023-08-19,11,26.669,26.090,27.367,26.626,26.114,27.380,26.757,26.180,27.350,26.728,26.140,27.350,29.992,28.037,32.065,26.634,73.898,569.282,125.721,424.407,474.630,393.337,411.254,186.022,422.883,3.778,7999.000,0.000,-999.000,-999.000,101.462,0.200,0.200,5.262,7.920,256.299,4.050,6.780,255.746,0.541,21.100,20.949,21.302,19.373,19.339,19.416,18.571,18.553,18.598,-999.000,-999.000,-999.000,15.152,13.581,26.500,25.331,27.506,-999.000,-999.000,-999.000,-999.000,-999.000,-999.000,18.795,18.760,18.838,9.638,4.575,12.885,45.118,0.345,0.557,0.645,0.753,0.292,0.471,0.688,0.750,0.438,,,,,,,,
2023-08-19,12,25.803,25.325,26.764,25.769,25.300,26.752,25.849,25.380,26.810,25.831,25.360,26.790,26.871,25.352,29.595,25.770,73.731,293.953,59.427,428.983,457.108,206.402,285.914,4.997,427.838,0.000,7999.000,0.000,-999.000,-999.000,101.547,0.200,0.200,5.407,8.150,263.085,4.216,8.050,261.120,0.542,21.529,21.312,21.706,19.442,19.381,19.501,18.579,18.554,18.606,-999.000,-999.000,-999.000,15.150,13.576,27.047,26.632,27.506,-999.000,-999.000,-999.000,-999.000,-999.000,-999.000,18.810,18.779,18.834,12.243,5.392,17.285,41.734,0.344,0.556,0.644,0.753,0.292,0.471,0.687,0.750,0.440,,,,,,,,
2023-08-19,13,24.779,23.768,25.835,24.776,23.775,25.820,24.822,23.810,25.790,24.805,23.780,25.790,25.109,23.590,27.056,24.764,73.003,222.202,44.078,416.740,447.307,147.558,219.131,0.781,414.502,0.000,7999.000,0.000,-999.000,-999.000,101.693,0.200,0.200,5.857,9.940,247.581,4.755,8.880,246.623,0.542,21.768,21.689,21.813,19.527,19.471,19.581,18.591,18.554,18.614,-999.000,-999.000,-999.000,15.149,13.585,26.457,26.086,26.758,-999.000,-999.000,-999.000,-999.000,-999.000,-999.000,18.824,18.797,18.856,12.954,6.059,17.134,25.366,0.342,0.555,0.644,0.753,0.293,0.472,0.687,0.750,0.440,,,,,,,,
2023-08-19,14,22.792,21.659,23.702,22.777,21.643,23.713,22.817,21.670,23.760,22.808,21.660,23.750,21.995,19.969,23.680,22.765,68.493,119.754,19.521,401.257,429.527,71.964,118.829,0.004,397.707,0.000,7999.000,0.000,-999.000,-999.000,101.773,0.200,0.200,5.144,9.050,261.466,4.123,8.060,261.166,0.543,21.775,21.724,21.813,19.634,19.564,19.693,18.606,18.580,18.647,-999.000,-999.000,-999.000,15.147,13.579,25.571,24.852,26.064,-999.000,-999.000,-999.000,-999.000,-999.000,-999.000,18.834,18.801,18.858,11.815,6.215,14.748,11.141,0.341,0.556,0.644,0.752,0.293,0.472,0.686,0.750,0.439,,,,,,,,
2023-08-19,15,22.113,21.601,23.180,22.097,21.592,23.201,22.207,21.650,23.360,22.188,21.650,23.330,23.255,20.112,28.695,22.110,63.814,337.404,76.426,385.848,437.003,209.823,220.245,188.477,381.713,3.111,7999.000,0.000,-999.000,-999.000,101.832,0.200,0.200,3.909,7.040,273.785,2.960,5.800,271.934,0.543,21.600,21.457,21.738,19.727,19.676,19.792,18.648,18.615,18.681,-999.000,-999.000,-999.000,15.148,13.583,24.920,24.677,25.687,-999.000,-999.000,-999.000,-999.000,-999.000,-999.000,18.854,18.829,18.888,9.671,5.813,11.360,4.730,0.340,0.556,0.647,0.752,0.292,0.472,0.686,0.750,0.438,,,,,,,,
2023-08-19,16,23.515,23.312,23.787,23.465,23.234,23.754,23.526,23.250,23.810,23.495,23.190,23.800,27.513,26.784,29.060,23.433,65.634,486.464,118.152,365.397,452.297,281.412,95.219,744.466,354.610,10.000,7999.000,0.000,-999.000,-999.000,101.836,0.200,0.200,4.326,7.480,264.683,3.443,6.050,263.832,0.544,21.513,21.434,21.604,19.786,19.730,19.810,18.674,18.623,18.706,-999.000,-999.000,-999.000,15.144,13.575,26.354,25.712,26.606,-999.000,-999.000,-999.000,-999.000,-999.000,-999.000,18.864,18.835,18.890,8.210,5.033,10.337,33.373,0.339,0.556,0.647,0.752,0.292,0.471,0.686,0.750,0.438,,,,,,,,
2023-08-19,17,23.275,23.018,23.594,23.230,22.966,23.556,23.257,23.020,23.600,23.242,23.010,23.590,25.442,24.435,27.010,23.175,67.818,300.433,75.107,365.622,440.487,150.461,101.074,521.393,358.273,9.305,7999.000,0.000,-999.000,-999.000,101.874,0.200,0.200,3.911,7.050,269.268,3.034,6.090,269.374,0.544,21.661,21.583,21.709,19.826,19.793,19.861,18.711,18.687,18.728,-999.000,-999.000,-999.000,15.154,13.570,26.361,26.097,26.603,-999.000,-999.000,-999.000,-999.000,-999.000,-999.000,18.887,18.855,18.915,8.408,4.855,10.806,24.236,0.339,0.555,0.648,0.752,0.292,0.471,0.686,0.750,0.439,,,,,,,,
2023-08-19,18,22.717,22.194,23.082,22.690,22.147,23.052,22.729,22.220,23.050,22.725,22.230,23.060,22.964,21.362,24.392,22.679,69.553,150.970,38.866,357.262,426.552,42.813,47.319,446.989,351.768,10.000,7999.000,0.000,-999.000,-999.000,101.898,0.200,0.200,2.959,5.280,281.227,1.917,4.810,279.731,0.545,21.684,21.630,21.724,19.879,19.849,19.924,18.737,18.702,18.760,-999.000,-999.000,-999.000,15.151,13.584,25.650,25.204,26.094,-999.000,-999.000,-999.000,-999.000,-999.000,-999.000,18.890,18.860,18.915,7.815,4.843,9.395,8.451,0.336,0.555,0.648,0.753,0.291,0.471,0.686,0.751,0.438,,,,,,,,
2023-08-19,19,21.007,19.377,22.151,20.976,19.226,22.112,20.936,18.920,22.170,20.904,18.870,22.180,18.703,16.103,21.343,20.887,79.471,26.237,3.541,353.570,401.460,-20.043,14.339,85.081,350.995,2.583,7999.000,0.000,-999.000,-999.000,101.930,0.200,0.200,1.152,3.090,272.015,0.642,1.660,269.753,0.546,21.533,21.393,21.646,19.926,19.886,19.966,18.775,18.721,18.821,-999.000,-999.000,-999.000,15.153,13.584,24.508,23.724,25.171,-999.000,-999.000,-999.000,-999.000,-999.000,-999.000,18.904,18.878,18.932,6.376,4.581,6.872,-8.525,0.336,0.555,0.649,0.753,0.291,0.471,0.686,0.751,0.436,,,,,,,,
2023-08-19,20,18.169,17.314,19.388,18.138,17.326,19.210,18.033,17.410,18.860,18.006,17.360,18.800,14.941,14.176,16.029,17.954,91.467,0.000,0.000,347.378,383.203,-26.770,0.000,0.000,345.080,0.000,7914.183,0.000,-999.000,-999.000,101.974,0.200,0.200,0.811,1.480,188.860,0.516,1.100,176.025,0.546,21.205,20.999,21.389,19.960,19.929,19.994,18.815,18.772,18.857,-999.000,-999.000,-999.000,15.158,13.587,23.004,22.410,23.688,-999.000,-999.000,-999.000,-999.000,-999.000,-999.000,18.922,18.886,18.967,4.165,3.836,3.379,-21.138,0.334,0.556,0.649,0.753,0.291,0.471,0.686,0.751,0.434,,,,,,,,
2023-08-19,21,16.455,16.116,17.241,16.476,16.104,17.253,16.504,15.960,17.320,16.469,15.890,17.290,13.972,13.699,14.316,16.398,96.173,0.000,0.000,349.045,379.155,-22.042,0.000,0.000,346.480,0.000,5973.300,0.000,-999.000,-999.000,102.007,0.200,0.200,0.957,1.690,264.308,0.573,0.930,326.082,0.547,20.758,20.525,20.995,19.953,19.924,19.982,18.846,18.813,18.886,-999.000,-999.000,-999.000,15.157,13.586,21.976,21.604,22.401,-999.000,-999.000,-999.000,-999.000,-999.000,-999.000,18.936,18.894,18.972,1.548,2.385,-0.197,-25.967,0.333,0.556,0.649,0.754,0.290,0.470,0.686,0.752,0.432,,,,,,,,
2023-08-19,22,16.377,16.208,16.550,16.375,16.190,16.686,16.355,15.980,16.730,16.321,15.980,16.700,14.730,14.104,15.791,16.255,97.182,0.000,0.000,370.643,388.385,-9.248,0.000,0.000,368.633,0.000,4800.700,0.000,-999.000,-999.000,102.054,0.200,0.200,0.431,1.150,39.373,0.388,0.940,135.780,0.548,20.321,20.145,20.519,19.919,19.876,19.950,18.873,18.844,18.901,-999.000,-999.000,-999.000,15.168,13.587,21.414,21.253,21.591,-999.000,-999.000,-999.000,-999.000,-999.000,-999.000,18.944,18.919,18.982,-0.586,0.843,-2.743,-24.346,0.332,0.556,0.649,0.755,0.290,0.470,0.686,0.752,0.430,,,,,,,,
2023-08-19,23,16.661,15.719,17.099,16.660,15.691,17.067,16.652,15.680,17.190,16.628,15.660,17.160,15.415,13.900,16.738,16.578,97.290,0.000,0.000,364.920,389.538,-16.935,0.037,0.000,362.472,0.000,7865.633,0.000,-999.000,-999.000,102.066,0.200,0.200,1.239,1.900,138.288,0.649,1.370,155.293,0.549,20.019,19.912,20.142,19.837,19.786,19.910,18.894,18.857,18.925,-999.000,-999.000,-999.000,15.153,13.587,21.164,20.849,21.333,-999.000,-999.000,-999.000,-999.000,-999.000,-999.000,18.956,18.921,18.987,-1.715,-0.203,-3.697,-19.977,0.331,0.555,0.649,0.756,0.289,0.470,0.686,0.753,0.429,,,,,,,,
2023-08-19,24,16.072,15.684,16.611,16.056,15.658,16.612,16.058,15.640,16.600,16.055,15.610,16.610,14.437,13.741,15.619,16.061,97.333,0.000,0.000,363.712,385.050,-14.365,0.000,0.000,360.633,0.000,7957.900,0.000,-999.000,-999.000,102.061,0.200,0.200,1.980,2.820,170.552,0.934,1.460,174.432,0.549,19.776,19.646,19.916,19.759,19.705,19.813,18.901,18.883,18.926,-999.000,-999.000,-999.000,15.164,13.583,20.569,20.427,20.836,-999.000,-999.000,-999.000,-999.000,-999.000,-999.000,18.972,18.950,18.999,-2.230,-0.648,-4.196,-23.464,0.330,0.555,0.649,0.756,0.289,0.469,0.686,0.754,0.427,,,,,,,,
