2023-03-03,01,0.946,0.723,1.146,0.958,0.717,1.212,0.979,0.740,1.145,0.981,0.744,1.157,0.577,0.204,0.849,0.903,96.322,0.000,0.000,315.518,319.578,0.436,0.000,0.000,307.663,0.000,6139.100,0.000,-999.000,-999.000,102.489,0.200,0.200,3.240,5.240,23.183,2.353,3.970,21.240,0.456,3.391,3.298,3.480,3.896,3.867,3.918,4.239,4.220,4.270,-999.000,-999.000,-999.000,7.937,9.232,1.889,1.817,1.972,-999.000,-999.000,-999.000,-999.000,-999.000,-999.000,5.519,5.486,5.547,-3.990,-3.948,-5.940,-9.835,0.524,0.585,0.670,0.703,0.588,0.655,0.673,0.724,0.451,,,,,,,,
2023-03-03,02,1.083,0.971,1.178,1.134,1.051,1.221,1.086,0.957,1.167,1.089,0.979,1.177,0.821,0.715,0.891,1.010,94.655,0.000,0.000,317.980,321.742,0.767,0.000,0.000,310.392,0.000,6603.700,0.000,-999.000,-999.000,102.491,0.200,0.200,4.526,7.730,37.889,3.462,7.240,37.458,0.457,3.252,3.209,3.298,3.856,3.844,3.874,4.241,4.209,4.268,-999.000,-999.000,-999.000,7.947,9.247,1.788,1.754,1.830,-999.000,-999.000,-999.000,-999.000,-999.000,-999.000,5.509,5.504,5.524,-4.419,-4.441,-6.227,-9.309,0.524,0.585,0.670,0.703,0.587,0.655,0.673,0.724,0.450,,,,,,,,
2023-03-03,03,1.215,1.126,1.280,1.242,1.169,1.306,1.185,1.084,1.262,1.180,1.076,1.244,0.961,0.905,0.996,1.116,94.425,0.000,0.000,320.293,322.865,1.980,0.000,0.000,312.523,0.000,6716.833,0.000,-999.000,-999.000,102.504,0.200,0.200,3.580,5.360,26.862,2.820,4.840,26.054,0.457,3.172,3.120,3.212,3.829,3.781,3.854,4.276,4.255,4.285,-999.000,-999.000,-999.000,7.933,9.223,1.814,1.758,1.866,-999.000,-999.000,-999.000,-999.000,-999.000,-999.000,5.504,5.494,5.514,-4.328,-4.584,-5.979,-8.603,0.523,0.585,0.670,0.703,0.587,0.655,0.673,0.724,0.450,,,,,,,,
2023-03-03,04,1.115,1.073,1.155,1.157,1.106,1.188,1.091,1.044,1.127,1.085,1.031,1.149,0.892,0.819,0.914,1.010,93.877,0.000,0.000,319.165,322.228,1.528,0.000,0.000,311.413,0.000,6750.967,0.000,-999.000,-999.000,102.514,0.200,0.200,3.969,6.450,26.384,3.051,5.490,25.525,0.458,3.125,3.110,3.140,3.765,3.725,3.791,4.276,4.265,4.285,-999.000,-999.000,-999.000,7.928,9.227,1.890,1.859,1.912,-999.000,-999.000,-999.000,-999.000,-999.000,-999.000,5.497,5.480,5.513,-4.078,-4.582,-5.638,-7.479,0.523,0.585,0.670,0.703,0.587,0.655,0.673,0.724,0.451,,,,,,,,
2023-03-03,05,1.089,1.060,1.132,1.121,1.093,1.188,1.069,1.009,1.112,1.062,0.998,1.095,0.856,0.823,0.911,0.998,93.060,0.000,0.000,317.578,321.715,0.408,0.000,0.000,309.832,0.000,6850.450,0.000,-999.000,-999.000,102.523,0.200,0.200,4.400,7.930,29.201,3.421,6.660,28.388,0.458,3.125,3.110,3.143,3.743,3.722,3.762,4.282,4.265,4.285,-999.000,-999.000,-999.000,7.934,9.227,1.921,1.902,1.951,-999.000,-999.000,-999.000,-999.000,-999.000,-999.000,5.499,5.487,5.507,-3.868,-4.554,-5.397,-6.567,0.523,0.585,0.670,0.703,0.587,0.654,0.673,0.724,0.451,,,,,,,,
2023-03-03,06,1.116,1.066,1.171,1.151,1.070,1.188,1.061,0.971,1.129,1.049,0.973,1.112,0.887,0.833,0.934,0.967,93.687,0.000,0.000,318.130,321.992,0.644,0.000,0.000,310.578,0.000,6394.067,0.000,-999.000,-999.000,102.541,0.200,0.200,3.743,7.190,30.731,2.879,6.090,30.635,0.458,3.127,3.110,3.140,3.702,3.680,3.736,4.279,4.268,4.285,-999.000,-999.000,-999.000,7.930,9.217,1.960,1.938,1.984,-999.000,-999.000,-999.000,-999.000,-999.000,-999.000,5.499,5.487,5.507,-3.751,-4.557,-5.298,-6.170,0.523,0.585,0.670,0.703,0.587,0.654,0.673,0.724,0.451,,,,,,,,
2023-03-03,07,1.064,0.978,1.194,1.089,1.008,1.218,0.971,0.894,1.122,0.962,0.902,1.092,0.900,0.819,1.150,0.904,94.597,4.415,0.000,319.660,322.713,5.442,4.892,0.000,312.358,0.000,6499.167,0.000,-999.000,-999.000,102.574,0.200,0.200,3.340,5.640,33.299,2.664,4.590,32.052,0.459,3.104,3.077,3.127,3.677,3.660,3.700,4.275,4.258,4.285,-999.000,-999.000,-999.000,7.934,9.222,1.988,1.980,1.990,-999.000,-999.000,-999.000,-999.000,-999.000,-999.000,5.497,5.484,5.504,-3.686,-4.572,-5.247,-5.832,0.523,0.585,0.670,0.703,0.587,0.654,0.673,0.724,0.451,,,,,,,,
2023-03-03,08,1.559,1.188,1.896,1.570,1.221,1.899,1.506,1.113,1.913,1.497,1.085,1.896,1.724,1.147,2.381,1.409,95.283,38.830,4.565,322.363,327.312,29.419,39.262,0.000,315.420,0.000,6783.433,0.000,-999.000,-999.000,102.625,0.200,0.200,3.095,5.150,34.647,2.484,4.680,34.065,0.459,3.100,3.077,3.139,3.640,3.620,3.663,4.237,4.208,4.281,-999.000,-999.000,-999.000,7.929,9.236,2.064,1.980,2.186,-999.000,-999.000,-999.000,-999.000,-999.000,-999.000,5.465,5.444,5.506,-3.607,-4.542,-5.149,-5.146,0.523,0.585,0.670,0.703,0.586,0.654,0.673,0.724,0.451,,,,,,,,
2023-03-03,09,2.372,1.919,2.744,2.437,1.926,2.820,2.419,1.955,2.968,2.414,1.927,2.954,3.040,2.319,3.664,2.329,91.755,94.242,18.311,323.242,333.783,65.388,94.278,0.000,316.147,0.000,7150.783,0.000,-999.000,-999.000,102.686,0.200,0.200,3.732,6.910,33.945,2.973,5.800,33.942,0.460,3.144,3.103,3.207,3.639,3.616,3.669,4.226,4.187,4.254,-999.000,-999.000,-999.000,7.922,9.224,2.368,2.160,2.578,-999.000,-999.000,-999.000,-999.000,-999.000,-999.000,5.480,5.438,5.506,-3.349,-4.391,-4.744,-2.748,0.523,0.584,0.670,0.703,0.586,0.653,0.673,0.724,0.451,,,,,,,,
2023-03-03,10,3.900,2.741,5.096,3.977,2.820,5.161,3.794,2.837,4.838,3.739,2.809,4.836,6.269,3.445,9.153,3.570,84.687,388.985,104.223,300.012,348.160,236.614,227.819,349.256,289.147,6.305,7431.467,0.000,-999.000,-999.000,102.725,0.200,0.200,4.982,7.470,41.324,3.968,6.670,41.570,0.460,3.250,3.164,3.372,3.621,3.586,3.642,4.223,4.179,4.245,-999.000,-999.000,-999.000,7.925,9.219,2.997,2.588,3.575,-999.000,-999.000,-999.000,-999.000,-999.000,-999.000,5.478,5.435,5.502,-2.645,-3.925,-3.701,1.475,0.523,0.585,0.670,0.703,0.586,0.653,0.673,0.724,0.452,,,,,,,,
2023-03-03,11,5.145,4.801,5.977,5.203,4.916,6.095,4.879,4.277,6.020,4.818,4.248,5.979,7.547,5.714,10.202,4.654,78.393,387.405,100.572,277.367,354.365,209.835,183.981,379.072,261.658,7.166,7527.767,0.000,-999.000,-999.000,102.748,0.200,0.200,3.941,6.760,33.480,3.123,5.710,33.724,0.460,3.528,3.361,3.717,3.626,3.588,3.648,4.206,4.182,4.241,-999.000,-999.000,-999.000,7.929,9.239,4.185,3.578,4.533,-999.000,-999.000,-999.000,-999.000,-999.000,-999.000,5.464,5.445,5.492,-1.061,-2.995,-1.605,9.409,0.524,0.585,0.670,0.703,0.586,0.652,0.673,0.724,0.452,,,,,,,,
2023-03-03,12,6.646,5.916,7.645,6.713,5.965,7.742,6.496,5.556,7.424,6.421,5.442,7.364,10.840,8.368,11.931,6.285,71.051,592.112,159.336,290.725,376.035,347.466,185.272,734.219,269.375,9.167,6933.950,0.000,-999.000,-999.000,102.746,0.200,0.200,3.035,5.950,17.152,2.485,5.120,16.285,0.461,3.941,3.739,4.174,3.640,3.604,3.668,4.202,4.182,4.232,-999.000,-999.000,-999.000,7.925,9.228,5.421,4.559,6.332,-999.000,-999.000,-999.000,-999.000,-999.000,-999.000,5.469,5.441,5.511,1.254,-1.729,0.970,14.845,0.524,0.585,0.670,0.703,0.586,0.652,0.673,0.724,0.452,,,,,,,,
2023-03-03,13,7.381,6.508,8.024,7.390,6.518,8.052,7.352,6.509,8.020,7.300,6.483,7.982,10.643,7.796,12.846,7.223,64.059,476.589,125.093,290.988,373.260,269.224,165.359,567.607,270.280,7.167,7304.717,0.000,-999.000,-999.000,102.707,0.200,0.200,3.021,6.240,1.476,2.519,5.410,0.637,0.461,4.518,4.177,4.821,3.690,3.645,3.723,4.195,4.181,4.215,-999.000,-999.000,-999.000,7.927,9.232,6.957,6.384,7.406,-999.000,-999.000,-999.000,-999.000,-999.000,-999.000,5.470,5.441,5.516,4.061,-0.375,4.096,22.956,0.525,0.585,0.670,0.704,0.586,0.651,0.673,0.724,0.453,,,,,,,,
2023-03-03,14,7.910,7.349,8.701,7.898,7.339,8.691,7.902,7.370,8.720,7.878,7.297,8.670,10.172,7.858,12.853,7.843,60.418,386.098,100.724,298.485,368.463,215.395,176.294,426.398,280.950,6.056,7439.917,0.000,-999.000,-999.000,102.667,0.200,0.200,3.859,7.240,340.998,3.018,5.680,339.468,0.462,5.131,4.853,5.425,3.788,3.729,3.862,4.199,4.188,4.232,-999.000,-999.000,-999.000,7.921,9.232,7.768,7.409,7.946,-999.000,-999.000,-999.000,-999.000,-999.000,-999.000,5.471,5.441,5.503,6.838,1.113,7.000,24.489,0.526,0.586,0.670,0.704,0.586,0.651,0.673,0.724,0.453,,,,,,,,
2023-03-03,15,7.907,7.107,8.581,7.871,7.093,8.551,7.902,7.157,8.490,7.863,7.122,8.450,9.691,7.676,11.907,7.879,61.696,335.769,90.000,316.887,363.337,199.319,209.668,301.933,304.943,5.444,7372.600,0.000,-999.000,-999.000,102.640,0.200,0.200,5.535,8.700,343.960,4.279,7.280,344.452,0.462,5.620,5.428,5.817,3.912,3.825,3.985,4.208,4.190,4.253,-999.000,-999.000,-999.000,7.927,9.230,7.934,7.864,7.979,-999.000,-999.000,-999.000,-999.000,-999.000,-999.000,5.465,5.444,5.499,8.400,2.387,8.601,21.476,0.527,0.586,0.668,0.704,0.585,0.651,0.673,0.724,0.453,,,,,,,,
2023-03-03,16,6.871,6.625,7.213,6.861,6.618,7.206,6.904,6.678,7.254,6.884,6.643,7.246,7.069,6.541,7.802,6.827,65.053,120.172,25.686,314.650,349.148,59.988,112.537,22.362,305.420,0.667,7413.183,0.000,-999.000,-999.000,102.602,0.200,0.200,4.762,7.770,347.805,3.681,7.100,348.047,0.463,5.928,5.827,6.016,4.077,3.988,4.195,4.226,4.193,4.275,-999.000,-999.000,-999.000,7.926,9.236,7.592,7.281,7.925,-999.000,-999.000,-999.000,-999.000,-999.000,-999.000,5.459,5.431,5.485,8.752,3.310,9.046,16.285,0.527,0.586,0.668,0.704,0.585,0.650,0.673,0.724,0.453,,,,,,,,
2023-03-03,17,6.192,5.540,6.672,6.192,5.573,6.672,6.236,5.597,6.710,6.226,5.593,6.684,5.788,4.677,6.544,6.151,67.005,38.711,4.026,314.585,342.942,6.431,37.907,5.382,304.847,0.028,7412.883,0.000,-999.000,-999.000,102.592,0.200,0.200,4.639,8.140,336.116,3.623,6.300,336.749,0.463,6.002,5.940,6.027,4.242,4.195,4.302,4.261,4.217,4.297,-999.000,-999.000,-999.000,7.923,9.233,6.929,6.547,7.268,-999.000,-999.000,-999.000,-999.000,-999.000,-999.000,5.464,5.448,5.482,7.945,3.556,8.151,9.767,0.527,0.587,0.668,0.704,0.585,0.650,0.673,0.724,0.453,,,,,,,,
2023-03-03,18,4.876,4.224,5.543,4.881,4.247,5.576,4.935,4.281,5.604,4.928,4.289,5.593,3.343,2.189,4.733,4.833,70.275,3.879,0.000,276.265,329.377,-44.472,3.747,0.000,263.418,0.000,7587.183,0.000,-999.000,-999.000,102.618,0.200,0.200,4.068,6.900,342.631,2.919,5.690,341.625,0.464,5.919,5.843,5.997,4.396,4.298,4.472,4.295,4.261,4.335,-999.000,-999.000,-999.000,7.926,9.233,6.087,5.618,6.538,-999.000,-999.000,-999.000,-999.000,-999.000,-999.000,5.455,5.432,5.476,6.353,3.144,6.375,3.373,0.527,0.587,0.668,0.704,0.584,0.650,0.673,0.724,0.453,,,,,,,,
2023-03-03,19,5.414,5.180,5.665,5.420,5.192,5.671,5.462,5.255,5.664,5.454,5.265,5.658,4.598,4.150,4.981,5.364,70.336,0.000,0.000,330.507,338.210,-2.177,0.000,0.000,321.458,0.000,7624.233,0.000,-999.000,-999.000,102.650,0.200,0.200,3.193,6.270,338.656,2.309,5.260,337.447,0.464,5.706,5.540,5.843,4.505,4.475,4.543,4.338,4.316,4.375,-999.000,-999.000,-999.000,7.944,9.236,5.366,5.205,5.596,-999.000,-999.000,-999.000,-999.000,-999.000,-999.000,5.449,5.432,5.462,4.342,2.237,3.972,-1.616,0.527,0.586,0.668,0.703,0.584,0.649,0.673,0.724,0.452,,,,,,,,
2023-03-03,20,5.410,5.310,5.514,5.392,5.293,5.520,5.419,5.328,5.512,5.412,5.285,5.525,4.829,4.739,4.948,5.336,72.127,0.000,0.000,330.980,338.430,-2.050,0.000,0.000,322.268,0.000,7390.267,0.000,-999.000,-999.000,102.672,0.200,0.200,4.098,6.510,349.162,3.032,5.840,349.075,0.464,5.483,5.389,5.544,4.590,4.553,4.618,4.409,4.358,4.436,-999.000,-999.000,-999.000,7.910,9.253,5.107,5.015,5.202,-999.000,-999.000,-999.000,-999.000,-999.000,-999.000,5.458,5.451,5.461,2.712,1.324,2.188,-1.872,0.526,0.586,0.668,0.703,0.584,0.649,0.673,0.724,0.451,,,,,,,,
2023-03-03,21,5.409,5.277,5.487,5.403,5.237,5.493,5.462,5.303,5.525,5.450,5.269,5.525,4.760,4.562,4.896,5.370,72.955,0.000,0.000,331.733,338.960,-1.354,0.000,0.000,322.848,0.000,7039.400,0.000,-999.000,-999.000,102.684,0.200,0.200,2.942,5.100,331.326,2.136,4.420,329.700,0.465,5.338,5.291,5.393,4.660,4.612,4.674,4.457,4.436,4.512,-999.000,-999.000,-999.000,7.892,9.237,4.910,4.818,5.022,-999.000,-999.000,-999.000,-999.000,-999.000,-999.000,5.459,5.454,5.464,1.741,0.711,1.210,-1.959,0.526,0.586,0.668,0.703,0.584,0.649,0.673,0.724,0.451,,,,,,,,
2023-03-03,22,5.423,5.155,5.523,5.430,5.185,5.539,5.470,5.209,5.561,5.467,5.212,5.572,4.729,4.490,4.896,5.368,74.306,0.000,0.000,331.113,339.043,-1.958,0.000,0.000,321.907,0.000,7080.550,0.000,-999.000,-999.000,102.682,0.200,0.200,3.005,4.970,332.977,2.207,4.700,331.758,0.465,5.223,5.183,5.291,4.674,4.671,4.680,4.515,4.509,4.518,-999.000,-999.000,-999.000,7.888,9.233,4.750,4.690,4.825,-999.000,-999.000,-999.000,-999.000,-999.000,-999.000,5.457,5.448,5.464,1.100,0.298,0.587,-2.002,0.525,0.586,0.668,0.703,0.583,0.649,0.673,0.724,0.451,,,,,,,,
2023-03-03,23,5.505,5.362,5.634,5.505,5.345,5.628,5.546,5.399,5.676,5.541,5.367,5.669,4.880,4.739,5.053,5.458,74.245,0.000,0.000,330.525,339.150,-2.871,0.000,0.000,321.655,0.000,7117.850,0.000,-999.000,-999.000,102.671,0.200,0.200,3.456,6.840,338.098,2.594,5.680,336.944,0.466,5.126,5.062,5.180,4.685,4.674,4.703,4.566,4.515,4.594,-999.000,-999.000,-999.000,7.887,9.230,4.617,4.536,4.707,-999.000,-999.000,-999.000,-999.000,-999.000,-999.000,5.454,5.448,5.461,0.641,0.010,0.155,-2.102,0.525,0.586,0.668,0.703,0.583,0.649,0.674,0.724,0.451,,,,,,,,
2023-03-03,24,5.453,5.329,5.575,5.461,5.349,5.601,5.509,5.378,5.635,5.501,5.370,5.637,4.899,4.778,5.020,5.416,74.302,0.000,0.000,331.925,338.928,-1.421,0.000,0.000,323.268,0.000,7123.300,0.000,-999.000,-999.000,102.674,0.200,0.200,3.829,7.290,346.311,2.854,6.150,345.566,0.466,5.050,5.016,5.065,4.700,4.684,4.713,4.593,4.587,4.594,-999.000,-999.000,-999.000,7.888,9.224,4.500,4.448,4.536,-999.000,-999.000,-999.000,-999.000,-999.000,-999.000,5.447,5.434,5.461,0.294,-0.216,-0.172,-2.116,0.525,0.585,0.668,0.703,0.583,0.648,0.674,0.724,0.450,,,,,,,,
