2023-03-17,01,7.127,6.697,7.682,7.120,6.697,7.647,7.092,6.698,7.606,7.099,6.703,7.617,5.762,5.172,6.271,7.038,71.118,0.000,0.000,292.672,341.202,-44.006,0.000,0.000,281.122,0.000,7997.000,0.000,-999.000,-999.000,100.844,0.200,0.200,5.025,7.190,150.524,3.547,5.950,150.017,0.320,6.355,6.284,6.405,6.250,6.228,6.287,6.040,6.022,6.060,-999.000,-999.000,-999.000,7.518,9.028,5.171,5.018,5.328,-999.000,-999.000,-999.000,-999.000,-999.000,-999.000,6.374,6.345,6.394,-0.483,-0.170,-1.341,-11.064,0.629,0.683,0.679,0.705,0.689,0.691,0.681,0.756,0.526,,,,,,,,
2023-03-17,02,6.654,6.423,6.902,6.648,6.423,6.902,6.635,6.413,6.881,6.643,6.405,6.889,5.330,4.930,5.757,6.564,72.541,0.000,0.000,293.875,339.495,-40.967,0.000,0.000,282.435,0.000,7999.000,0.000,-999.000,-999.000,100.803,0.200,0.200,4.722,6.220,147.983,3.182,4.640,147.205,0.320,6.250,6.166,6.301,6.233,6.210,6.266,6.044,6.017,6.060,-999.000,-999.000,-999.000,7.532,9.014,4.872,4.752,5.015,-999.000,-999.000,-999.000,-999.000,-999.000,-999.000,6.371,6.345,6.382,-0.923,-0.572,-1.788,-11.992,0.629,0.683,0.679,0.705,0.689,0.691,0.681,0.756,0.526,,,,,,,,
2023-03-17,03,6.507,6.352,6.702,6.505,6.321,6.745,6.443,6.271,6.695,6.455,6.280,6.708,4.983,4.524,5.481,6.400,71.511,0.000,0.000,289.508,337.797,-43.796,0.000,0.000,277.887,0.000,7999.000,0.000,-999.000,-999.000,100.754,0.200,0.200,4.820,6.230,148.251,3.186,4.510,148.084,0.321,6.104,6.014,6.169,6.175,6.144,6.213,6.051,6.038,6.054,-999.000,-999.000,-999.000,7.516,9.005,4.557,4.397,4.746,-999.000,-999.000,-999.000,-999.000,-999.000,-999.000,6.361,6.340,6.373,-1.389,-0.981,-2.304,-13.231,0.628,0.683,0.679,0.705,0.689,0.691,0.681,0.756,0.526,,,,,,,,
2023-03-17,04,6.862,6.692,7.069,6.855,6.644,7.084,6.833,6.650,7.035,6.835,6.637,7.060,5.522,4.847,5.886,6.770,70.260,0.000,0.000,316.177,341.277,-20.163,0.000,0.000,306.895,0.000,7999.000,0.000,-999.000,-999.000,100.748,0.200,0.200,3.898,5.970,146.573,2.556,4.460,145.751,0.321,5.992,5.948,6.018,6.146,6.134,6.154,6.065,6.047,6.100,-999.000,-999.000,-999.000,7.520,9.002,4.395,4.339,4.435,-999.000,-999.000,-999.000,-999.000,-999.000,-999.000,6.376,6.360,6.406,-1.879,-1.415,-2.868,-13.045,0.627,0.682,0.679,0.705,0.689,0.691,0.681,0.756,0.526,,,,,,,,
2023-03-17,05,6.601,6.298,6.969,6.579,6.264,6.982,6.574,6.338,6.981,6.571,6.322,7.015,4.996,4.570,5.546,6.497,72.162,0.000,0.000,306.983,339.438,-27.238,0.000,0.000,296.442,0.000,7999.000,0.000,-999.000,-999.000,100.770,0.200,0.200,3.690,5.730,142.210,2.239,3.830,141.362,0.321,5.898,5.846,5.938,6.125,6.078,6.147,6.084,6.057,6.103,-999.000,-999.000,-999.000,7.532,8.999,4.388,4.313,4.432,-999.000,-999.000,-999.000,-999.000,-999.000,-999.000,6.381,6.362,6.409,-2.178,-1.738,-3.138,-11.152,0.627,0.682,0.679,0.705,0.689,0.690,0.681,0.756,0.526,,,,,,,,
2023-03-17,06,6.048,5.813,6.384,6.044,5.813,6.391,5.997,5.744,6.331,6.005,5.751,6.339,4.568,4.062,5.177,5.947,74.811,1.873,0.043,298.747,336.872,-31.530,1.655,4.730,287.712,0.000,7999.000,0.000,-999.000,-999.000,100.764,0.200,0.200,4.187,5.420,147.314,2.628,4.080,150.372,0.322,5.795,5.731,5.846,6.045,6.009,6.091,6.051,6.031,6.058,-999.000,-999.000,-999.000,7.519,9.010,4.204,4.080,4.304,-999.000,-999.000,-999.000,-999.000,-999.000,-999.000,6.365,6.330,6.403,-2.319,-1.942,-3.264,-11.513,0.626,0.681,0.679,0.705,0.689,0.690,0.681,0.756,0.526,,,,,,,,
2023-03-17,07,6.444,6.269,6.866,6.462,6.282,6.898,6.476,6.253,7.006,6.443,6.226,6.912,5.567,5.078,6.443,6.357,73.838,50.753,10.684,291.072,340.638,-9.498,38.203,78.983,279.530,3.444,7999.000,0.000,-999.000,-999.000,100.751,0.200,0.200,4.779,6.470,152.584,3.395,5.070,152.868,0.322,5.694,5.653,5.734,6.004,5.989,6.038,6.051,6.024,6.087,-999.000,-999.000,-999.000,7.517,9.008,4.117,4.080,4.211,-999.000,-999.000,-999.000,-999.000,-999.000,-999.000,6.379,6.340,6.409,-2.540,-2.168,-3.517,-11.391,0.625,0.681,0.679,0.705,0.689,0.690,0.681,0.756,0.526,,,,,,,,
2023-03-17,08,7.831,6.872,8.752,7.855,6.928,8.788,7.950,6.979,8.900,7.877,6.899,8.820,7.862,6.496,8.796,7.765,70.478,166.763,43.092,304.072,352.333,75.409,125.046,136.623,293.477,9.222,7999.000,0.000,-999.000,-999.000,100.781,0.200,0.200,4.972,6.810,156.571,3.798,5.580,156.824,0.322,5.646,5.601,5.686,5.965,5.889,6.004,6.056,6.010,6.092,-999.000,-999.000,-999.000,7.522,9.016,4.616,4.234,5.191,-999.000,-999.000,-999.000,-999.000,-999.000,-999.000,6.388,6.343,6.415,-2.653,-2.309,-3.522,-5.768,0.624,0.680,0.679,0.705,0.689,0.690,0.681,0.755,0.526,,,,,,,,
2023-03-17,09,9.716,8.778,10.703,9.742,8.808,10.716,9.863,8.930,10.880,9.771,8.830,10.760,10.179,8.779,11.614,9.659,64.523,293.206,78.550,300.160,364.517,150.298,124.461,390.681,285.932,10.000,7989.600,0.000,-999.000,-999.000,100.787,0.200,0.200,5.217,7.420,165.556,4.108,6.710,164.987,0.323,5.693,5.614,5.769,5.922,5.882,5.968,6.039,6.003,6.074,-999.000,-999.000,-999.000,7.515,9.012,5.917,5.234,6.787,-999.000,-999.000,-999.000,-999.000,-999.000,-999.000,6.392,6.344,6.420,-2.121,-2.051,-2.525,6.678,0.623,0.680,0.679,0.705,0.689,0.690,0.681,0.755,0.526,,,,,,,,
2023-03-17,10,11.180,10.537,11.584,11.191,10.559,11.604,11.294,10.680,11.770,11.226,10.570,11.650,11.775,10.936,12.599,11.149,60.776,334.493,84.679,313.070,374.063,188.821,195.579,263.282,300.168,7.944,7974.917,0.000,-999.000,-999.000,100.804,0.200,0.200,5.057,7.420,171.852,3.971,6.870,171.418,0.323,5.897,5.762,6.070,5.890,5.860,5.917,6.027,6.013,6.051,-999.000,-999.000,-999.000,7.516,9.006,7.768,6.837,8.475,-999.000,-999.000,-999.000,-999.000,-999.000,-999.000,6.397,6.371,6.418,-0.648,-1.237,-0.347,22.030,0.622,0.679,0.678,0.705,0.689,0.690,0.681,0.754,0.526,,,,,,,,
2023-03-17,11,12.610,11.391,13.440,12.620,11.399,13.439,12.702,11.490,13.440,12.664,11.470,13.430,14.078,11.924,15.078,12.582,58.664,454.880,113.610,322.393,388.803,274.861,269.986,299.198,310.165,9.556,7982.267,0.000,-999.000,-999.000,100.849,0.200,0.200,4.022,5.630,185.906,3.223,5.180,185.824,0.324,6.261,6.064,6.464,5.882,5.850,5.910,6.019,5.993,6.051,-999.000,-999.000,-999.000,7.515,9.008,9.412,8.498,10.412,-999.000,-999.000,-999.000,-999.000,-999.000,-999.000,6.407,6.380,6.428,1.628,0.087,2.785,32.212,0.621,0.679,0.679,0.705,0.688,0.689,0.681,0.753,0.526,,,,,,,,
2023-03-17,12,13.549,13.120,14.299,13.548,13.155,14.284,13.607,13.190,14.300,13.575,13.170,14.270,14.658,13.538,16.251,13.527,58.344,382.291,92.411,342.073,392.375,239.579,287.571,140.490,332.632,1.889,7969.733,0.000,-999.000,-999.000,100.838,0.200,0.200,3.435,5.250,184.086,2.797,4.610,183.031,0.324,6.749,6.497,6.989,5.900,5.869,5.923,6.009,5.980,6.037,-999.000,-999.000,-999.000,7.521,9.012,10.983,10.425,11.660,-999.000,-999.000,-999.000,-999.000,-999.000,-999.000,6.407,6.385,6.441,4.298,1.864,6.432,40.782,0.620,0.679,0.679,0.705,0.688,0.689,0.681,0.751,0.526,,,,,,,,
2023-03-17,13,14.917,14.252,15.446,14.918,14.264,15.421,14.997,14.400,15.530,14.969,14.350,15.500,16.810,15.753,17.911,14.922,55.281,457.894,112.987,340.667,405.858,279.716,309.679,225.088,329.110,1.250,7859.033,0.000,-999.000,-999.000,100.804,0.200,0.200,2.595,4.620,186.481,2.130,3.940,187.299,0.325,7.274,6.972,7.570,5.953,5.894,6.020,5.990,5.968,6.009,-999.000,-999.000,-999.000,7.523,9.009,12.717,11.706,13.627,-999.000,-999.000,-999.000,-999.000,-999.000,-999.000,6.407,6.378,6.427,6.955,3.917,9.902,48.460,0.618,0.673,0.681,0.706,0.688,0.689,0.681,0.743,0.526,,,,,,,,
2023-03-17,14,15.339,14.905,15.817,15.334,14.901,15.797,15.394,14.960,15.890,15.365,14.910,15.880,15.972,15.344,16.744,15.328,55.483,316.515,75.147,354.820,399.075,197.113,286.076,42.969,346.747,0.194,7906.983,0.000,-999.000,-999.000,100.768,0.200,0.200,2.899,4.790,179.287,2.357,4.010,178.924,0.325,7.890,7.590,8.162,6.065,6.010,6.130,5.988,5.953,6.009,-999.000,-999.000,-999.000,7.522,9.003,13.844,13.627,14.002,-999.000,-999.000,-999.000,-999.000,-999.000,-999.000,6.413,6.392,6.435,9.831,6.065,13.432,52.037,0.616,0.663,0.682,0.705,0.687,0.689,0.680,0.738,0.525,,,,,,,,
2023-03-17,15,16.041,15.728,16.442,16.018,15.712,16.502,16.007,15.780,16.270,15.988,15.730,16.260,16.475,16.087,17.011,15.966,53.225,271.503,64.998,349.155,401.342,154.318,237.273,57.698,338.832,1.167,7668.000,0.000,-999.000,-999.000,100.727,0.200,0.200,1.740,2.970,145.473,1.493,2.810,145.472,0.326,8.389,8.168,8.599,6.207,6.130,6.288,6.003,5.994,6.011,-999.000,-999.000,-999.000,7.518,8.992,14.187,13.991,14.368,-999.000,-999.000,-999.000,-999.000,-999.000,-999.000,6.428,6.417,6.437,11.979,8.124,15.816,46.947,0.615,0.660,0.682,0.705,0.687,0.689,0.681,0.737,0.525,,,,,,,,
2023-03-17,16,16.022,15.773,16.403,15.982,15.770,16.327,15.970,15.750,16.230,15.961,15.740,16.180,15.421,14.934,16.348,15.948,57.489,184.257,42.422,346.395,394.672,93.559,166.573,37.451,334.608,0.000,7644.700,0.000,-999.000,-999.000,100.674,0.200,0.200,2.385,4.000,143.095,1.795,3.420,141.800,0.326,8.804,8.616,8.945,6.360,6.288,6.461,6.011,5.984,6.045,-999.000,-999.000,-999.000,7.519,9.004,14.255,14.109,14.372,-999.000,-999.000,-999.000,-999.000,-999.000,-999.000,6.419,6.388,6.444,13.113,9.761,16.845,41.258,0.614,0.658,0.682,0.705,0.687,0.689,0.681,0.736,0.525,,,,,,,,
2023-03-17,17,15.717,15.022,16.012,15.702,15.004,16.066,15.448,14.570,15.940,15.445,14.590,15.950,13.983,12.401,15.470,15.434,61.212,93.067,19.034,344.285,386.207,32.111,80.875,38.791,331.648,0.833,7418.317,0.000,-999.000,-999.000,100.659,0.200,0.200,2.566,4.300,123.600,1.708,3.190,124.356,0.327,9.094,8.958,9.187,6.557,6.464,6.645,6.045,6.019,6.074,-999.000,-999.000,-999.000,7.519,9.014,13.837,13.391,14.099,-999.000,-999.000,-999.000,-999.000,-999.000,-999.000,6.419,6.406,6.448,13.545,10.810,16.793,32.893,0.613,0.657,0.682,0.705,0.688,0.689,0.681,0.736,0.525,,,,,,,,
2023-03-17,18,14.067,13.218,14.979,14.059,13.232,14.954,13.816,13.120,14.520,13.829,13.130,14.560,10.737,9.535,12.305,13.780,67.744,8.891,0.041,347.413,369.603,-8.263,8.372,0.000,336.298,0.000,7894.733,0.000,-999.000,-999.000,100.667,0.200,0.200,2.106,3.400,105.799,1.122,2.560,112.830,0.327,9.214,9.184,9.243,6.736,6.641,6.831,6.092,6.056,6.118,-999.000,-999.000,-999.000,7.519,9.000,12.800,12.250,13.365,-999.000,-999.000,-999.000,-999.000,-999.000,-999.000,6.421,6.398,6.446,13.160,11.091,15.674,21.093,0.612,0.657,0.682,0.704,0.688,0.690,0.681,0.735,0.525,,,,,,,,
2023-03-17,19,12.537,11.390,13.481,12.511,11.392,13.484,12.524,11.440,13.510,12.493,11.390,13.470,9.780,9.191,10.321,12.448,73.637,0.000,0.000,345.630,366.077,-14.069,0.000,0.000,334.955,0.000,7992.683,0.000,-999.000,-999.000,100.669,0.200,0.200,2.909,4.080,135.383,1.624,2.550,143.454,0.327,9.157,9.075,9.234,6.905,6.834,6.956,6.150,6.115,6.191,-999.000,-999.000,-999.000,7.523,9.005,11.704,11.227,12.211,-999.000,-999.000,-999.000,-999.000,-999.000,-999.000,6.424,6.394,6.449,11.808,10.486,13.453,10.699,0.612,0.655,0.683,0.704,0.688,0.690,0.681,0.735,0.525,,,,,,,,
2023-03-17,20,12.427,11.536,13.588,12.438,11.538,13.579,12.416,11.550,13.540,12.436,11.580,13.560,10.866,9.697,12.354,12.418,69.068,0.000,0.000,359.015,368.633,-4.006,0.000,0.000,350.518,0.000,7999.000,0.000,-999.000,-999.000,100.671,0.200,0.200,4.349,8.530,181.450,2.556,6.380,176.285,0.328,9.012,8.917,9.090,7.031,6.953,7.098,6.205,6.175,6.238,-999.000,-999.000,-999.000,7.526,9.008,10.869,10.583,11.214,-999.000,-999.000,-999.000,-999.000,-999.000,-999.000,6.415,6.384,6.440,9.988,9.289,10.954,4.523,0.611,0.653,0.683,0.704,0.688,0.690,0.681,0.735,0.524,,,,,,,,
2023-03-17,21,13.395,13.247,13.586,13.398,13.218,13.611,13.432,13.270,13.620,13.426,13.250,13.640,12.095,11.872,12.365,13.401,60.288,0.000,0.000,367.528,372.725,0.165,0.000,0.000,359.310,0.000,7998.783,0.000,-999.000,-999.000,100.712,0.200,0.200,4.754,7.420,198.747,3.252,5.660,196.609,0.328,8.854,8.803,8.914,7.146,7.104,7.195,6.287,6.224,6.325,-999.000,-999.000,-999.000,7.521,9.005,10.366,10.195,10.563,-999.000,-999.000,-999.000,-999.000,-999.000,-999.000,6.434,6.417,6.449,8.439,8.115,9.065,2.475,0.609,0.648,0.683,0.704,0.689,0.690,0.681,0.734,0.524,,,,,,,,
2023-03-17,22,12.610,12.146,13.349,12.605,12.141,13.357,12.652,12.150,13.400,12.639,12.140,13.420,11.398,10.730,11.964,12.609,65.368,0.000,0.000,365.670,370.642,1.144,0.000,0.000,357.290,0.000,7997.367,0.000,-999.000,-999.000,100.750,0.200,0.200,3.793,5.360,193.149,2.265,3.660,189.923,0.329,8.755,8.705,8.807,7.229,7.198,7.248,6.354,6.308,6.394,-999.000,-999.000,-999.000,7.524,9.012,10.053,9.938,10.178,-999.000,-999.000,-999.000,-999.000,-999.000,-999.000,6.432,6.418,6.462,7.418,7.248,7.901,1.955,0.607,0.647,0.683,0.704,0.688,0.690,0.681,0.734,0.524,,,,,,,,
2023-03-17,23,11.982,11.723,12.209,11.985,11.706,12.241,12.062,11.780,12.280,12.051,11.760,12.290,10.409,9.748,10.848,12.017,68.286,0.000,0.000,358.520,366.887,-2.048,0.000,0.000,349.533,0.000,7999.000,0.000,-999.000,-999.000,100.779,0.200,0.200,2.847,4.260,218.886,1.675,3.060,216.062,0.330,8.653,8.597,8.708,7.264,7.248,7.272,6.417,6.378,6.438,-999.000,-999.000,-999.000,7.520,8.996,9.769,9.629,9.942,-999.000,-999.000,-999.000,-999.000,-999.000,-999.000,6.435,6.417,6.459,6.699,6.588,7.088,1.352,0.606,0.646,0.684,0.704,0.688,0.690,0.681,0.734,0.524,,,,,,,,
2023-03-17,24,10.967,9.735,11.854,10.905,9.695,11.846,10.821,9.670,11.860,10.817,9.660,11.860,8.212,7.522,10.344,10.768,75.558,0.000,0.000,339.577,356.698,-10.266,0.000,0.000,328.970,0.000,7977.100,0.000,-999.000,-999.000,100.791,0.200,0.200,1.853,3.190,213.458,1.097,2.050,182.108,0.330,8.582,8.519,8.631,7.304,7.269,7.332,6.471,6.431,6.501,-999.000,-999.000,-999.000,7.525,9.004,9.407,9.186,9.627,-999.000,-999.000,-999.000,-999.000,-999.000,-999.000,6.441,6.424,6.459,6.045,6.002,6.308,-0.307,0.606,0.646,0.684,0.704,0.688,0.689,0.682,0.734,0.524,,,,,,,,
