2023-01-23,01,1.006,0.965,1.053,1.006,0.949,1.070,1.035,0.978,1.104,1.019,0.948,1.099,0.641,0.554,0.754,0.940,94.698,0.000,0.000,315.168,321.280,-1.238,0.000,0.000,308.422,0.000,7129.950,0.000,-999.000,-999.000,103.530,0.200,0.200,2.344,3.320,353.829,1.577,2.590,350.152,0.279,1.348,1.344,1.374,2.302,2.271,2.317,3.378,3.360,3.409,-999.000,-999.000,-999.000,8.971,10.169,0.333,0.321,0.370,-999.000,-999.000,-999.000,-999.000,-999.000,-999.000,5.609,5.582,5.622,-4.797,-6.627,-6.184,-6.776,0.660,0.659,0.661,0.710,0.698,0.695,0.673,0.727,0.514,,,,,,,,
2023-01-23,02,1.060,0.985,1.158,1.075,0.959,1.221,1.077,0.984,1.198,1.065,0.960,1.176,0.675,0.558,0.787,0.998,95.428,0.000,0.000,314.902,321.598,-2.142,0.000,0.000,306.923,0.000,7169.950,0.000,-999.000,-999.000,103.527,0.200,0.200,2.558,3.800,13.645,1.817,-999.000,11.822,0.280,1.362,1.344,1.400,2.310,2.281,2.330,3.379,3.367,3.400,-999.000,-999.000,-999.000,8.970,10.179,0.331,0.321,0.353,-999.000,-999.000,-999.000,-999.000,-999.000,-999.000,5.588,5.573,5.602,-4.698,-6.478,-6.020,-6.750,0.660,0.654,0.662,0.711,0.698,0.695,0.673,0.727,0.514,,,,,,,,
2023-01-23,03,1.208,1.152,1.260,1.222,1.149,1.267,1.215,1.157,1.301,1.212,1.154,1.285,0.762,0.626,0.852,1.149,95.488,0.000,0.000,318.082,322.507,0.181,0.000,0.000,310.418,0.000,6932.650,0.000,-999.000,-999.000,103.542,0.200,0.200,1.723,3.610,19.052,1.232,2.880,13.641,0.281,1.383,1.377,1.390,2.297,2.261,2.340,3.357,3.327,3.380,-999.000,-999.000,-999.000,8.953,10.172,0.335,0.321,0.370,-999.000,-999.000,-999.000,-999.000,-999.000,-999.000,5.569,5.552,5.583,-4.629,-6.338,-5.910,-6.727,0.660,0.650,0.663,0.711,0.698,0.695,0.673,0.727,0.514,,,,,,,,
2023-01-23,04,1.316,1.204,1.398,1.304,1.185,1.411,1.330,1.195,1.431,1.327,1.183,1.434,0.931,0.826,0.999,1.259,95.673,0.000,0.000,321.940,324.065,2.679,0.000,0.000,313.782,0.000,6657.683,0.000,-999.000,-999.000,103.569,0.200,0.200,1.709,2.650,16.708,1.211,2.330,8.402,0.280,1.382,1.364,1.419,2.297,2.284,2.310,3.338,3.323,3.356,-999.000,-999.000,-999.000,8.944,10.166,0.368,0.331,0.389,-999.000,-999.000,-999.000,-999.000,-999.000,-999.000,5.535,5.522,5.562,-4.534,-6.176,-5.754,-6.706,0.659,0.649,0.663,0.711,0.698,0.695,0.673,0.727,0.514,,,,,,,,
2023-01-23,05,1.351,1.306,1.421,1.324,1.254,1.398,1.372,1.308,1.431,1.370,1.305,1.429,0.898,0.777,0.980,1.295,95.963,0.000,0.000,317.655,323.408,-1.216,0.000,0.000,309.042,0.000,6397.900,0.000,-999.000,-999.000,103.580,0.200,0.200,1.983,3.030,18.520,1.353,2.480,12.097,0.280,1.426,1.396,1.449,2.305,2.291,2.320,3.341,3.320,3.363,-999.000,-999.000,-999.000,8.940,10.170,0.372,0.350,0.383,-999.000,-999.000,-999.000,-999.000,-999.000,-999.000,5.525,5.519,5.532,-4.406,-5.980,-5.538,-6.683,0.657,0.656,0.664,0.711,0.698,0.695,0.673,0.727,0.514,,,,,,,,
2023-01-23,06,1.448,1.375,1.480,1.448,1.342,1.523,1.439,1.405,1.497,1.450,1.394,1.516,0.879,0.774,0.973,1.390,95.898,0.000,0.000,318.125,323.713,-0.988,0.000,0.000,309.985,0.000,6571.600,0.000,-999.000,-999.000,103.615,0.200,0.200,1.627,3.320,37.370,1.047,2.610,34.335,0.282,1.444,1.436,1.455,2.295,2.281,2.310,3.324,3.310,3.340,-999.000,-999.000,-999.000,8.941,10.167,0.385,0.367,0.399,-999.000,-999.000,-999.000,-999.000,-999.000,-999.000,5.520,5.509,5.529,-4.284,-5.785,-5.365,-6.657,0.656,0.656,0.664,0.711,0.697,0.696,0.673,0.727,0.514,,,,,,,,
2023-01-23,07,1.479,1.427,1.539,1.466,1.411,1.562,1.486,1.429,1.658,1.494,1.415,1.643,0.949,0.757,1.209,1.423,95.692,0.000,0.000,319.638,324.378,0.596,0.000,0.000,311.153,0.000,6552.250,0.000,-999.000,-999.000,103.640,0.200,0.200,1.421,3.390,38.227,1.042,2.850,30.005,0.282,1.449,1.442,1.482,2.296,2.281,2.330,3.319,3.307,3.330,-999.000,-999.000,-999.000,8.950,10.164,0.384,0.357,0.399,-999.000,-999.000,-999.000,-999.000,-999.000,-999.000,5.506,5.486,5.519,-4.185,-5.619,-5.246,-6.632,0.653,0.653,0.664,0.710,0.698,0.696,0.673,0.728,0.514,,,,,,,,
2023-01-23,08,1.633,1.538,1.722,1.658,1.562,1.755,1.686,1.548,1.776,1.683,1.537,1.768,1.251,1.088,1.405,1.604,95.242,2.102,0.000,322.088,325.628,3.310,2.529,0.000,314.072,0.000,6596.483,0.000,-999.000,-999.000,103.689,0.200,0.200,1.828,3.740,43.494,1.240,3.650,37.632,0.282,1.507,1.452,1.527,2.309,2.281,2.327,3.306,3.294,3.320,-999.000,-999.000,-999.000,8.951,10.163,0.356,0.340,0.386,-999.000,-999.000,-999.000,-999.000,-999.000,-999.000,5.489,5.469,5.503,-4.113,-5.467,-5.126,-6.616,0.650,0.651,0.664,0.709,0.698,0.695,0.673,0.728,0.514,,,,,,,,
2023-01-23,09,2.030,1.719,2.259,2.072,1.772,2.316,2.056,1.736,2.287,2.059,1.747,2.297,1.865,1.369,2.227,1.967,94.427,33.066,2.989,317.107,328.312,19.445,33.030,0.000,309.522,0.000,6910.983,0.000,-999.000,-999.000,103.726,0.200,0.200,2.437,4.050,62.398,1.760,3.120,60.211,0.281,1.509,1.484,1.524,2.310,2.274,2.330,3.324,3.296,3.340,-999.000,-999.000,-999.000,8.951,10.161,0.348,0.340,0.363,-999.000,-999.000,-999.000,-999.000,-999.000,-999.000,5.501,5.476,5.512,-4.000,-5.311,-4.939,-6.604,0.650,0.651,0.664,0.709,0.698,0.696,0.673,0.728,0.514,,,,,,,,
2023-01-23,10,2.544,2.269,2.849,2.599,2.325,2.905,2.567,2.312,2.890,2.565,2.303,2.893,2.776,2.246,3.366,2.474,92.383,83.764,13.880,309.777,332.087,47.574,82.583,0.031,302.283,0.000,7240.567,0.000,-999.000,-999.000,103.756,0.200,0.200,3.008,4.990,61.232,2.354,4.570,60.893,0.285,1.540,1.484,1.563,2.310,2.283,2.349,3.288,3.270,3.303,-999.000,-999.000,-999.000,8.927,10.163,0.375,0.357,0.393,-999.000,-999.000,-999.000,-999.000,-999.000,-999.000,5.473,5.452,5.508,-3.711,-5.078,-4.508,-6.609,0.651,0.651,0.664,0.710,0.698,0.695,0.673,0.728,0.515,,,,,,,,
2023-01-23,11,3.170,2.783,3.429,3.229,2.863,3.481,3.143,2.868,3.428,3.134,2.860,3.408,3.940,3.258,4.552,3.043,88.853,138.014,28.142,316.138,337.192,88.819,134.073,6.379,309.525,0.167,7697.050,0.030,-999.000,-999.000,103.778,0.200,0.200,3.327,5.480,62.711,2.650,4.710,61.492,0.286,1.611,1.546,1.687,2.314,2.292,2.354,3.297,3.249,3.318,-999.000,-999.000,-999.000,8.926,10.169,0.366,0.343,0.379,-999.000,-999.000,-999.000,-999.000,-999.000,-999.000,5.462,5.434,5.480,-3.037,-4.640,-3.558,-6.595,0.653,0.653,0.664,0.710,0.698,0.695,0.673,0.728,0.516,,,,,,,,
2023-01-23,12,3.670,3.448,3.871,3.706,3.488,3.930,3.561,3.384,3.738,3.553,3.366,3.732,4.348,4.059,4.655,3.476,86.293,137.578,26.296,317.957,339.068,90.171,135.532,0.000,311.135,0.000,7789.733,0.060,-999.000,-999.000,103.789,0.200,0.200,3.805,5.570,60.299,2.918,4.770,59.670,0.283,1.717,1.664,1.781,2.325,2.308,2.338,3.289,3.278,3.311,-999.000,-999.000,-999.000,8.920,10.159,0.394,0.360,0.458,-999.000,-999.000,-999.000,-999.000,-999.000,-999.000,5.459,5.435,5.479,-1.891,-3.912,-2.058,-6.597,0.653,0.652,0.664,0.710,0.698,0.695,0.673,0.728,0.516,,,,,,,,
2023-01-23,13,4.012,3.861,4.097,4.040,3.864,4.123,3.854,3.688,3.950,3.843,3.692,3.930,4.428,4.117,4.837,3.766,84.232,125.464,23.771,318.330,338.985,81.038,123.495,0.000,311.115,0.000,7866.883,0.030,-999.000,-999.000,103.781,0.200,0.200,3.981,5.670,61.505,3.089,5.280,61.346,0.282,1.901,1.788,1.991,2.330,2.318,2.357,3.268,3.258,3.278,-999.000,-999.000,-999.000,8.910,10.162,0.623,0.467,0.994,-999.000,-999.000,-999.000,-999.000,-999.000,-999.000,5.429,5.415,5.442,-0.568,-2.979,-0.501,-6.406,0.646,0.651,0.664,0.708,0.698,0.695,0.673,0.729,0.516,,,,,,,,
2023-01-23,14,3.975,3.864,4.084,3.998,3.881,4.097,3.839,3.719,3.959,3.823,3.730,3.942,3.850,3.597,4.255,3.750,83.233,54.976,7.756,324.783,335.928,36.075,54.163,0.000,317.033,0.000,7835.533,0.030,-999.000,-999.000,103.788,0.200,0.200,3.465,5.270,43.586,2.566,4.330,44.258,0.284,2.101,1.991,2.184,2.352,2.318,2.380,3.275,3.258,3.301,-999.000,-999.000,-999.000,8.914,10.168,1.329,1.020,1.540,-999.000,-999.000,-999.000,-999.000,-999.000,-999.000,5.428,5.409,5.459,0.538,-2.067,0.653,-3.201,0.641,0.650,0.664,0.707,0.698,0.696,0.673,0.731,0.515,,,,,,,,
2023-01-23,15,3.834,3.746,3.888,3.847,3.746,3.921,3.792,3.692,3.874,3.784,3.679,3.888,3.525,3.335,3.803,3.702,83.102,30.292,2.457,325.777,333.802,20.271,30.002,0.000,317.878,0.000,7766.267,0.030,-999.000,-999.000,103.755,0.200,0.200,3.904,7.490,47.268,2.995,6.180,47.332,0.284,2.289,2.187,2.381,2.410,2.377,2.449,3.297,3.281,3.314,-999.000,-999.000,-999.000,8.908,10.176,1.700,1.537,1.835,-999.000,-999.000,-999.000,-999.000,-999.000,-999.000,5.455,5.433,5.459,1.049,-1.429,0.943,2.572,0.639,0.651,0.664,0.707,0.698,0.696,0.673,0.731,0.514,,,,,,,,
2023-01-23,16,3.441,2.816,3.819,3.437,2.797,3.816,3.223,2.535,3.752,3.221,2.545,3.760,2.634,1.535,3.696,3.151,83.848,25.257,4.264,292.697,327.183,-12.215,20.376,45.282,282.000,1.833,7842.967,0.000,-999.000,-999.000,103.744,0.200,0.200,3.350,6.320,51.268,2.323,5.770,48.587,0.284,2.413,2.378,2.470,2.467,2.443,2.512,3.295,3.246,3.318,-999.000,-999.000,-999.000,8.933,10.175,1.830,1.672,1.891,-999.000,-999.000,-999.000,-999.000,-999.000,-999.000,5.428,5.398,5.446,0.978,-1.187,0.559,3.269,0.638,0.651,0.664,0.707,0.698,0.697,0.673,0.731,0.513,,,,,,,,
2023-01-23,17,3.170,2.898,3.275,3.199,2.931,3.299,3.181,2.872,3.382,3.189,2.856,3.398,2.457,2.030,2.652,3.095,85.130,0.347,0.000,323.497,329.717,-1.393,0.524,0.000,315.180,0.000,7741.350,0.000,-999.000,-999.000,103.762,0.200,0.200,3.014,5.360,47.033,2.142,4.480,43.855,0.283,2.466,2.454,2.483,2.534,2.509,2.561,3.299,3.293,3.299,-999.000,-999.000,-999.000,8.917,10.195,1.635,1.596,1.675,-999.000,-999.000,-999.000,-999.000,-999.000,-999.000,5.418,5.402,5.422,0.478,-1.275,-0.298,-0.268,0.636,0.651,0.664,0.707,0.698,0.697,0.673,0.731,0.513,,,,,,,,
2023-01-23,18,3.292,3.226,3.367,3.319,3.253,3.371,3.292,3.159,3.560,3.286,3.147,3.532,2.581,2.406,2.813,3.196,81.493,0.000,0.000,323.605,329.478,-1.533,0.000,0.000,315.412,0.000,7690.883,0.000,-999.000,-999.000,103.792,0.200,0.200,3.126,6.140,58.949,2.205,4.580,56.627,0.282,2.465,2.450,2.480,2.581,2.552,2.594,3.300,3.299,3.309,-999.000,-999.000,-999.000,8.901,10.194,1.675,1.672,1.681,-999.000,-999.000,-999.000,-999.000,-999.000,-999.000,5.403,5.389,5.419,-0.227,-1.608,-1.223,-0.534,0.635,0.651,0.664,0.707,0.698,0.697,0.673,0.731,0.513,,,,,,,,
2023-01-23,19,3.362,3.223,3.446,3.390,3.285,3.449,3.385,3.190,3.571,3.375,3.158,3.573,2.639,2.426,2.832,3.283,79.114,0.000,0.000,323.943,329.352,-1.074,0.000,0.000,315.815,0.000,7569.767,0.000,-999.000,-999.000,103.820,0.200,0.200,3.325,5.670,63.362,2.493,5.300,63.419,0.287,2.455,2.414,2.480,2.618,2.574,2.656,3.321,3.299,3.338,-999.000,-999.000,-999.000,8.892,10.179,1.706,1.675,1.744,-999.000,-999.000,-999.000,-999.000,-999.000,-999.000,5.393,5.383,5.409,-0.753,-1.911,-1.807,-0.790,0.633,0.651,0.664,0.707,0.697,0.699,0.673,0.731,0.512,,,,,,,,
2023-01-23,20,3.380,3.361,3.449,3.389,3.371,3.449,3.343,3.245,3.505,3.334,3.231,3.521,2.643,2.518,2.842,3.237,79.310,0.000,0.000,324.140,329.335,-0.847,0.000,0.000,316.030,0.000,7580.167,0.000,-999.000,-999.000,103.836,0.200,0.200,3.339,5.830,63.888,2.508,5.330,62.959,0.289,2.472,2.434,2.490,2.649,2.636,2.666,3.336,3.319,3.355,-999.000,-999.000,-999.000,8.889,10.170,1.748,1.737,1.753,-999.000,-999.000,-999.000,-999.000,-999.000,-999.000,5.391,5.379,5.402,-1.140,-2.159,-2.228,-1.045,0.632,0.651,0.664,0.707,0.697,0.701,0.673,0.731,0.512,,,,,,,,
2023-01-23,21,3.383,3.295,3.446,3.406,3.308,3.449,3.376,3.142,3.500,3.362,3.113,3.496,2.690,2.485,2.839,3.262,78.414,0.000,0.000,323.392,328.867,-1.145,0.000,0.000,315.422,0.000,7543.833,0.000,-999.000,-999.000,103.857,0.200,0.200,4.260,7.480,66.614,3.253,6.750,65.838,0.284,2.477,2.460,2.490,2.671,2.650,2.699,3.367,3.338,3.378,-999.000,-999.000,-999.000,8.889,10.172,1.752,1.747,1.753,-999.000,-999.000,-999.000,-999.000,-999.000,-999.000,5.385,5.383,5.392,-1.447,-2.365,-2.548,-1.187,0.629,0.651,0.664,0.707,0.697,0.702,0.673,0.731,0.512,,,,,,,,
2023-01-23,22,3.274,3.144,3.370,3.290,3.164,3.371,3.218,3.043,3.361,3.207,3.050,3.352,2.575,2.384,2.763,3.118,79.134,0.000,0.000,323.017,328.510,-1.178,0.000,0.000,315.113,0.000,7725.733,0.000,-999.000,-999.000,103.865,0.200,0.200,3.685,5.810,66.950,2.762,5.430,66.185,0.284,2.491,2.470,2.503,2.710,2.689,2.751,3.377,3.358,3.378,-999.000,-999.000,-999.000,8.889,10.185,1.752,1.740,1.757,-999.000,-999.000,-999.000,-999.000,-999.000,-999.000,5.379,5.363,5.386,-1.695,-2.546,-2.818,-1.408,0.627,0.651,0.664,0.707,0.697,0.702,0.673,0.731,0.511,,,,,,,,
2023-01-23,23,3.170,3.131,3.216,3.191,3.135,3.243,3.168,3.041,3.252,3.159,3.010,3.253,2.538,2.377,2.672,3.064,78.404,0.000,0.000,322.510,328.080,-1.217,0.000,0.000,314.597,0.000,7642.883,0.000,-999.000,-999.000,103.883,0.200,0.200,4.038,6.860,69.693,3.124,6.240,69.779,0.285,2.502,2.493,2.506,2.737,2.715,2.751,3.376,3.358,3.378,-999.000,-999.000,-999.000,8.905,10.192,1.745,1.724,1.753,-999.000,-999.000,-999.000,-999.000,-999.000,-999.000,5.353,5.343,5.383,-1.908,-2.708,-3.047,-1.745,0.627,0.652,0.665,0.707,0.697,0.702,0.674,0.731,0.511,,,,,,,,
2023-01-23,24,3.090,2.993,3.177,3.108,2.994,3.213,3.054,2.856,3.210,3.044,2.827,3.222,2.430,2.207,2.590,2.952,79.223,0.000,0.000,322.225,327.773,-1.229,0.000,0.000,314.302,0.000,7515.833,0.000,-999.000,-999.000,103.883,0.200,0.200,3.845,7.850,68.383,2.831,6.190,67.473,0.285,2.501,2.490,2.503,2.749,2.741,2.751,3.377,3.371,3.378,-999.000,-999.000,-999.000,8.913,10.188,1.704,1.678,1.740,-999.000,-999.000,-999.000,-999.000,-999.000,-999.000,5.343,5.327,5.366,-2.096,-2.858,-3.253,-2.051,0.626,0.652,0.664,0.707,0.696,0.701,0.674,0.731,0.511,,,,,,,,
