2023-01-17,01,3.247,3.059,3.600,3.242,3.013,3.604,3.307,3.058,3.656,3.300,3.051,3.646,2.984,2.786,3.300,3.209,91.330,0.000,0.000,327.277,331.682,-1.214,0.031,0.000,319.957,0.000,7648.583,0.800,-999.000,-999.000,98.312,0.200,0.200,5.906,9.400,301.258,4.559,8.210,300.086,0.236,5.290,5.255,5.334,5.985,5.971,6.008,6.618,6.603,6.630,-999.000,-999.000,-999.000,9.165,10.276,3.766,3.698,3.842,-999.000,-999.000,-999.000,-999.000,-999.000,-999.000,7.751,7.733,7.769,-5.289,-5.398,-6.289,-10.009,0.659,0.648,0.667,0.711,0.690,0.696,0.678,0.729,0.510,,,,,,,,
2023-01-17,02,2.047,1.738,3.043,2.044,1.739,3.017,2.111,1.784,3.084,2.105,1.785,3.062,1.762,1.337,2.786,1.999,92.790,0.000,0.000,316.098,328.893,-9.856,0.000,0.000,305.135,0.000,7833.017,1.320,-999.000,-999.000,98.408,0.200,0.200,6.207,11.710,291.558,4.983,10.870,290.363,0.236,5.216,5.168,5.262,5.966,5.937,5.999,6.602,6.575,6.624,-999.000,-999.000,-999.000,9.166,10.257,3.547,3.375,3.698,-999.000,-999.000,-999.000,-999.000,-999.000,-999.000,7.744,7.709,7.784,-5.468,-5.672,-6.760,-10.914,0.659,0.648,0.667,0.711,0.690,0.696,0.678,0.729,0.511,,,,,,,,
2023-01-17,03,1.323,0.952,1.843,1.309,0.952,1.844,1.339,0.974,1.955,1.321,0.952,1.919,1.032,0.666,1.661,1.221,95.280,0.000,0.000,303.822,327.598,-20.495,0.031,0.000,289.270,0.000,7683.033,0.380,-999.000,-999.000,98.501,0.200,0.200,4.991,9.640,245.135,3.904,8.680,243.857,0.237,5.141,5.085,5.180,5.936,5.912,5.965,6.596,6.567,6.620,-999.000,-999.000,-999.000,9.168,10.246,3.100,2.822,3.352,-999.000,-999.000,-999.000,-999.000,-999.000,-999.000,7.740,7.708,7.783,-5.886,-6.004,-7.446,-13.839,0.659,0.648,0.667,0.711,0.690,0.696,0.678,0.729,0.511,,,,,,,,
2023-01-17,04,0.793,0.588,1.119,0.813,0.654,1.116,0.838,0.632,1.145,0.842,0.658,1.117,0.351,0.080,0.993,0.748,94.650,0.000,0.000,281.355,326.253,-41.693,0.000,0.000,272.437,0.000,7894.533,0.000,-999.000,-999.000,98.537,0.200,0.200,4.108,6.650,241.233,3.127,6.080,240.128,0.241,5.017,4.951,5.091,5.904,5.887,5.926,6.573,6.545,6.609,-999.000,-999.000,-999.000,9.171,10.260,2.589,2.259,2.829,-999.000,-999.000,-999.000,-999.000,-999.000,-999.000,7.733,7.708,7.772,-6.640,-6.449,-8.196,-16.910,0.659,0.648,0.667,0.711,0.690,0.696,0.678,0.729,0.511,,,,,,,,
2023-01-17,05,0.998,0.834,1.126,1.013,0.858,1.133,1.017,0.829,1.128,1.005,0.796,1.108,0.477,0.198,0.672,0.902,94.300,0.000,0.000,289.142,328.240,-35.411,0.000,0.000,264.500,0.000,7765.700,0.000,-999.000,-999.000,98.582,0.200,0.200,4.186,6.200,233.853,3.123,5.690,232.929,0.244,4.868,4.764,4.961,5.879,5.842,5.904,6.561,6.534,6.586,-999.000,-999.000,-999.000,9.152,10.226,2.070,1.876,2.259,-999.000,-999.000,-999.000,-999.000,-999.000,-999.000,7.718,7.710,7.730,-7.509,-6.931,-8.897,-19.887,0.659,0.649,0.667,0.711,0.690,0.696,0.678,0.729,0.511,,,,,,,,
2023-01-17,06,0.907,0.745,1.054,0.914,0.756,1.087,0.929,0.771,1.091,0.903,0.739,1.075,0.326,0.037,0.594,0.819,94.828,0.000,0.000,272.932,328.080,-51.539,0.000,0.000,248.838,0.000,7614.067,0.000,-999.000,-999.000,98.599,0.200,0.200,4.374,6.380,218.817,3.345,5.230,216.796,0.244,4.678,4.584,4.781,5.828,5.796,5.842,6.535,6.530,6.550,-999.000,-999.000,-999.000,9.150,10.226,1.762,1.562,1.886,-999.000,-999.000,-999.000,-999.000,-999.000,-999.000,7.713,7.710,7.727,-8.267,-7.436,-9.505,-20.383,0.659,0.648,0.667,0.711,0.690,0.696,0.678,0.729,0.511,,,,,,,,
2023-01-17,07,0.831,0.673,0.962,0.856,0.713,0.985,0.876,0.672,1.050,0.867,0.680,1.055,0.276,0.004,0.538,0.755,94.355,0.000,0.000,276.313,327.640,-47.690,0.000,0.000,267.778,0.000,7652.117,0.060,-999.000,-999.000,98.640,0.200,0.200,4.198,6.100,221.904,3.134,5.020,220.112,0.243,4.476,4.391,4.568,5.767,5.751,5.813,6.535,6.514,6.550,-999.000,-999.000,-999.000,9.144,10.264,1.373,1.280,1.559,-999.000,-999.000,-999.000,-999.000,-999.000,-999.000,7.713,7.694,7.730,-8.854,-7.885,-9.943,-22.060,0.658,0.648,0.667,0.711,0.690,0.697,0.678,0.729,0.511,,,,,,,,
2023-01-17,08,0.829,0.313,1.060,0.866,0.300,1.149,0.935,0.393,1.189,0.923,0.359,1.197,-0.054,-0.837,0.561,0.839,91.753,4.901,0.060,264.997,332.220,-58.736,4.809,1.787,255.123,0.000,7597.317,0.000,-999.000,-999.000,98.675,0.200,0.200,2.502,5.770,232.313,1.907,4.990,223.230,0.242,4.285,4.168,4.394,5.690,5.629,5.754,6.493,6.461,6.534,-999.000,-999.000,-999.000,9.141,10.246,1.227,1.182,1.277,-999.000,-999.000,-999.000,-999.000,-999.000,-999.000,7.691,7.671,7.708,-9.370,-8.292,-10.411,-20.723,0.658,0.648,0.667,0.711,0.690,0.697,0.678,0.729,0.510,,,,,,,,
2023-01-17,09,0.629,0.204,1.076,0.645,0.176,1.162,0.708,0.278,1.199,0.686,0.235,1.229,1.281,-0.621,3.679,0.590,93.308,82.463,24.836,250.722,332.835,-24.486,56.610,201.533,236.793,7.333,7570.800,0.000,-999.000,-999.000,98.705,0.200,0.200,3.594,5.370,203.178,2.668,4.810,199.956,0.242,4.097,4.002,4.178,5.597,5.562,5.636,6.464,6.438,6.475,-999.000,-999.000,-999.000,9.165,10.257,1.158,1.109,1.185,-999.000,-999.000,-999.000,-999.000,-999.000,-999.000,7.674,7.655,7.699,-9.627,-8.637,-10.758,-19.461,0.658,0.648,0.667,0.711,0.690,0.697,0.677,0.729,0.510,,,,,,,,
2023-01-17,10,1.254,1.033,1.597,1.310,1.106,1.640,1.383,1.143,1.738,1.386,1.150,1.725,2.064,1.352,3.643,1.147,91.115,143.778,41.254,249.448,327.063,24.908,85.385,287.280,235.182,9.305,7798.517,0.050,-999.000,-999.000,98.755,0.200,0.200,3.859,5.890,227.127,3.022,5.020,225.505,0.243,3.950,3.871,4.015,5.516,5.476,5.575,6.435,6.390,6.464,-999.000,-999.000,-999.000,9.159,10.239,1.401,1.122,1.822,-999.000,-999.000,-999.000,-999.000,-999.000,-999.000,7.668,7.641,7.700,-9.752,-8.893,-10.919,-17.274,0.658,0.648,0.667,0.710,0.690,0.697,0.677,0.729,0.510,,,,,,,,
2023-01-17,11,1.441,1.266,1.797,1.459,1.273,1.771,1.510,1.322,1.866,1.509,1.296,1.846,1.540,1.153,2.040,1.347,89.170,114.007,23.497,255.687,323.647,22.550,106.574,23.149,243.188,0.000,7705.617,0.000,-999.000,-999.000,98.789,0.200,0.200,3.262,4.620,222.275,2.478,3.890,220.803,0.243,3.871,3.839,3.918,5.427,5.382,5.486,6.386,6.361,6.442,-999.000,-999.000,-999.000,9.168,10.249,1.939,1.861,2.088,-999.000,-999.000,-999.000,-999.000,-999.000,-999.000,7.649,7.624,7.690,-9.505,-8.982,-10.438,-11.296,0.659,0.648,0.666,0.710,0.691,0.698,0.677,0.729,0.510,,,,,,,,
2023-01-17,12,2.668,1.797,3.282,2.713,1.758,3.368,2.840,1.852,3.715,2.847,1.843,3.719,3.773,2.027,4.855,2.509,83.241,241.831,66.290,255.462,334.685,96.318,123.643,367.936,240.808,7.083,7832.983,0.000,-999.000,-999.000,98.797,0.200,0.200,3.086,5.100,227.730,2.589,4.280,227.032,0.242,3.870,3.837,3.918,5.343,5.301,5.385,6.351,6.315,6.384,-999.000,-999.000,-999.000,9.171,10.251,2.737,2.104,3.442,-999.000,-999.000,-999.000,-999.000,-999.000,-999.000,7.643,7.620,7.688,-8.942,-8.887,-9.680,-5.379,0.659,0.648,0.666,0.710,0.691,0.697,0.677,0.729,0.510,,,,,,,,
2023-01-17,13,3.674,3.105,4.208,3.766,3.217,4.281,3.949,3.370,4.482,3.913,3.312,4.451,4.873,3.940,5.429,3.371,75.194,257.458,76.712,248.027,339.193,89.579,54.111,668.556,228.478,9.861,7814.383,0.000,-999.000,-999.000,98.794,0.200,0.200,2.520,4.160,232.190,2.132,3.890,230.979,0.243,3.982,3.877,4.084,5.288,5.244,5.333,6.322,6.283,6.367,-999.000,-999.000,-999.000,9.171,10.247,3.988,3.449,4.455,-999.000,-999.000,-999.000,-999.000,-999.000,-999.000,7.643,7.622,7.660,-7.635,-8.543,-8.341,4.185,0.659,0.648,0.666,0.710,0.690,0.697,0.677,0.729,0.510,,,,,,,,
2023-01-17,14,4.167,4.035,4.339,4.228,4.091,4.421,4.324,4.115,4.550,4.354,4.200,4.576,4.868,4.389,5.357,3.975,67.910,222.337,70.441,248.955,337.237,63.614,38.391,715.597,229.152,10.000,7949.367,0.000,-999.000,-999.000,98.791,0.200,0.200,3.242,5.100,224.921,2.664,4.470,224.050,0.241,4.208,4.073,4.346,5.230,5.211,5.262,6.273,6.237,6.302,-999.000,-999.000,-999.000,9.175,10.251,4.743,4.471,4.864,-999.000,-999.000,-999.000,-999.000,-999.000,-999.000,7.632,7.594,7.656,-5.771,-7.955,-7.121,8.025,0.659,0.648,0.666,0.710,0.690,0.697,0.677,0.729,0.510,,,,,,,,
2023-01-17,15,3.712,2.994,4.246,3.740,3.000,4.259,3.839,3.006,4.413,3.812,3.019,4.410,3.347,1.936,4.507,3.509,66.387,117.336,40.275,247.210,328.010,-3.739,29.631,481.517,229.585,10.000,7964.367,0.000,-999.000,-999.000,98.808,0.200,0.200,2.866,4.860,235.659,2.108,3.820,232.174,0.242,4.465,4.342,4.579,5.201,5.162,5.226,6.238,6.189,6.278,-999.000,-999.000,-999.000,9.177,10.255,4.580,4.214,4.800,-999.000,-999.000,-999.000,-999.000,-999.000,-999.000,7.624,7.582,7.657,-4.278,-7.366,-6.419,4.474,0.659,0.648,0.665,0.710,0.690,0.697,0.677,0.729,0.510,,,,,,,,
2023-01-17,16,2.300,1.597,3.118,2.296,1.561,3.151,2.305,1.625,3.170,2.322,1.583,3.204,0.862,-0.895,2.371,2.160,71.702,28.527,8.858,246.205,317.227,-49.831,11.777,161.743,229.697,5.889,7414.400,0.000,-999.000,-999.000,98.806,0.200,0.200,2.305,3.370,225.418,1.388,2.500,222.175,0.243,4.608,4.566,4.665,5.199,5.168,5.226,6.196,6.168,6.241,-999.000,-999.000,-999.000,9.177,10.255,3.674,3.099,4.195,-999.000,-999.000,-999.000,-999.000,-999.000,-999.000,7.612,7.580,7.661,-3.943,-6.949,-6.453,-5.750,0.660,0.648,0.665,0.710,0.691,0.697,0.676,0.729,0.510,,,,,,,,
2023-01-17,17,0.657,-0.415,1.738,0.632,-0.424,1.821,0.737,-0.346,1.813,0.701,-0.400,1.881,-1.950,-2.961,-0.781,0.651,77.737,0.063,0.000,244.177,307.287,-57.795,0.000,0.000,228.565,0.000,6944.450,0.000,-999.000,-999.000,98.802,0.200,0.200,2.314,3.090,212.874,1.409,3.320,209.294,0.242,4.572,4.467,4.663,5.218,5.187,5.252,6.162,6.120,6.186,-999.000,-999.000,-999.000,9.178,10.254,2.462,1.873,3.050,-999.000,-999.000,-999.000,-999.000,-999.000,-999.000,7.601,7.577,7.630,-4.784,-6.885,-7.442,-16.338,0.660,0.648,0.665,0.710,0.691,0.697,0.676,0.729,0.510,,,,,,,,
2023-01-17,18,-0.816,-1.708,0.024,-0.819,-1.739,0.140,-0.712,-1.688,0.278,-0.750,-1.713,0.298,-3.475,-4.049,-2.974,-0.821,82.168,0.000,0.000,240.845,301.205,-55.693,0.000,0.000,225.772,0.000,6887.483,0.000,-999.000,-999.000,98.837,0.200,0.200,2.612,3.340,208.077,1.355,3.150,203.927,0.243,4.374,4.220,4.507,5.219,5.178,5.245,6.131,6.104,6.166,-999.000,-999.000,-999.000,9.174,10.253,1.607,1.465,1.864,-999.000,-999.000,-999.000,-999.000,-999.000,-999.000,7.585,7.538,7.621,-6.122,-7.249,-9.116,-20.556,0.659,0.648,0.665,0.710,0.691,0.698,0.677,0.729,0.509,,,,,,,,
2023-01-17,19,-1.098,-1.458,-0.603,-1.060,-1.402,-0.562,-1.020,-1.375,-0.403,-1.006,-1.374,-0.428,-3.968,-4.275,-3.274,-1.091,83.430,0.000,0.000,240.682,298.530,-53.559,0.000,0.000,226.127,0.000,6810.933,0.000,-999.000,-999.000,98.906,0.200,0.200,2.461,3.460,216.085,1.315,-999.000,212.923,0.243,4.133,4.011,4.277,5.205,5.168,5.240,6.098,6.070,6.139,-999.000,-999.000,-999.000,9.183,10.262,1.353,1.265,1.471,-999.000,-999.000,-999.000,-999.000,-999.000,-999.000,7.571,7.544,7.606,-7.579,-7.969,-10.959,-19.604,0.659,0.648,0.665,0.710,0.691,0.697,0.677,0.729,0.509,,,,,,,,
2023-01-17,20,-0.668,-0.931,-0.399,-0.658,-0.936,-0.388,-0.645,-0.929,-0.315,-0.636,-0.908,-0.305,-4.288,-4.517,-3.948,-0.702,82.692,0.000,0.000,239.895,296.917,-52.562,0.000,0.000,224.962,0.000,6433.933,0.000,-999.000,-999.000,98.950,0.200,0.200,2.300,2.950,233.396,1.337,1.840,230.702,0.243,3.894,3.807,3.991,5.171,5.155,5.182,6.063,6.044,6.087,-999.000,-999.000,-999.000,9.177,10.263,1.205,1.128,1.278,-999.000,-999.000,-999.000,-999.000,-999.000,-999.000,7.552,7.541,7.561,-8.969,-8.867,-12.575,-18.678,0.659,0.648,0.665,0.710,0.691,0.697,0.677,0.729,0.509,,,,,,,,
2023-01-17,21,-0.702,-1.180,-0.429,-0.695,-1.169,-0.388,-0.648,-1.018,-0.386,-0.682,-1.090,-0.445,-4.323,-4.707,-3.667,-0.778,81.587,0.000,0.000,238.330,296.582,-53.819,0.000,0.000,223.332,0.000,6289.850,0.000,-999.000,-999.000,98.973,0.200,0.200,2.476,3.420,231.574,1.626,2.930,221.875,0.243,3.708,3.627,3.811,5.115,5.093,5.155,6.061,6.044,6.071,-999.000,-999.000,-999.000,9.173,10.269,1.096,1.052,1.137,-999.000,-999.000,-999.000,-999.000,-999.000,-999.000,7.549,7.518,7.561,-10.161,-9.729,-13.809,-17.843,0.659,0.648,0.665,0.710,0.691,0.697,0.677,0.729,0.509,,,,,,,,
2023-01-17,22,-1.417,-2.020,-1.121,-1.388,-2.012,-1.081,-1.298,-1.930,-0.876,-1.299,-2.059,-0.926,-4.207,-5.025,-3.739,-1.405,83.905,0.000,0.000,236.933,297.450,-56.148,0.000,0.000,222.245,0.000,6733.767,0.000,-999.000,-999.000,98.988,0.200,0.200,2.867,3.500,229.072,1.866,4.340,222.819,0.244,3.552,3.473,3.627,5.059,5.031,5.100,6.047,6.026,6.078,-999.000,-999.000,-999.000,9.179,10.248,1.026,0.987,1.069,-999.000,-999.000,-999.000,-999.000,-999.000,-999.000,7.534,7.518,7.559,-11.091,-10.458,-14.686,-17.103,0.659,0.647,0.665,0.710,0.691,0.698,0.677,0.729,0.508,,,,,,,,
2023-01-17,23,-1.482,-1.931,-1.219,-1.487,-1.953,-1.228,-1.430,-1.957,-1.150,-1.423,-1.960,-1.094,-4.529,-5.153,-3.955,-1.499,84.405,0.000,0.000,236.285,294.155,-53.243,0.000,0.000,222.037,0.000,6754.917,0.000,-999.000,-999.000,98.995,0.200,0.200,2.133,3.120,242.647,1.135,3.080,224.595,0.244,3.407,3.348,3.473,4.996,4.953,5.038,6.014,5.986,6.029,-999.000,-999.000,-999.000,9.169,10.235,0.940,0.911,0.990,-999.000,-999.000,-999.000,-999.000,-999.000,-999.000,7.528,7.519,7.543,-11.707,-11.007,-15.225,-16.487,0.659,0.647,0.665,0.710,0.691,0.698,0.676,0.729,0.507,,,,,,,,
2023-01-17,24,-1.578,-2.557,-0.455,-1.594,-2.556,-0.408,-1.543,-2.507,-0.343,-1.568,-2.595,-0.298,-3.884,-5.584,-2.155,-1.610,86.046,0.000,0.000,237.082,298.585,-56.979,0.000,0.000,222.373,0.000,6957.183,0.000,-999.000,-999.000,99.023,0.200,0.200,2.601,4.380,218.370,1.575,3.240,206.661,0.244,3.284,3.207,3.365,4.911,4.880,4.943,5.982,5.946,6.006,-999.000,-999.000,-999.000,9.168,10.241,0.915,0.908,0.928,-999.000,-999.000,-999.000,-999.000,-999.000,-999.000,7.524,7.492,7.543,-12.008,-11.407,-15.535,-15.940,0.658,0.647,0.665,0.710,0.691,0.698,0.676,0.729,0.507,,,,,,,,
