2023-12-02,01,-2.066,-2.136,-1.981,-2.062,-2.161,-1.960,-2.037,-2.141,-1.954,-2.034,-2.149,-1.968,-1.855,-2.100,-1.595,-2.141,87.235,0.000,0.000,291.635,304.918,-6.699,0.000,0.000,287.402,0.000,6420.833,0.000,-999.000,-999.000,101.049,0.200,0.200,0.758,1.710,87.646,0.632,1.590,86.071,0.307,3.137,3.111,3.171,4.531,4.499,4.572,5.691,5.669,5.715,-999.000,-999.000,-999.000,11.750,12.659,0.300,0.281,0.314,-999.000,-999.000,-999.000,-999.000,-999.000,-999.000,7.370,7.332,7.405,-10.933,-9.448,-11.848,-11.615,0.681,0.681,0.681,0.738,0.691,0.694,0.676,0.737,0.573,,,,,,,,
2023-12-02,02,-2.105,-2.179,-2.037,-2.108,-2.191,-2.029,-2.062,-2.179,-2.010,-2.071,-2.171,-2.008,-1.870,-2.126,-1.513,-2.187,88.222,0.000,0.000,291.813,304.640,-5.187,0.000,0.000,289.005,0.000,6335.100,0.000,-999.000,-999.000,101.046,0.200,0.200,0.847,1.450,55.147,0.652,1.260,63.108,0.308,3.096,3.065,3.125,4.498,4.479,4.512,5.669,5.646,5.689,-999.000,-999.000,-999.000,11.744,12.657,0.295,0.278,0.314,-999.000,-999.000,-999.000,-999.000,-999.000,-999.000,7.356,7.322,7.382,-10.863,-9.446,-11.750,-11.432,0.681,0.681,0.681,0.738,0.691,0.694,0.676,0.737,0.573,,,,,,,,
2023-12-02,03,-2.122,-2.209,-2.063,-2.119,-2.217,-2.052,-2.112,-2.183,-2.018,-2.115,-2.189,-2.001,-1.925,-2.192,-1.404,-2.214,88.965,0.000,0.000,288.653,304.615,-9.022,0.000,0.000,285.863,0.000,6339.983,0.000,-999.000,-999.000,101.074,0.200,0.200,1.223,2.420,104.096,0.967,2.230,107.574,0.308,3.069,3.042,3.092,4.464,4.420,4.496,5.645,5.609,5.672,-999.000,-999.000,-999.000,11.738,12.654,0.287,0.271,0.311,-999.000,-999.000,-999.000,-999.000,-999.000,-999.000,7.336,7.289,7.372,-10.800,-9.419,-11.658,-11.271,0.681,0.681,0.680,0.737,0.691,0.694,0.676,0.737,0.573,,,,,,,,
2023-12-02,04,-2.187,-2.252,-2.103,-2.184,-2.254,-2.112,-2.161,-2.235,-2.065,-2.167,-2.226,-2.070,-1.819,-2.143,-1.374,-2.259,89.130,0.000,0.000,289.535,304.537,-7.969,0.000,0.000,287.653,0.000,6395.733,0.000,-999.000,-999.000,101.080,0.200,0.200,0.734,1.890,93.192,0.603,1.760,92.551,0.308,3.043,3.002,3.069,4.431,4.397,4.450,5.610,5.582,5.639,-999.000,-999.000,-999.000,11.725,12.643,0.287,0.275,0.301,-999.000,-999.000,-999.000,-999.000,-999.000,-999.000,7.315,7.285,7.352,-10.740,-9.375,-11.574,-11.141,0.681,0.681,0.680,0.737,0.691,0.694,0.676,0.737,0.573,,,,,,,,
2023-12-02,05,-2.061,-2.182,-1.968,-2.056,-2.165,-1.960,-2.009,-2.118,-1.936,-2.005,-2.130,-1.919,-1.869,-1.998,-1.694,-2.113,88.975,0.000,0.000,292.430,305.815,-6.616,0.000,0.000,290.998,0.000,6363.850,0.000,-999.000,-999.000,101.102,0.200,0.200,1.834,3.120,147.483,1.371,2.890,148.549,0.308,2.994,2.959,3.029,4.397,4.360,4.423,5.596,5.569,5.619,-999.000,-999.000,-999.000,11.726,12.645,0.284,0.265,0.304,-999.000,-999.000,-999.000,-999.000,-999.000,-999.000,7.302,7.262,7.335,-10.694,-9.326,-11.516,-10.990,0.680,0.681,0.681,0.737,0.691,0.694,0.676,0.737,0.574,,,,,,,,
2023-12-02,06,-2.036,-2.093,-1.991,-2.035,-2.092,-1.976,-1.979,-2.028,-1.950,-1.981,-2.033,-1.928,-1.993,-2.133,-1.889,-2.087,88.983,0.000,0.000,288.505,305.532,-10.920,0.000,0.000,286.935,0.000,6327.000,0.000,-999.000,-999.000,101.144,0.200,0.200,2.026,3.420,174.648,1.573,2.850,174.537,0.309,2.959,2.940,2.983,4.361,4.331,4.384,5.573,5.543,5.609,-999.000,-999.000,-999.000,11.720,12.642,0.281,0.265,0.308,-999.000,-999.000,-999.000,-999.000,-999.000,-999.000,7.288,7.236,7.329,-10.658,-9.272,-11.440,-10.904,0.680,0.681,0.681,0.737,0.691,0.694,0.676,0.737,0.574,,,,,,,,
2023-12-02,07,-2.455,-2.998,-1.971,-2.454,-2.994,-1.970,-2.408,-2.933,-1.950,-2.414,-2.947,-1.924,-2.801,-3.740,-1.958,-2.490,89.632,0.000,0.000,257.007,300.613,-38.754,0.000,0.000,255.590,0.000,6179.700,0.000,-999.000,-999.000,101.178,0.200,0.200,2.373,3.250,195.327,1.571,2.660,194.498,0.309,2.933,2.887,2.966,4.331,4.291,4.357,5.541,5.507,5.569,-999.000,-999.000,-999.000,11.717,12.641,0.267,0.235,0.294,-999.000,-999.000,-999.000,-999.000,-999.000,-999.000,7.264,7.231,7.309,-10.650,-9.210,-11.389,-10.853,0.681,0.681,0.680,0.737,0.691,0.694,0.676,0.737,0.574,,,,,,,,
2023-12-02,08,-2.605,-2.877,-2.345,-2.606,-2.882,-2.344,-2.583,-2.828,-2.355,-2.581,-2.835,-2.372,-2.999,-3.595,-2.348,-2.649,90.947,8.660,0.028,268.108,300.687,-19.991,8.346,1.431,267.137,0.000,5943.117,0.000,-999.000,-999.000,101.254,0.200,0.200,2.045,3.180,197.171,1.291,2.290,191.644,0.310,2.877,2.848,2.917,4.285,4.256,4.318,5.506,5.471,5.525,-999.000,-999.000,-999.000,11.725,12.657,0.251,0.232,0.275,-999.000,-999.000,-999.000,-999.000,-999.000,-999.000,7.239,7.194,7.291,-10.665,-9.137,-11.417,-10.834,0.680,0.681,0.680,0.737,0.691,0.694,0.676,0.737,0.574,,,,,,,,
2023-12-02,09,-1.908,-2.388,-1.551,-1.893,-2.400,-1.537,-1.854,-2.364,-1.485,-1.857,-2.371,-1.481,-1.789,-2.391,-1.443,-1.981,89.292,81.300,17.400,261.473,306.458,18.915,68.973,69.297,261.037,2.806,6292.900,0.000,-999.000,-999.000,101.313,0.200,0.200,2.233,4.030,213.008,1.770,3.560,211.334,0.310,2.837,2.797,2.881,4.260,4.227,4.285,5.489,5.451,5.518,-999.000,-999.000,-999.000,11.717,12.644,0.309,0.258,0.344,-999.000,-999.000,-999.000,-999.000,-999.000,-999.000,7.224,7.171,7.266,-10.710,-9.077,-11.558,-10.446,0.680,0.681,0.680,0.737,0.691,0.694,0.676,0.736,0.574,,,,,,,,
2023-12-02,10,-1.450,-1.623,-1.201,-1.443,-1.619,-1.229,-1.381,-1.553,-1.109,-1.390,-1.553,-1.121,-1.314,-1.506,-0.737,-1.540,88.183,105.164,19.175,245.377,308.875,22.491,97.737,12.681,245.052,0.611,6202.200,0.000,-999.000,-999.000,101.364,0.200,0.200,2.721,4.550,240.301,2.315,4.700,239.715,0.310,2.802,2.780,2.830,4.230,4.196,4.266,5.471,5.441,5.494,-999.000,-999.000,-999.000,11.704,12.642,0.365,0.347,0.396,-999.000,-999.000,-999.000,-999.000,-999.000,-999.000,7.210,7.153,7.253,-10.680,-9.035,-11.451,-9.971,0.680,0.681,0.680,0.736,0.692,0.694,0.676,0.736,0.575,,,,,,,,
2023-12-02,11,-0.805,-1.210,-0.286,-0.766,-1.295,-0.245,-0.677,-1.129,-0.083,-0.712,-1.132,-0.116,-0.194,-0.796,0.391,-1.009,86.907,206.354,52.374,236.970,314.120,76.830,130.635,212.676,236.435,8.833,6122.517,0.000,-999.000,-999.000,101.395,0.200,0.200,2.705,4.540,238.246,2.283,3.850,237.592,0.311,2.767,2.737,2.814,4.194,4.154,4.242,5.442,5.406,5.477,-999.000,-999.000,-999.000,11.700,12.635,0.502,0.400,0.660,-999.000,-999.000,-999.000,-999.000,-999.000,-999.000,7.192,7.136,7.243,-10.534,-8.956,-11.028,-9.410,0.680,0.681,0.680,0.736,0.692,0.694,0.676,0.736,0.575,,,,,,,,
2023-12-02,12,0.061,-0.325,0.598,0.057,-0.301,0.639,0.128,-0.244,0.745,0.090,-0.310,0.659,1.116,0.245,2.452,-0.202,85.722,247.953,65.296,256.442,321.783,117.316,172.215,216.234,256.123,3.083,6362.333,0.000,-999.000,-999.000,101.391,0.200,0.200,2.769,4.480,244.572,2.373,4.220,245.489,0.311,2.764,2.735,2.797,4.169,4.135,4.217,5.418,5.386,5.457,-999.000,-999.000,-999.000,11.703,12.637,0.808,0.617,1.064,-999.000,-999.000,-999.000,-999.000,-999.000,-999.000,7.177,7.128,7.239,-10.275,-8.830,-10.381,-7.182,0.680,0.680,0.680,0.735,0.692,0.695,0.676,0.736,0.577,,,,,,,,
2023-12-02,13,0.628,0.384,0.865,0.624,0.348,0.873,0.660,0.442,0.900,0.634,0.387,0.873,1.660,1.352,2.696,0.488,86.058,140.105,29.494,295.425,324.210,81.826,135.158,9.470,294.560,0.000,6273.417,0.000,-999.000,-999.000,101.431,0.200,0.200,3.185,5.250,249.470,2.673,4.520,249.167,0.312,2.791,2.760,2.831,4.144,4.102,4.178,5.399,5.365,5.437,-999.000,-999.000,-999.000,11.697,12.636,1.064,0.943,1.196,-999.000,-999.000,-999.000,-999.000,-999.000,-999.000,7.167,7.114,7.234,-9.776,-8.661,-9.312,-4.251,0.680,0.680,0.680,0.733,0.692,0.695,0.676,0.735,0.580,,,,,,,,
2023-12-02,14,0.943,0.721,1.147,0.942,0.705,1.138,0.996,0.734,1.228,0.981,0.692,1.187,1.356,0.994,1.904,0.850,85.143,95.053,17.900,289.425,322.483,44.095,91.307,12.276,288.238,0.139,5639.417,0.000,-999.000,-999.000,101.446,0.200,0.200,2.720,4.440,243.974,2.230,4.200,243.438,0.312,2.854,2.785,2.902,4.122,4.079,4.181,5.370,5.338,5.427,-999.000,-999.000,-999.000,11.695,12.643,0.879,0.782,0.953,-999.000,-999.000,-999.000,-999.000,-999.000,-999.000,7.144,7.074,7.206,-8.774,-8.430,-7.792,-7.455,0.680,0.680,0.680,0.732,0.692,0.695,0.675,0.734,0.580,,,,,,,,
2023-12-02,15,1.060,0.986,1.124,1.066,0.983,1.131,1.106,1.030,1.171,1.099,1.011,1.154,0.845,0.592,1.175,0.986,86.265,38.354,4.140,299.090,320.003,13.622,36.113,10.865,297.272,0.028,5461.617,0.000,-999.000,-999.000,101.478,0.200,0.200,2.366,4.270,230.874,1.968,3.910,232.030,0.312,2.923,2.869,2.965,4.105,4.073,4.132,5.359,5.326,5.389,-999.000,-999.000,-999.000,11.690,12.639,0.714,0.647,0.792,-999.000,-999.000,-999.000,-999.000,-999.000,-999.000,7.139,7.086,7.183,-7.695,-8.121,-6.598,-9.203,0.680,0.680,0.680,0.731,0.692,0.695,0.675,0.734,0.581,,,,,,,,
2023-12-02,16,0.978,0.741,1.128,0.985,0.752,1.102,1.005,0.814,1.102,0.995,0.794,1.092,0.203,-0.196,0.694,0.922,88.492,3.450,0.000,294.585,316.263,-12.237,3.274,0.000,293.050,0.000,5692.100,0.000,-999.000,-999.000,101.546,0.200,0.200,2.018,3.920,222.102,1.492,3.520,217.864,0.313,2.995,2.935,3.035,4.108,4.064,4.131,5.339,5.295,5.391,-999.000,-999.000,-999.000,11.684,12.632,0.577,0.508,0.670,-999.000,-999.000,-999.000,-999.000,-999.000,-999.000,7.130,7.078,7.164,-6.967,-7.761,-6.058,-10.533,0.680,0.680,0.680,0.731,0.692,0.695,0.675,0.734,0.581,,,,,,,,
2023-12-02,17,0.894,0.603,1.191,0.899,0.590,1.211,0.924,0.599,1.233,0.914,0.611,1.210,-0.027,-0.288,0.276,0.837,90.690,0.006,0.000,290.690,315.212,-18.703,0.000,0.000,288.340,0.000,5770.250,0.000,-999.000,-999.000,101.598,0.200,0.200,3.341,6.240,212.707,2.555,5.320,209.040,0.313,3.023,2.996,3.043,4.090,4.068,4.121,5.301,5.280,5.329,-999.000,-999.000,-999.000,11.690,12.640,0.473,0.436,0.545,-999.000,-999.000,-999.000,-999.000,-999.000,-999.000,7.099,7.051,7.150,-6.734,-7.427,-6.087,-11.272,0.680,0.680,0.680,0.731,0.692,0.695,0.675,0.734,0.581,,,,,,,,
2023-12-02,18,0.922,0.507,1.184,0.930,0.518,1.218,0.944,0.522,1.239,0.930,0.478,1.246,-0.005,-0.384,0.279,0.867,90.768,0.000,0.000,287.523,315.858,-23.019,0.000,0.000,284.832,0.000,5676.433,0.000,-999.000,-999.000,101.648,0.200,0.200,3.507,5.520,211.091,2.642,4.750,209.295,0.314,3.034,3.006,3.059,4.092,4.075,4.112,5.279,5.256,5.306,-999.000,-999.000,-999.000,11.697,12.644,0.436,0.390,0.482,-999.000,-999.000,-999.000,-999.000,-999.000,-999.000,7.084,7.044,7.129,-6.931,-7.181,-6.517,-11.169,0.680,0.680,0.680,0.731,0.692,0.695,0.675,0.734,0.581,,,,,,,,
2023-12-02,19,0.775,0.593,1.009,0.788,0.610,1.003,0.842,0.668,1.033,0.836,0.679,1.040,-0.138,-0.282,0.041,0.744,90.815,0.000,0.000,285.428,314.680,-23.883,0.000,0.000,283.378,0.000,5791.017,0.030,-999.000,-999.000,101.688,0.200,0.200,2.526,4.300,206.481,1.849,3.990,202.523,0.314,3.029,3.006,3.056,4.097,4.079,4.125,5.261,5.234,5.287,-999.000,-999.000,-999.000,11.676,12.621,0.374,0.344,0.403,-999.000,-999.000,-999.000,-999.000,-999.000,-999.000,7.067,7.034,7.104,-7.239,-7.026,-6.953,-11.197,0.680,0.680,0.680,0.731,0.692,0.695,0.675,0.734,0.581,,,,,,,,
2023-12-02,20,0.814,0.613,0.956,0.818,0.630,0.977,0.901,0.734,1.024,0.900,0.719,1.028,-0.208,-0.368,-0.051,0.805,91.728,0.000,0.000,282.728,314.268,-25.769,0.000,0.000,280.925,0.000,5822.633,0.000,-999.000,-999.000,101.705,0.200,0.200,2.465,4.440,212.190,1.890,-999.000,208.267,0.314,3.025,2.987,3.046,4.097,4.063,4.115,5.241,5.224,5.260,-999.000,-999.000,-999.000,11.659,12.617,0.359,0.340,0.393,-999.000,-999.000,-999.000,-999.000,-999.000,-999.000,7.047,7.012,7.088,-7.577,-6.931,-7.376,-11.048,0.680,0.680,0.680,0.732,0.692,0.695,0.676,0.734,0.580,,,,,,,,
2023-12-02,21,1.047,0.904,1.161,1.050,0.921,1.175,1.089,0.991,1.207,1.088,0.999,1.219,-0.165,-0.275,-0.091,0.982,91.897,0.000,0.000,274.778,315.133,-34.923,0.000,0.000,272.298,0.000,5912.950,0.000,-999.000,-999.000,101.732,0.200,0.200,3.955,7.910,233.754,2.994,6.420,232.788,0.315,3.002,2.977,3.030,4.089,4.069,4.109,5.228,5.211,5.254,-999.000,-999.000,-999.000,11.649,12.616,0.357,0.337,0.380,-999.000,-999.000,-999.000,-999.000,-999.000,-999.000,7.028,6.965,7.094,-7.868,-6.871,-7.701,-10.900,0.680,0.680,0.680,0.732,0.692,0.695,0.676,0.734,0.580,,,,,,,,
2023-12-02,22,0.870,0.672,1.052,0.883,0.683,1.046,0.941,0.766,1.122,0.942,0.754,1.136,-0.251,-0.569,0.035,0.848,91.353,0.000,0.000,288.928,314.922,-20.113,0.000,0.000,286.608,0.000,5617.300,0.000,-999.000,-999.000,101.766,0.200,0.200,2.462,5.670,242.890,1.851,5.610,243.187,0.315,2.978,2.947,3.007,4.084,4.063,4.106,5.214,5.184,5.231,-999.000,-999.000,-999.000,11.646,12.610,0.365,0.321,0.410,-999.000,-999.000,-999.000,-999.000,-999.000,-999.000,7.009,6.968,7.054,-8.098,-6.831,-7.962,-10.706,0.680,0.680,0.680,0.733,0.692,0.695,0.676,0.735,0.580,,,,,,,,
2023-12-02,23,1.009,0.897,1.079,1.013,0.864,1.096,1.052,0.893,1.157,1.041,0.921,1.149,0.092,0.012,0.163,0.963,91.225,0.000,0.000,308.937,317.222,-1.817,0.000,0.000,306.022,0.000,4411.733,0.000,-999.000,-999.000,101.799,0.200,0.200,2.970,6.310,223.289,2.332,5.800,222.009,0.316,2.948,2.927,2.977,4.077,4.055,4.098,5.201,5.180,5.234,-999.000,-999.000,-999.000,11.657,12.625,0.437,0.377,0.479,-999.000,-999.000,-999.000,-999.000,-999.000,-999.000,6.997,6.954,7.041,-8.262,-6.808,-8.148,-10.426,0.681,0.681,0.680,0.733,0.692,0.695,0.676,0.735,0.579,,,,,,,,
2023-12-02,24,0.710,0.490,0.910,0.713,0.528,0.917,0.727,0.572,0.893,0.717,0.547,0.915,0.223,0.144,0.285,0.636,94.282,0.000,0.000,314.495,317.878,2.930,0.000,0.000,311.343,0.000,4498.583,0.000,-999.000,-999.000,101.857,0.200,0.200,2.918,6.290,229.493,2.377,6.450,229.114,0.316,2.931,2.910,2.947,4.074,4.039,4.098,5.196,5.177,5.210,-999.000,-999.000,-999.000,11.628,12.614,0.489,0.462,0.528,-999.000,-999.000,-999.000,-999.000,-999.000,-999.000,6.988,6.944,7.050,-8.294,-6.788,-8.144,-10.200,0.681,0.681,0.680,0.733,0.692,0.695,0.676,0.735,0.579,,,,,,,,
