2023-05-18,01,4.374,4.062,4.706,4.367,4.086,4.696,4.284,4.041,4.465,4.306,4.054,4.513,2.144,1.529,2.696,4.237,83.945,0.000,0.000,267.822,322.703,-50.293,0.000,0.000,254.558,0.000,7999.000,0.000,-999.000,-999.000,102.820,0.200,0.200,2.329,3.660,29.488,1.086,2.330,15.657,0.468,11.908,11.792,12.028,12.150,12.114,12.192,12.051,12.038,12.060,-999.000,-999.000,-999.000,10.074,9.808,9.448,9.104,9.792,-999.000,-999.000,-999.000,-999.000,-999.000,-999.000,13.193,13.155,13.213,-5.550,-3.533,-7.921,-30.114,0.550,0.633,0.699,0.726,0.599,0.677,0.697,0.744,0.473,,,,,,,,
2023-05-18,02,3.809,3.233,4.072,3.811,3.250,4.086,3.807,3.183,4.041,3.806,3.159,4.062,1.876,1.555,2.331,3.736,86.848,0.000,0.000,269.585,320.355,-45.387,0.000,0.000,256.702,0.000,7999.000,0.000,-999.000,-999.000,102.826,0.200,0.200,1.897,3.150,14.137,0.893,1.720,348.283,0.469,11.702,11.612,11.786,12.092,12.057,12.123,12.054,12.035,12.065,-999.000,-999.000,-999.000,10.074,9.797,8.776,8.493,9.084,-999.000,-999.000,-999.000,-999.000,-999.000,-999.000,13.184,13.166,13.208,-7.465,-4.536,-9.259,-30.910,0.549,0.632,0.699,0.726,0.598,0.676,0.697,0.744,0.472,,,,,,,,
2023-05-18,03,3.220,3.072,3.416,3.220,3.075,3.396,3.237,3.055,3.465,3.229,3.051,3.451,2.044,1.318,2.526,3.204,92.240,0.000,0.000,277.203,319.745,-36.065,0.000,0.000,264.808,0.000,7999.000,0.000,-999.000,-999.000,102.816,0.200,0.200,1.030,2.230,342.138,0.686,1.490,290.010,0.470,11.491,11.379,11.612,12.046,12.026,12.062,12.041,12.014,12.067,-999.000,-999.000,-999.000,10.064,9.796,8.265,8.068,8.500,-999.000,-999.000,-999.000,-999.000,-999.000,-999.000,13.183,13.163,13.201,-9.069,-5.479,-10.455,-30.882,0.548,0.631,0.699,0.726,0.597,0.675,0.697,0.744,0.471,,,,,,,,
2023-05-18,04,2.952,2.840,3.105,2.960,2.854,3.102,2.962,2.819,3.149,2.963,2.834,3.119,1.676,1.110,2.312,2.922,92.400,3.145,0.000,271.785,319.205,-38.310,2.861,1.908,259.585,0.000,7999.000,0.000,-999.000,-999.000,102.816,0.200,0.200,1.524,2.490,351.654,0.748,1.530,331.378,0.471,11.294,11.185,11.403,12.001,11.975,12.041,12.064,12.061,12.067,-999.000,-999.000,-999.000,10.074,9.795,7.848,7.635,8.055,-999.000,-999.000,-999.000,-999.000,-999.000,-999.000,13.210,13.205,13.212,-10.299,-6.427,-11.541,-30.475,0.546,0.631,0.699,0.726,0.596,0.674,0.697,0.745,0.470,,,,,,,,
2023-05-18,05,3.398,2.910,4.502,3.434,2.917,4.581,3.591,2.926,5.264,3.590,2.902,5.194,3.488,1.876,6.355,3.456,90.177,60.962,11.045,274.300,326.980,-2.682,43.654,104.469,262.050,0.750,7999.000,0.000,-999.000,-999.000,102.849,0.200,0.200,1.239,3.590,20.854,0.632,2.680,347.786,0.472,11.045,10.933,11.192,11.901,11.842,11.978,12.025,11.984,12.064,-999.000,-999.000,-999.000,10.078,9.802,7.657,7.578,7.857,-999.000,-999.000,-999.000,-999.000,-999.000,-999.000,13.188,13.153,13.212,-11.164,-7.291,-12.222,-29.488,0.546,0.630,0.699,0.726,0.595,0.673,0.697,0.745,0.469,,,,,,,,
2023-05-18,06,6.070,4.571,7.590,6.133,4.670,7.623,6.348,5.332,7.522,6.305,5.258,7.498,7.495,6.204,10.212,6.133,77.335,199.740,48.027,285.355,349.405,87.663,126.565,234.293,273.527,5.389,7999.000,0.000,-999.000,-999.000,102.909,0.200,0.200,3.269,6.550,56.026,2.347,5.100,53.592,0.473,10.850,10.761,10.936,11.800,11.741,11.867,11.996,11.962,12.039,-999.000,-999.000,-999.000,10.081,9.803,8.478,7.881,9.273,-999.000,-999.000,-999.000,-999.000,-999.000,-999.000,13.186,13.151,13.232,-11.668,-7.912,-12.289,-23.379,0.545,0.630,0.698,0.726,0.595,0.672,0.697,0.745,0.468,,,,,,,,
2023-05-18,07,8.834,7.670,9.823,8.825,7.683,9.812,8.488,7.656,9.310,8.463,7.603,9.290,11.707,10.404,13.344,8.284,67.110,405.846,103.941,290.133,365.352,226.686,176.214,511.726,276.173,10.000,7999.000,0.000,-999.000,-999.000,102.954,0.200,0.200,4.921,7.170,67.074,3.670,5.820,67.848,0.474,10.756,10.720,10.837,11.711,11.663,11.774,11.973,11.940,12.014,-999.000,-999.000,-999.000,10.084,9.806,10.529,9.295,11.698,-999.000,-999.000,-999.000,-999.000,-999.000,-999.000,13.189,13.156,13.221,-11.112,-8.039,-11.137,-11.352,0.544,0.629,0.698,0.726,0.594,0.672,0.697,0.745,0.468,,,,,,,,
2023-05-18,08,10.240,9.809,10.482,10.242,9.804,10.475,9.716,9.280,10.030,9.670,9.220,9.940,13.619,12.094,14.563,9.498,60.854,468.590,112.871,295.223,378.977,271.966,236.532,390.670,281.860,10.000,7997.067,0.000,-999.000,-999.000,102.981,0.200,0.200,4.436,7.040,59.741,3.301,6.150,60.839,0.475,10.741,10.717,10.768,11.622,11.575,11.688,11.942,11.911,11.977,-999.000,-999.000,-999.000,10.093,9.807,12.744,11.724,13.422,-999.000,-999.000,-999.000,-999.000,-999.000,-999.000,13.191,13.175,13.210,-9.033,-7.635,-9.084,2.568,0.544,0.629,0.698,0.727,0.595,0.672,0.697,0.745,0.469,,,,,,,,
2023-05-18,09,10.898,10.419,11.330,10.937,10.478,11.391,10.391,9.950,10.940,10.331,9.840,10.880,15.243,13.826,16.000,10.181,58.658,495.902,112.723,320.638,392.990,310.828,382.548,146.503,313.125,4.805,7992.117,0.000,-999.000,-999.000,103.001,0.200,0.200,3.545,5.670,51.747,2.671,5.030,52.903,0.476,10.791,10.739,10.825,11.545,11.506,11.578,11.914,11.881,11.939,-999.000,-999.000,-999.000,10.095,9.806,14.367,13.452,15.177,-999.000,-999.000,-999.000,-999.000,-999.000,-999.000,13.195,13.175,13.208,-5.284,-6.686,-6.846,13.285,0.543,0.628,0.698,0.727,0.594,0.672,0.696,0.745,0.470,,,,,,,,
2023-05-18,10,11.821,10.893,12.594,11.885,10.971,12.672,11.360,10.620,11.980,11.263,10.510,11.890,17.721,15.634,19.633,11.088,56.231,769.005,172.964,316.030,413.332,498.739,403.628,429.285,303.830,9.139,7999.000,0.000,-999.000,-999.000,102.973,0.200,0.200,3.932,8.650,37.722,2.958,6.040,39.127,0.477,10.879,10.827,10.925,11.481,11.442,11.525,11.870,11.841,11.903,-999.000,-999.000,-999.000,10.093,9.811,16.660,15.206,18.081,-999.000,-999.000,-999.000,-999.000,-999.000,-999.000,13.192,13.165,13.217,-0.075,-5.437,-4.590,28.243,0.543,0.628,0.697,0.728,0.594,0.672,0.696,0.745,0.471,,,,,,,,
2023-05-18,11,12.803,11.927,13.411,12.885,11.952,13.503,12.123,11.750,12.660,12.047,11.630,12.650,19.120,17.975,20.179,11.896,53.577,871.376,189.541,311.045,428.327,564.554,325.384,616.226,293.038,10.000,7993.850,0.000,-999.000,-999.000,102.938,0.200,0.200,3.422,6.840,42.646,2.592,6.430,42.845,0.478,11.010,10.933,11.111,11.436,11.412,11.464,11.825,11.805,11.855,-999.000,-999.000,-999.000,10.096,9.818,19.438,18.133,20.583,-999.000,-999.000,-999.000,-999.000,-999.000,-999.000,13.194,13.180,13.215,7.172,-3.815,-2.175,45.202,0.542,0.629,0.697,0.729,0.594,0.673,0.696,0.746,0.473,,,,,,,,
2023-05-18,12,13.858,13.217,14.261,13.912,13.288,14.295,12.902,12.530,13.610,12.889,12.480,13.600,19.275,17.815,20.583,12.804,51.696,894.740,190.677,311.112,436.113,579.062,252.767,713.877,289.998,10.000,7985.617,0.000,-999.000,-999.000,102.902,0.200,0.200,3.410,7.360,68.239,2.614,7.230,71.322,0.479,11.179,11.106,11.277,11.399,11.374,11.442,11.791,11.771,11.833,-999.000,-999.000,-999.000,10.091,9.795,21.608,20.636,22.195,-999.000,-999.000,-999.000,-999.000,-999.000,-999.000,13.174,13.149,13.211,16.146,-1.785,0.405,58.579,0.540,0.629,0.697,0.729,0.594,0.673,0.696,0.746,0.475,,,,,,,,
2023-05-18,13,14.745,14.220,15.311,14.802,14.285,15.406,13.835,13.400,14.290,13.830,13.420,14.320,19.909,18.589,20.979,13.765,49.859,918.940,195.902,312.075,441.310,593.803,209.841,807.251,289.350,10.000,7991.100,0.000,-999.000,-999.000,102.863,0.200,0.200,3.463,7.290,65.198,2.598,6.130,69.723,0.480,11.394,11.286,11.502,11.401,11.376,11.432,11.756,11.750,11.779,-999.000,-999.000,-999.000,10.111,9.816,22.898,22.214,23.469,-999.000,-999.000,-999.000,-999.000,-999.000,-999.000,13.188,13.156,13.207,24.134,0.498,3.763,65.229,0.539,0.630,0.696,0.729,0.595,0.674,0.695,0.747,0.478,,,,,,,,
2023-05-18,14,15.324,15.011,15.693,15.386,15.066,15.773,14.415,13.980,15.070,14.395,14.000,15.080,19.973,18.961,20.989,14.318,47.463,840.353,182.535,312.640,437.118,533.339,197.512,783.722,289.505,10.000,7991.683,0.000,-999.000,-999.000,102.824,0.200,0.200,3.587,7.050,60.957,2.833,6.030,61.470,0.481,11.602,11.502,11.684,11.409,11.392,11.432,11.719,11.695,11.753,-999.000,-999.000,-999.000,10.097,9.819,23.685,23.502,23.795,-999.000,-999.000,-999.000,-999.000,-999.000,-999.000,13.179,13.148,13.207,29.966,2.725,7.217,67.662,0.537,0.630,0.695,0.731,0.595,0.675,0.695,0.748,0.480,,,,,,,,
2023-05-18,15,15.783,15.271,16.072,15.872,15.329,16.189,14.966,14.460,15.490,14.942,14.400,15.480,20.063,19.032,20.932,14.873,46.668,728.191,164.806,314.010,433.805,443.590,187.023,745.773,291.232,10.000,7962.250,0.000,-999.000,-999.000,102.769,0.200,0.200,3.439,7.170,55.050,2.626,6.570,58.525,0.482,11.806,11.681,11.901,11.442,11.393,11.458,11.721,11.681,11.744,-999.000,-999.000,-999.000,10.108,9.805,23.725,23.603,23.787,-999.000,-999.000,-999.000,-999.000,-999.000,-999.000,13.186,13.149,13.211,32.969,4.482,9.589,63.648,0.535,0.631,0.695,0.732,0.595,0.675,0.695,0.749,0.481,,,,,,,,
2023-05-18,16,15.891,15.446,16.071,15.957,15.401,16.157,15.163,14.910,15.460,15.150,14.880,15.430,18.937,17.917,19.990,15.085,46.120,546.224,128.343,317.512,420.717,314.676,201.651,571.568,297.940,10.000,7952.583,0.000,-999.000,-999.000,102.736,0.200,0.200,3.655,8.390,60.285,2.775,9.760,62.058,0.483,11.963,11.901,12.063,11.478,11.450,11.511,11.686,11.675,11.721,-999.000,-999.000,-999.000,10.116,9.819,23.045,22.538,23.599,-999.000,-999.000,-999.000,-999.000,-999.000,-999.000,13.180,13.153,13.212,32.941,5.634,10.728,53.983,0.534,0.631,0.695,0.733,0.595,0.676,0.695,0.749,0.482,,,,,,,,
2023-05-18,17,15.647,15.240,15.912,15.703,15.291,15.997,15.012,14.700,15.320,14.992,14.640,15.310,17.482,16.518,18.934,14.929,46.046,413.027,102.364,316.132,406.560,220.234,179.033,510.200,298.947,10.000,7994.417,0.000,-999.000,-999.000,102.705,0.200,0.200,4.263,9.240,63.067,3.261,6.960,64.082,0.484,12.090,12.053,12.146,11.520,11.498,11.577,11.675,11.653,11.698,-999.000,-999.000,-999.000,10.109,9.817,21.845,21.141,22.509,-999.000,-999.000,-999.000,-999.000,-999.000,-999.000,13.164,13.144,13.192,30.565,6.103,10.900,40.529,0.532,0.632,0.695,0.733,0.595,0.677,0.695,0.750,0.482,,,,,,,,
2023-05-18,18,14.881,14.661,15.266,14.925,14.719,15.331,14.423,14.180,14.670,14.412,14.200,14.660,15.216,14.282,16.479,14.359,47.549,227.664,58.092,313.122,390.612,92.082,125.666,335.877,298.400,9.667,7999.000,0.000,-999.000,-999.000,102.689,0.200,0.200,3.965,7.220,74.082,2.899,6.180,76.766,0.485,12.131,12.083,12.159,11.571,11.541,11.604,11.670,11.636,11.695,-999.000,-999.000,-999.000,10.122,9.824,20.239,19.387,21.111,-999.000,-999.000,-999.000,-999.000,-999.000,-999.000,13.159,13.129,13.184,26.766,5.914,10.371,24.212,0.531,0.632,0.695,0.733,0.595,0.678,0.695,0.750,0.482,,,,,,,,
2023-05-18,19,14.128,13.495,14.651,14.146,13.491,14.679,13.745,13.210,14.170,13.745,13.170,14.190,13.188,11.742,14.286,13.684,49.178,103.892,26.734,313.287,378.145,12.299,70.562,205.206,299.693,2.500,7999.000,0.000,-999.000,-999.000,102.684,0.200,0.200,3.358,6.050,77.828,2.407,5.200,79.143,0.485,12.129,12.100,12.153,11.617,11.586,11.651,11.665,11.630,11.690,-999.000,-999.000,-999.000,10.117,9.820,18.613,17.864,19.378,-999.000,-999.000,-999.000,-999.000,-999.000,-999.000,13.150,13.120,13.175,21.945,5.157,8.983,9.294,0.530,0.632,0.696,0.734,0.594,0.679,0.696,0.750,0.481,,,,,,,,
2023-05-18,20,12.416,11.337,13.436,12.387,11.310,13.438,11.990,10.780,13.100,11.962,10.780,13.080,9.552,7.538,11.653,11.918,58.355,7.802,0.319,304.392,355.945,-39.829,6.270,15.567,290.800,0.000,7999.000,0.000,-999.000,-999.000,102.696,0.200,0.200,2.423,4.350,56.747,1.331,3.240,55.074,0.486,12.095,12.058,12.125,11.658,11.625,11.683,11.671,11.637,11.702,-999.000,-999.000,-999.000,10.124,9.824,17.068,16.261,17.869,-999.000,-999.000,-999.000,-999.000,-999.000,-999.000,13.142,13.112,13.175,16.813,4.105,7.057,-4.419,0.528,0.632,0.696,0.734,0.593,0.680,0.696,0.750,0.479,,,,,,,,
2023-05-18,21,10.285,9.494,11.308,10.258,9.476,11.273,9.886,9.170,10.700,9.941,9.160,10.710,6.486,5.452,7.538,9.921,67.359,0.000,0.000,291.527,341.837,-45.128,0.000,0.000,277.637,0.000,7999.000,0.000,-999.000,-999.000,102.712,0.200,0.200,2.610,5.270,37.843,1.195,3.120,33.811,0.487,12.019,11.944,12.071,11.687,11.665,11.707,11.676,11.637,11.717,-999.000,-999.000,-999.000,10.126,9.828,15.464,14.742,16.248,-999.000,-999.000,-999.000,-999.000,-999.000,-999.000,13.133,13.099,13.163,11.585,2.891,4.072,-15.162,0.527,0.631,0.696,0.734,0.592,0.681,0.697,0.749,0.477,,,,,,,,
2023-05-18,22,9.229,8.886,9.597,9.207,8.882,9.597,9.147,8.780,9.540,9.166,8.810,9.590,6.654,6.280,6.990,9.124,78.140,0.000,0.000,286.305,347.842,-57.266,0.000,0.000,272.952,0.000,7999.000,0.000,-999.000,-999.000,102.740,0.200,0.200,3.255,5.210,38.327,1.668,3.580,39.400,0.488,11.894,11.809,11.976,11.699,11.662,11.731,11.681,11.648,11.717,-999.000,-999.000,-999.000,10.140,9.834,14.147,13.605,14.732,-999.000,-999.000,-999.000,-999.000,-999.000,-999.000,13.138,13.104,13.180,6.463,1.428,0.533,-20.667,0.525,0.631,0.697,0.734,0.590,0.681,0.697,0.748,0.475,,,,,,,,
2023-05-18,23,8.502,8.020,8.886,8.501,8.029,8.885,8.448,7.954,8.850,8.470,7.947,8.870,6.351,5.588,6.785,8.426,81.282,0.000,0.000,283.565,345.165,-57.432,0.000,0.000,270.367,0.000,7999.000,0.000,-999.000,-999.000,102.743,0.200,0.200,3.200,4.920,30.150,1.639,3.540,28.216,0.489,11.771,11.713,11.851,11.712,11.683,11.735,11.711,11.676,11.724,-999.000,-999.000,-999.000,10.136,9.829,13.143,12.680,13.602,-999.000,-999.000,-999.000,-999.000,-999.000,-999.000,13.146,13.112,13.167,2.362,-0.001,-1.690,-22.934,0.524,0.630,0.697,0.734,0.589,0.681,0.697,0.748,0.474,,,,,,,,
2023-05-18,24,7.385,7.089,8.023,7.386,7.112,8.012,7.386,7.084,7.971,7.383,7.054,7.969,5.018,4.748,5.575,7.340,85.542,0.000,0.000,283.648,338.325,-49.887,0.000,0.000,270.312,0.000,7999.000,0.000,-999.000,-999.000,102.733,0.200,0.200,2.706,4.740,21.933,1.292,2.980,12.472,0.490,11.630,11.565,11.713,11.686,11.662,11.711,11.691,11.648,11.728,-999.000,-999.000,-999.000,10.128,9.831,12.250,11.884,12.674,-999.000,-999.000,-999.000,-999.000,-999.000,-999.000,13.118,13.108,13.142,-0.619,-1.213,-3.215,-24.578,0.523,0.630,0.697,0.734,0.588,0.681,0.697,0.747,0.473,,,,,,,,
