2023-01-30,01,5.569,5.360,5.696,5.561,5.369,5.703,5.586,5.369,5.765,5.582,5.369,5.745,5.266,5.083,5.417,5.497,91.182,0.000,0.000,340.493,340.828,3.812,0.000,0.000,333.665,0.000,6551.450,0.000,-999.000,-999.000,101.706,0.200,0.200,7.293,11.490,227.710,5.785,9.950,226.743,0.358,3.500,3.437,3.555,3.548,3.532,3.574,3.952,3.899,3.965,-999.000,-999.000,-999.000,8.343,10.023,3.468,3.326,3.561,-999.000,-999.000,-999.000,-999.000,-999.000,-999.000,5.088,5.065,5.117,-1.042,-1.764,-1.491,2.818,0.556,0.601,0.664,0.713,0.639,0.663,0.671,0.723,0.498,,,,,,,,
2023-01-30,02,6.513,5.703,6.890,6.520,5.706,6.922,6.570,5.781,6.985,6.564,5.757,6.977,6.151,5.446,6.507,6.484,91.253,0.000,0.000,342.855,344.813,1.634,0.000,0.000,335.678,0.000,6920.717,0.030,-999.000,-999.000,101.622,0.200,0.200,8.469,13.950,235.379,6.682,11.750,235.017,0.358,3.570,3.515,3.633,3.553,3.521,3.583,3.930,3.905,3.958,-999.000,-999.000,-999.000,8.346,10.001,3.753,3.558,3.970,-999.000,-999.000,-999.000,-999.000,-999.000,-999.000,5.079,5.060,5.104,-0.564,-1.357,-1.061,4.456,0.557,0.600,0.664,0.713,0.639,0.662,0.671,0.723,0.498,,,,,,,,
2023-01-30,03,6.883,6.755,6.988,6.874,6.705,7.004,6.902,6.774,7.017,6.899,6.746,7.031,6.384,6.273,6.512,6.818,92.098,0.000,0.000,344.542,346.782,0.858,0.000,0.000,337.010,0.000,6524.767,0.720,-999.000,-999.000,101.576,0.200,0.200,8.479,13.120,241.223,6.745,11.480,240.978,0.359,3.710,3.633,3.783,3.578,3.566,3.599,3.961,3.944,3.967,-999.000,-999.000,-999.000,8.324,10.004,4.166,3.973,4.342,-999.000,-999.000,-999.000,-999.000,-999.000,-999.000,5.101,5.089,5.106,-0.036,-0.765,-0.498,6.965,0.558,0.601,0.664,0.715,0.640,0.662,0.671,0.723,0.499,,,,,,,,
2023-01-30,04,6.700,6.660,6.765,6.675,6.629,6.748,6.724,6.664,6.789,6.720,6.671,6.798,6.290,6.234,6.371,6.641,94.705,0.000,0.000,345.955,347.220,1.832,0.000,0.000,338.627,0.000,6744.367,0.790,-999.000,-999.000,101.535,0.200,0.200,7.262,11.450,251.247,5.677,9.490,251.061,0.360,3.872,3.790,3.937,3.629,3.586,3.648,3.963,3.957,3.964,-999.000,-999.000,-999.000,8.327,9.984,4.468,4.336,4.595,-999.000,-999.000,-999.000,-999.000,-999.000,-999.000,5.100,5.089,5.103,0.656,0.010,0.207,8.462,0.564,0.606,0.664,0.718,0.646,0.669,0.670,0.724,0.506,,,,,,,,
2023-01-30,05,6.879,6.700,7.103,6.880,6.675,7.128,6.926,6.746,7.192,6.927,6.734,7.203,6.480,6.348,6.689,6.856,93.043,0.000,0.000,345.825,346.575,3.096,0.000,0.000,338.187,0.000,7385.050,0.030,-999.000,-999.000,101.527,0.200,0.200,6.564,10.640,257.336,5.134,9.220,256.942,0.358,4.022,3.934,4.075,3.661,3.638,3.681,3.961,3.950,3.967,-999.000,-999.000,-999.000,8.320,9.979,4.654,4.578,4.732,-999.000,-999.000,-999.000,-999.000,-999.000,-999.000,5.095,5.076,5.103,1.273,0.720,0.847,8.533,0.567,0.609,0.665,0.717,0.651,0.675,0.673,0.726,0.510,,,,,,,,
2023-01-30,06,7.344,7.106,7.516,7.376,7.108,7.574,7.460,7.180,7.664,7.462,7.166,7.654,6.725,6.397,6.938,7.390,86.215,0.000,0.000,332.243,346.608,-9.971,0.000,0.000,323.258,0.000,7424.000,0.000,-999.000,-999.000,101.540,0.200,0.200,7.536,13.220,275.234,5.777,11.740,274.011,0.359,4.125,4.068,4.185,3.676,3.657,3.697,3.948,3.933,3.970,-999.000,-999.000,-999.000,8.315,9.980,4.763,4.695,4.823,-999.000,-999.000,-999.000,-999.000,-999.000,-999.000,5.052,5.042,5.082,1.650,1.250,1.290,8.243,0.568,0.609,0.665,0.716,0.652,0.675,0.673,0.725,0.505,,,,,,,,
2023-01-30,07,6.958,6.303,7.479,6.941,6.273,7.489,7.016,6.309,7.596,7.010,6.299,7.604,5.771,4.878,6.482,6.944,78.967,0.000,0.000,284.862,340.303,-51.095,0.000,0.000,272.465,0.000,7251.217,0.000,-999.000,-999.000,101.564,0.200,0.200,8.189,13.720,280.356,6.270,11.510,280.017,0.365,4.243,4.182,4.285,3.739,3.680,3.773,3.962,3.940,3.984,-999.000,-999.000,-999.000,8.319,9.991,4.732,4.559,4.823,-999.000,-999.000,-999.000,-999.000,-999.000,-999.000,5.068,5.042,5.103,1.812,1.654,1.557,6.633,0.568,0.609,0.665,0.717,0.652,0.675,0.674,0.725,0.504,,,,,,,,
2023-01-30,08,6.114,5.816,6.401,6.116,5.786,6.437,6.160,5.781,6.560,6.155,5.777,6.570,4.943,4.693,5.620,6.091,78.844,12.238,1.452,265.467,335.667,-56.833,9.910,21.887,251.757,1.000,7342.483,0.000,-999.000,-999.000,101.610,0.200,0.200,7.303,11.160,275.666,5.536,9.960,275.264,0.370,4.274,4.258,4.292,3.810,3.766,3.846,4.004,3.977,4.040,-999.000,-999.000,-999.000,8.316,10.003,4.338,4.151,4.559,-999.000,-999.000,-999.000,-999.000,-999.000,-999.000,5.085,5.068,5.111,1.651,1.674,1.258,1.714,0.567,0.608,0.665,0.718,0.652,0.675,0.674,0.725,0.504,,,,,,,,
2023-01-30,09,6.521,6.065,7.050,6.529,6.031,7.066,6.597,6.050,7.109,6.588,6.019,7.110,6.759,5.623,7.990,6.509,72.915,106.317,33.441,269.293,338.815,3.354,56.621,298.118,256.180,10.000,7412.683,0.000,-999.000,-999.000,101.668,0.200,0.200,8.831,14.600,283.117,6.731,13.000,283.528,0.370,4.222,4.167,4.269,3.854,3.825,3.888,4.016,3.974,4.044,-999.000,-999.000,-999.000,8.315,9.995,4.037,3.968,4.144,-999.000,-999.000,-999.000,-999.000,-999.000,-999.000,5.080,5.042,5.107,1.018,1.153,0.303,-1.120,0.567,0.607,0.665,0.719,0.653,0.675,0.674,0.725,0.504,,,,,,,,
2023-01-30,10,7.134,7.024,7.383,7.131,7.023,7.356,7.200,7.089,7.421,7.194,7.090,7.414,6.685,6.483,7.344,7.091,71.049,94.942,19.292,327.675,345.138,58.187,92.076,7.811,320.663,0.250,7457.250,0.000,-999.000,-999.000,101.739,0.200,0.200,9.737,15.540,280.731,7.442,14.170,280.506,0.370,4.164,4.128,4.217,3.893,3.865,3.909,4.038,4.007,4.067,-999.000,-999.000,-999.000,8.325,9.995,4.239,4.049,4.436,-999.000,-999.000,-999.000,-999.000,-999.000,-999.000,5.088,5.080,5.107,0.529,0.633,-0.187,1.661,0.567,0.607,0.665,0.719,0.653,0.675,0.674,0.725,0.504,,,,,,,,
2023-01-30,11,7.410,7.330,7.494,7.383,7.296,7.486,7.441,7.339,7.538,7.431,7.340,7.530,7.002,6.821,7.217,7.346,70.782,102.653,20.588,330.862,347.038,65.888,101.599,0.651,324.255,0.000,7288.767,0.000,-999.000,-999.000,101.793,0.200,0.200,9.425,15.970,286.180,7.195,13.910,286.452,0.369,4.251,4.204,4.315,3.922,3.892,3.961,4.055,4.034,4.070,-999.000,-999.000,-999.000,8.305,10.002,4.570,4.422,4.733,-999.000,-999.000,-999.000,-999.000,-999.000,-999.000,5.073,5.048,5.104,0.743,0.687,0.548,5.302,0.566,0.607,0.665,0.720,0.652,0.674,0.673,0.725,0.503,,,,,,,,
2023-01-30,12,7.779,7.345,8.218,7.783,7.355,8.234,7.819,7.399,8.270,7.809,7.397,8.260,7.774,6.775,9.399,7.726,68.590,209.907,52.700,306.538,350.017,113.729,147.777,167.070,297.503,3.083,7568.767,0.000,-999.000,-999.000,101.807,0.200,0.200,10.199,18.900,288.751,7.798,14.940,289.059,0.369,4.361,4.295,4.431,3.965,3.926,4.001,4.083,4.042,4.108,-999.000,-999.000,-999.000,8.304,10.002,4.920,4.733,5.182,-999.000,-999.000,-999.000,-999.000,-999.000,-999.000,5.086,5.057,5.114,1.294,1.125,1.702,7.313,0.566,0.606,0.665,0.723,0.652,0.671,0.670,0.724,0.503,,,,,,,,
2023-01-30,13,8.021,7.749,8.474,8.023,7.749,8.460,8.062,7.774,8.490,8.050,7.758,8.490,7.888,7.291,9.157,7.972,66.515,168.781,41.072,324.193,351.192,100.711,134.936,86.690,316.373,1.389,7573.067,0.000,-999.000,-999.000,101.830,0.200,0.200,10.211,15.240,296.784,7.642,13.470,296.231,0.368,4.516,4.431,4.614,3.996,3.967,4.031,4.108,4.083,4.146,-999.000,-999.000,-999.000,8.312,10.003,5.389,5.211,5.516,-999.000,-999.000,-999.000,-999.000,-999.000,-999.000,5.088,5.054,5.107,2.125,1.669,2.803,10.232,0.565,0.604,0.665,0.722,0.651,0.664,0.672,0.723,0.502,,,,,,,,
2023-01-30,14,7.829,7.584,8.015,7.828,7.584,7.995,7.872,7.627,8.040,7.864,7.609,8.050,7.328,6.980,7.683,7.779,67.639,62.828,10.630,333.892,348.425,37.665,62.028,0.529,326.655,0.000,7489.400,0.000,-999.000,-999.000,101.893,0.200,0.200,8.913,15.610,300.278,6.722,15.150,299.673,0.366,4.687,4.617,4.750,4.034,3.988,4.065,4.137,4.081,4.168,-999.000,-999.000,-999.000,8.313,9.997,5.476,5.410,5.507,-999.000,-999.000,-999.000,-999.000,-999.000,-999.000,5.093,5.059,5.119,3.081,2.228,3.854,9.420,0.565,0.603,0.665,0.721,0.651,0.663,0.672,0.722,0.501,,,,,,,,
2023-01-30,15,7.729,7.601,7.916,7.734,7.611,7.919,7.790,7.625,7.966,7.783,7.621,7.960,7.163,6.985,7.452,7.700,67.423,51.887,7.220,330.270,347.792,27.145,51.442,0.000,322.435,0.000,7532.183,0.000,-999.000,-999.000,101.995,0.200,0.200,7.956,12.270,299.205,5.982,10.820,298.784,0.368,4.789,4.743,4.809,4.087,4.055,4.127,4.168,4.145,4.181,-999.000,-999.000,-999.000,8.304,10.008,5.344,5.282,5.393,-999.000,-999.000,-999.000,-999.000,-999.000,-999.000,5.105,5.087,5.119,3.321,2.478,4.045,6.686,0.564,0.603,0.665,0.719,0.650,0.663,0.672,0.722,0.500,,,,,,,,
2023-01-30,16,7.594,7.485,7.723,7.580,7.460,7.693,7.633,7.499,7.765,7.626,7.500,7.763,6.880,6.693,7.083,7.544,68.981,16.733,0.310,333.645,346.538,5.082,16.553,0.547,325.477,0.000,7349.033,0.000,-999.000,-999.000,102.093,0.200,0.200,7.395,12.200,295.853,5.610,9.880,295.639,0.365,4.841,4.802,4.856,4.163,4.120,4.200,4.193,4.161,4.231,-999.000,-999.000,-999.000,8.309,9.968,5.232,5.172,5.292,-999.000,-999.000,-999.000,-999.000,-999.000,-999.000,5.077,5.051,5.101,3.086,2.420,3.703,4.970,0.563,0.602,0.665,0.717,0.649,0.662,0.673,0.722,0.500,,,,,,,,
2023-01-30,17,7.006,6.019,7.518,7.014,6.012,7.514,7.043,6.081,7.565,7.038,6.081,7.568,6.092,4.808,6.798,6.948,73.244,1.983,0.000,311.188,342.377,-24.854,1.898,0.696,300.285,0.000,7238.400,0.040,-999.000,-999.000,102.194,0.200,0.200,7.060,13.420,307.652,5.213,10.830,308.098,0.365,4.842,4.797,4.859,4.208,4.190,4.276,4.202,4.159,4.235,-999.000,-999.000,-999.000,8.298,9.999,5.071,4.928,5.179,-999.000,-999.000,-999.000,-999.000,-999.000,-999.000,5.098,5.069,5.111,2.694,2.209,3.166,3.072,0.563,0.602,0.665,0.717,0.648,0.662,0.672,0.722,0.500,,,,,,,,
2023-01-30,18,6.100,5.539,6.706,6.096,5.493,6.749,6.144,5.568,6.679,6.140,5.566,6.689,4.887,3.789,5.513,6.066,76.236,0.000,0.000,280.033,335.885,-51.633,0.000,0.000,267.673,0.000,7203.333,0.000,-999.000,-999.000,102.300,0.200,0.200,6.096,11.180,303.051,4.376,10.020,302.656,0.364,4.809,4.777,4.861,4.251,4.218,4.284,4.224,4.187,4.242,-999.000,-999.000,-999.000,8.301,9.991,4.691,4.481,4.951,-999.000,-999.000,-999.000,-999.000,-999.000,-999.000,5.100,5.077,5.122,2.110,1.825,2.321,-0.367,0.564,0.603,0.666,0.716,0.647,0.663,0.672,0.722,0.500,,,,,,,,
2023-01-30,19,5.144,4.727,5.711,5.142,4.714,5.667,5.209,4.805,5.695,5.207,4.798,5.685,3.884,3.247,4.385,5.141,81.091,0.000,0.000,265.087,331.403,-61.873,0.000,0.000,251.543,0.000,7433.583,0.000,-999.000,-999.000,102.349,0.200,0.200,5.317,7.260,292.318,3.711,6.750,291.795,0.364,4.710,4.638,4.780,4.297,4.268,4.325,4.264,4.240,4.300,-999.000,-999.000,-999.000,8.304,9.996,4.235,4.011,4.481,-999.000,-999.000,-999.000,-999.000,-999.000,-999.000,5.106,5.089,5.121,1.225,1.169,1.025,-4.070,0.563,0.603,0.666,0.716,0.646,0.664,0.672,0.722,0.500,,,,,,,,
2023-01-30,20,4.539,3.807,4.948,4.519,3.784,4.994,4.560,3.831,5.034,4.547,3.829,5.046,3.155,2.435,3.817,4.481,83.692,0.000,0.000,262.020,328.402,-62.162,0.000,0.000,248.525,0.000,7320.817,0.000,-999.000,-999.000,102.386,0.200,0.200,4.793,8.040,270.535,3.400,7.330,268.797,0.365,4.568,4.504,4.641,4.311,4.302,4.356,4.272,4.258,4.321,-999.000,-999.000,-999.000,8.299,9.984,3.761,3.521,4.011,-999.000,-999.000,-999.000,-999.000,-999.000,-999.000,5.112,5.077,5.126,0.206,0.334,-0.377,-7.212,0.563,0.603,0.666,0.715,0.646,0.664,0.672,0.722,0.499,,,,,,,,
2023-01-30,21,3.787,3.588,3.964,3.794,3.608,4.000,3.890,3.571,4.150,3.884,3.572,4.153,2.449,2.184,2.760,3.807,87.205,0.000,0.000,260.452,325.607,-60.934,0.000,0.000,247.058,0.000,7065.200,0.000,-999.000,-999.000,102.419,0.200,0.200,4.279,6.340,265.694,3.050,5.070,263.862,0.366,4.411,4.331,4.508,4.331,4.304,4.356,4.315,4.286,4.335,-999.000,-999.000,-999.000,8.298,9.988,3.321,3.106,3.521,-999.000,-999.000,-999.000,-999.000,-999.000,-999.000,5.115,5.104,5.134,-0.818,-0.522,-1.712,-9.457,0.562,0.603,0.666,0.715,0.645,0.664,0.672,0.722,0.499,,,,,,,,
2023-01-30,22,3.276,2.899,3.657,3.281,2.886,3.663,3.329,2.973,3.646,3.326,2.967,3.645,1.783,1.186,2.318,3.254,87.785,0.000,0.000,258.595,322.570,-59.596,0.000,0.000,245.290,0.000,7144.983,0.000,-999.000,-999.000,102.441,0.200,0.200,3.907,5.730,260.448,2.776,4.400,257.996,0.366,4.249,4.155,4.331,4.317,4.297,4.334,4.322,4.292,4.346,-999.000,-999.000,-999.000,8.286,9.982,2.909,2.720,3.099,-999.000,-999.000,-999.000,-999.000,-999.000,-999.000,5.117,5.101,5.134,-1.803,-1.337,-2.894,-11.118,0.562,0.603,0.666,0.715,0.644,0.664,0.672,0.723,0.499,,,,,,,,
2023-01-30,23,3.450,2.988,4.008,3.460,2.975,4.077,3.520,3.001,4.124,3.518,2.998,4.139,2.286,1.078,3.544,3.447,88.128,0.000,0.000,278.513,325.382,-42.348,0.000,0.000,267.232,0.000,6949.483,0.000,-999.000,-999.000,102.447,0.200,0.200,3.930,6.260,261.957,2.823,5.720,261.507,0.366,4.088,4.014,4.165,4.307,4.285,4.328,4.349,4.323,4.388,-999.000,-999.000,-999.000,8.291,9.985,2.603,2.536,2.726,-999.000,-999.000,-999.000,-999.000,-999.000,-999.000,5.122,5.101,5.152,-2.679,-2.087,-3.904,-12.068,0.563,0.603,0.666,0.714,0.644,0.665,0.672,0.723,0.499,,,,,,,,
2023-01-30,24,3.013,2.502,3.329,3.020,2.496,3.365,3.071,2.472,3.464,3.073,2.457,3.479,1.635,1.022,2.024,3.007,87.765,0.000,0.000,256.938,321.760,-60.488,0.000,0.000,243.433,0.000,6945.083,0.000,-999.000,-999.000,102.415,0.200,0.200,4.042,5.850,257.068,2.933,5.320,256.009,0.370,3.946,3.873,4.018,4.270,4.246,4.315,4.369,4.346,4.395,-999.000,-999.000,-999.000,8.277,9.986,2.396,2.262,2.546,-999.000,-999.000,-999.000,-999.000,-999.000,-999.000,5.132,5.109,5.152,-3.313,-2.707,-4.555,-11.505,0.562,0.603,0.666,0.714,0.643,0.665,0.672,0.723,0.499,,,,,,,,
