2023-04-21,01,7.250,7.234,7.270,7.235,7.217,7.260,7.219,7.181,7.242,7.199,7.164,7.253,6.949,6.930,6.980,7.106,94.095,0.000,0.000,361.425,350.905,13.337,0.000,0.000,349.612,0.000,7829.067,0.680,-999.000,-999.000,101.577,0.200,0.200,2.974,5.010,56.693,2.051,3.800,57.049,0.429,9.694,9.654,9.727,9.565,9.544,9.587,9.385,9.380,9.394,-999.000,-999.000,-999.000,8.789,9.269,7.773,7.756,7.819,-999.000,-999.000,-999.000,-999.000,-999.000,-999.000,9.536,9.533,9.536,-1.158,-1.340,-2.633,-8.914,0.547,0.611,0.681,0.715,0.582,0.657,0.686,0.733,0.459,,,,,,,,
2023-04-21,02,7.255,7.151,7.432,7.234,7.137,7.432,7.207,7.110,7.429,7.184,7.107,7.410,7.032,6.950,7.191,7.093,96.125,0.000,0.000,363.535,351.373,15.201,0.000,0.000,350.453,0.000,7695.483,0.890,-999.000,-999.000,101.520,0.200,0.200,2.628,6.220,70.992,1.808,4.790,72.669,0.429,9.618,9.568,9.665,9.542,9.518,9.565,9.388,9.380,9.404,-999.000,-999.000,-999.000,8.793,9.274,7.706,7.677,7.756,-999.000,-999.000,-999.000,-999.000,-999.000,-999.000,9.536,9.530,9.536,-1.256,-1.395,-2.670,-8.515,0.547,0.611,0.681,0.715,0.581,0.657,0.686,0.734,0.460,,,,,,,,
2023-04-21,03,7.467,7.376,7.501,7.476,7.375,7.521,7.442,7.294,7.500,7.428,7.280,7.479,7.271,7.211,7.307,7.364,96.533,0.000,0.000,363.890,352.388,14.443,0.000,0.000,351.712,0.000,7662.400,1.820,-999.000,-999.000,101.489,0.200,0.200,2.382,4.260,72.786,1.627,3.680,72.056,0.429,9.566,9.545,9.572,9.516,9.495,9.521,9.382,9.380,9.390,-999.000,-999.000,-999.000,8.796,9.270,7.687,7.675,7.710,-999.000,-999.000,-999.000,-999.000,-999.000,-999.000,9.535,9.526,9.536,-1.351,-1.453,-2.678,-7.995,0.548,0.611,0.681,0.715,0.581,0.657,0.686,0.734,0.461,,,,,,,,
2023-04-21,04,7.340,7.296,7.399,7.348,7.299,7.398,7.270,7.218,7.367,7.266,7.230,7.366,7.135,7.059,7.286,7.177,97.550,0.000,0.000,365.238,351.880,16.814,0.000,0.000,351.758,0.000,7778.333,0.220,-999.000,-999.000,101.462,0.200,0.200,2.233,3.480,50.995,1.482,2.760,47.657,0.429,9.502,9.472,9.548,9.476,9.459,9.502,9.381,9.380,9.387,-999.000,-999.000,-999.000,8.801,9.271,7.646,7.616,7.698,-999.000,-999.000,-999.000,-999.000,-999.000,-999.000,9.533,9.516,9.536,-1.464,-1.555,-2.660,-7.701,0.549,0.612,0.681,0.717,0.582,0.656,0.686,0.734,0.465,,,,,,,,
2023-04-21,05,7.563,7.395,7.663,7.575,7.405,7.683,7.525,7.359,7.638,7.523,7.369,7.623,7.236,7.057,7.358,7.468,97.088,2.942,0.000,363.168,352.727,16.703,3.197,0.000,347.813,0.000,7888.550,0.000,-999.000,-999.000,101.429,0.200,0.200,3.251,4.800,66.955,2.267,4.130,67.727,0.430,9.444,9.420,9.476,9.446,9.429,9.462,9.380,9.377,9.380,-999.000,-999.000,-999.000,8.803,9.278,7.612,7.599,7.639,-999.000,-999.000,-999.000,-999.000,-999.000,-999.000,9.523,9.502,9.536,-1.514,-1.576,-2.615,-7.444,0.552,0.613,0.681,0.718,0.583,0.656,0.686,0.734,0.469,,,,,,,,
2023-04-21,06,7.914,7.673,8.238,7.927,7.689,8.227,7.965,7.607,8.310,7.969,7.609,8.290,7.462,7.027,7.961,7.908,95.518,34.882,4.830,340.752,354.568,16.243,35.062,0.000,321.258,0.000,7980.700,0.000,-999.000,-999.000,101.455,0.200,0.200,3.170,4.720,73.994,2.106,3.970,74.146,0.430,9.381,9.327,9.426,9.391,9.337,9.432,9.360,9.328,9.384,-999.000,-999.000,-999.000,8.802,9.272,7.614,7.572,7.754,-999.000,-999.000,-999.000,-999.000,-999.000,-999.000,9.488,9.467,9.512,-1.501,-1.552,-2.542,-7.114,0.554,0.613,0.682,0.718,0.584,0.655,0.686,0.734,0.471,,,,,,,,
2023-04-21,07,8.910,8.231,9.985,8.935,8.244,10.014,9.060,8.310,10.180,9.041,8.300,10.160,9.184,8.014,10.918,8.968,92.957,164.718,40.818,314.385,364.357,73.928,128.540,90.859,305.052,3.472,7938.700,0.000,-999.000,-999.000,101.479,0.200,0.200,2.143,4.080,81.462,1.495,3.010,81.479,0.431,9.353,9.325,9.390,9.367,9.331,9.399,9.344,9.315,9.371,-999.000,-999.000,-999.000,8.799,9.265,8.040,7.757,8.689,-999.000,-999.000,-999.000,-999.000,-999.000,-999.000,9.498,9.477,9.513,-1.442,-1.505,-2.373,-3.975,0.556,0.613,0.682,0.718,0.586,0.655,0.686,0.735,0.472,,,,,,,,
2023-04-21,08,10.715,9.960,11.387,10.757,9.959,11.442,10.705,9.970,11.400,10.699,9.950,11.360,12.069,10.956,12.986,10.614,85.495,328.303,85.516,321.040,377.135,186.692,239.634,166.782,311.422,5.305,7965.817,0.000,-999.000,-999.000,101.486,0.200,0.200,4.285,8.040,101.729,3.127,5.910,101.598,0.431,9.373,9.319,9.424,9.330,9.306,9.367,9.328,9.303,9.358,-999.000,-999.000,-999.000,8.798,9.264,9.835,8.735,10.920,-999.000,-999.000,-999.000,-999.000,-999.000,-999.000,9.488,9.458,9.523,-1.158,-1.309,-1.711,9.661,0.556,0.613,0.682,0.718,0.587,0.655,0.686,0.735,0.473,,,,,,,,
2023-04-21,09,12.122,10.961,12.737,12.134,10.977,12.763,11.696,10.700,12.240,11.714,10.700,12.260,14.150,11.597,15.240,11.636,81.657,529.014,137.753,327.990,387.713,331.538,372.858,233.001,319.303,7.222,7970.083,0.000,-999.000,-999.000,101.492,0.200,0.200,4.973,8.290,102.060,3.548,6.550,102.309,0.432,9.485,9.415,9.579,9.311,9.286,9.332,9.320,9.304,9.338,-999.000,-999.000,-999.000,8.801,9.272,12.055,10.927,13.446,-999.000,-999.000,-999.000,-999.000,-999.000,-999.000,9.495,9.469,9.521,-0.268,-0.659,-0.029,25.208,0.557,0.613,0.682,0.718,0.587,0.654,0.686,0.735,0.474,,,,,,,,
2023-04-21,10,12.563,12.151,13.468,12.588,12.146,13.520,12.073,11.640,12.810,12.090,11.660,12.840,14.214,13.336,16.091,12.023,79.358,405.829,100.863,343.670,385.463,263.172,350.466,65.034,338.033,1.278,7971.233,0.000,-999.000,-999.000,101.478,0.200,0.200,5.107,8.070,101.145,3.663,6.520,101.545,0.433,9.696,9.579,9.852,9.296,9.276,9.315,9.303,9.280,9.330,-999.000,-999.000,-999.000,8.802,9.267,13.777,13.456,14.206,-999.000,-999.000,-999.000,-999.000,-999.000,-999.000,9.492,9.469,9.511,1.179,0.528,2.354,35.245,0.558,0.614,0.682,0.718,0.588,0.654,0.686,0.735,0.475,,,,,,,,
2023-04-21,11,13.103,12.625,13.448,13.117,12.568,13.500,12.567,12.300,13.100,12.587,12.290,13.100,14.602,13.682,16.015,12.514,77.030,323.386,80.206,359.903,386.798,216.285,308.375,10.278,354.757,0.167,7961.717,0.000,-999.000,-999.000,101.451,0.200,0.200,4.576,7.270,94.091,3.386,6.200,94.443,0.433,9.968,9.832,10.103,9.306,9.284,9.315,9.288,9.270,9.306,-999.000,-999.000,-999.000,8.806,9.264,14.634,14.249,14.819,-999.000,-999.000,-999.000,-999.000,-999.000,-999.000,9.484,9.463,9.511,2.784,1.933,4.562,34.991,0.559,0.614,0.682,0.718,0.588,0.654,0.686,0.735,0.476,,,,,,,,
2023-04-21,12,13.991,13.283,14.811,14.022,13.305,14.853,13.470,12.790,14.170,13.492,12.800,14.190,15.869,14.074,18.395,13.412,73.728,505.965,126.245,346.618,394.887,331.451,399.570,123.960,339.672,0.444,7937.567,0.000,-999.000,-999.000,101.391,0.200,0.200,5.416,8.860,88.502,3.761,6.940,88.609,0.434,10.242,10.106,10.385,9.340,9.315,9.388,9.278,9.252,9.296,-999.000,-999.000,-999.000,8.807,9.267,15.312,14.816,16.177,-999.000,-999.000,-999.000,-999.000,-999.000,-999.000,9.483,9.462,9.508,4.095,3.159,6.200,33.845,0.559,0.614,0.682,0.717,0.588,0.654,0.686,0.735,0.476,,,,,,,,
2023-04-21,13,14.394,14.164,14.663,14.415,14.186,14.685,13.941,13.580,14.270,13.951,13.610,14.270,15.558,14.557,16.384,13.877,71.029,389.611,97.736,363.338,392.253,262.960,349.283,47.038,357.412,0.306,7483.817,0.000,-999.000,-999.000,101.324,0.200,0.200,6.032,10.430,89.809,4.390,7.990,90.378,0.434,10.547,10.382,10.690,9.395,9.349,9.447,9.275,9.255,9.297,-999.000,-999.000,-999.000,8.812,9.274,16.324,16.183,16.474,-999.000,-999.000,-999.000,-999.000,-999.000,-999.000,9.484,9.470,9.508,5.261,4.236,7.720,38.681,0.559,0.615,0.682,0.717,0.588,0.654,0.686,0.735,0.476,,,,,,,,
2023-04-21,14,15.331,14.357,16.961,15.385,14.372,17.041,14.981,14.010,16.460,14.990,14.030,16.480,16.890,14.404,20.377,14.914,69.096,536.524,136.654,346.607,400.307,346.170,294.524,347.714,335.798,5.306,6690.833,0.000,-999.000,-999.000,101.244,0.200,0.200,5.932,10.830,94.025,4.282,9.320,94.691,0.435,10.840,10.693,10.977,9.460,9.414,9.500,9.265,9.239,9.293,-999.000,-999.000,-999.000,8.805,9.271,16.343,16.062,17.197,-999.000,-999.000,-999.000,-999.000,-999.000,-999.000,9.476,9.447,9.508,6.490,5.261,9.066,32.410,0.560,0.615,0.682,0.717,0.588,0.655,0.686,0.735,0.476,,,,,,,,
2023-04-21,15,16.242,15.540,17.165,16.258,15.569,17.252,15.832,15.160,16.940,15.834,15.160,16.950,17.089,14.823,20.443,15.791,63.974,353.332,88.295,361.935,397.885,229.087,287.241,95.114,353.675,2.028,7435.400,0.000,-999.000,-999.000,101.154,0.200,0.200,6.281,10.490,103.902,4.464,8.950,104.406,0.435,11.129,10.970,11.290,9.548,9.491,9.612,9.273,9.255,9.291,-999.000,-999.000,-999.000,8.819,9.271,17.303,16.892,17.768,-999.000,-999.000,-999.000,-999.000,-999.000,-999.000,9.482,9.444,9.505,7.301,6.048,10.021,37.247,0.560,0.615,0.682,0.717,0.588,0.655,0.686,0.735,0.476,,,,,,,,
2023-04-21,16,16.807,16.575,17.087,16.852,16.626,17.145,16.265,15.930,16.610,16.279,15.950,16.620,17.233,16.739,18.095,16.254,63.180,400.358,106.433,339.740,400.457,233.208,255.359,282.420,327.347,8.277,6874.300,0.000,-999.000,-999.000,101.067,0.200,0.200,5.884,9.100,103.666,4.203,8.210,103.773,0.435,11.430,11.282,11.555,9.644,9.607,9.685,9.278,9.268,9.303,-999.000,-999.000,-999.000,8.799,9.251,17.178,17.026,17.267,-999.000,-999.000,-999.000,-999.000,-999.000,-999.000,9.447,9.440,9.467,8.085,6.778,10.970,31.434,0.560,0.616,0.682,0.717,0.588,0.655,0.686,0.735,0.476,,,,,,,,
2023-04-21,17,16.531,16.001,16.905,16.559,16.000,16.950,16.026,15.410,16.270,16.032,15.440,16.280,15.234,13.605,16.695,15.997,64.372,232.693,62.588,322.850,392.797,100.158,101.140,345.004,307.175,7.139,7907.417,0.000,-999.000,-999.000,100.983,0.200,0.200,5.060,8.360,105.026,3.668,7.600,105.987,0.436,11.646,11.552,11.774,9.764,9.686,9.831,9.312,9.268,9.330,-999.000,-999.000,-999.000,8.822,9.269,16.911,16.378,17.270,-999.000,-999.000,-999.000,-999.000,-999.000,-999.000,9.463,9.443,9.488,8.477,7.268,11.279,27.074,0.560,0.616,0.682,0.717,0.588,0.655,0.686,0.736,0.476,,,,,,,,
2023-04-21,18,15.481,12.649,16.056,15.447,12.370,16.067,15.229,11.480,15.880,15.215,11.430,15.870,13.455,11.099,14.147,15.192,68.757,78.633,17.115,356.732,387.733,31.899,73.215,18.274,345.130,0.083,7755.583,0.870,-999.000,-999.000,100.936,0.200,0.263,4.358,18.470,123.468,3.090,16.940,124.955,0.436,11.782,11.741,11.866,9.880,9.841,9.944,9.333,9.312,9.365,-999.000,-999.000,-999.000,8.810,9.276,15.732,15.275,16.341,-999.000,-999.000,-999.000,-999.000,-999.000,-999.000,9.457,9.430,9.501,8.530,7.413,10.860,16.066,0.561,0.617,0.682,0.717,0.588,0.656,0.686,0.736,0.476,,,,,,,,
2023-04-21,19,10.512,9.614,12.474,10.466,9.560,12.285,10.204,9.220,11.280,10.212,9.180,11.290,9.559,8.764,10.885,10.247,86.030,1.411,0.000,330.217,360.253,-24.190,2.289,0.015,336.328,0.000,7602.800,1.510,-999.000,-999.000,100.927,0.200,0.263,2.700,9.470,95.999,1.862,7.720,87.995,0.435,11.808,11.758,11.837,9.996,9.926,10.063,9.373,9.343,9.414,-999.000,-999.000,-999.000,8.818,9.277,14.106,13.206,15.246,-999.000,-999.000,-999.000,-999.000,-999.000,-999.000,9.457,9.428,9.481,8.015,7.177,9.809,4.360,0.561,0.617,0.682,0.717,0.588,0.656,0.686,0.736,0.476,,,,,,,,
2023-04-21,20,8.644,8.209,9.842,8.639,8.204,9.540,8.493,8.140,9.200,8.476,8.120,9.190,8.217,7.509,8.757,8.417,93.330,0.000,0.000,305.857,348.003,-37.506,0.000,0.000,295.213,0.000,7991.817,0.000,-999.000,-999.000,100.880,0.200,0.200,1.771,3.080,32.133,0.912,2.380,16.832,0.435,11.708,11.626,11.780,10.094,10.017,10.144,9.410,9.372,9.453,-999.000,-999.000,-999.000,8.819,9.275,12.473,11.795,13.180,-999.000,-999.000,-999.000,-999.000,-999.000,-999.000,9.457,9.438,9.489,6.810,6.547,7.955,-6.886,0.561,0.617,0.682,0.717,0.588,0.656,0.686,0.736,0.477,,,,,,,,
2023-04-21,21,8.361,8.030,9.081,8.381,8.033,9.127,8.476,8.080,9.470,8.474,8.060,9.490,7.772,7.384,8.476,8.406,94.493,0.000,0.000,342.357,354.200,-6.322,0.000,0.000,333.253,0.000,7982.850,0.030,-999.000,-999.000,100.888,0.200,0.200,2.099,6.030,5.036,1.462,4.280,269.295,0.436,11.524,11.412,11.643,10.188,10.144,10.225,9.464,9.405,9.506,-999.000,-999.000,-999.000,8.842,9.294,11.407,11.099,11.806,-999.000,-999.000,-999.000,-999.000,-999.000,-999.000,9.443,9.425,9.460,5.377,5.463,5.632,-12.191,0.562,0.618,0.683,0.717,0.589,0.656,0.687,0.736,0.477,,,,,,,,
2023-04-21,22,9.515,8.994,9.941,9.529,9.006,9.950,9.605,9.020,9.960,9.607,8.980,10.010,8.365,7.664,8.769,9.568,88.150,0.000,0.000,337.772,358.373,-16.991,0.027,0.000,356.587,0.000,7999.000,0.690,-999.000,-999.000,100.970,0.200,0.200,3.273,6.290,169.973,1.996,4.890,168.958,0.436,11.282,11.187,11.402,10.214,10.179,10.231,9.504,9.457,9.536,-999.000,-999.000,-999.000,8.823,9.286,10.890,10.628,11.079,-999.000,-999.000,-999.000,-999.000,-999.000,-999.000,9.453,9.431,9.467,3.893,4.164,3.590,-11.765,0.562,0.618,0.683,0.717,0.589,0.657,0.687,0.736,0.478,,,,,,,,
2023-04-21,23,8.813,8.006,9.577,8.798,7.949,9.566,8.652,7.653,9.620,8.647,7.604,9.660,7.155,6.277,7.981,8.582,89.090,0.000,0.000,298.288,344.380,-41.399,0.000,0.000,319.260,0.000,7996.350,0.000,-999.000,-999.000,100.892,0.200,0.200,1.472,4.850,264.388,1.052,3.600,115.210,0.436,11.108,11.026,11.174,10.236,10.212,10.277,9.546,9.516,9.579,-999.000,-999.000,-999.000,8.823,9.281,10.188,9.684,10.612,-999.000,-999.000,-999.000,-999.000,-999.000,-999.000,9.451,9.428,9.460,2.776,3.225,2.508,-13.345,0.562,0.618,0.683,0.717,0.590,0.657,0.687,0.736,0.479,,,,,,,,
2023-04-21,24,6.912,5.711,7.960,6.889,5.690,7.926,6.708,5.556,7.637,6.685,5.506,7.612,5.742,4.844,6.585,6.626,96.112,0.000,0.000,285.938,335.373,-44.056,0.000,0.000,272.612,0.000,6138.067,0.000,-999.000,-999.000,100.865,0.200,0.200,1.756,3.560,105.755,1.034,2.170,86.879,0.436,10.922,10.784,11.058,10.243,10.209,10.277,9.583,9.542,9.621,-999.000,-999.000,-999.000,8.826,9.278,9.229,8.768,9.657,-999.000,-999.000,-999.000,-999.000,-999.000,-999.000,9.451,9.418,9.468,1.901,2.359,1.331,-17.956,0.563,0.618,0.683,0.717,0.591,0.657,0.687,0.736,0.479,,,,,,,,
