2023-11-06,01,9.300,8.927,9.502,9.306,8.919,9.538,9.390,9.050,9.630,9.384,9.020,9.620,7.556,7.299,7.976,9.295,88.987,0.000,0.000,301.857,354.450,-48.014,0.000,0.000,301.432,0.000,7945.650,0.000,-999.000,-999.000,99.313,0.200,0.200,6.756,10.670,218.420,5.201,9.770,218.033,0.363,10.234,10.182,10.279,10.713,10.672,10.740,11.052,11.035,11.075,-999.000,-999.000,-999.000,13.779,13.744,8.305,8.273,8.335,-999.000,-999.000,-999.000,-999.000,-999.000,-999.000,11.926,11.863,11.980,-5.925,-2.741,-5.581,-8.728,0.688,0.689,0.688,0.746,0.683,0.683,0.683,0.742,0.561,,,,,,,,
2023-11-06,02,9.288,9.105,9.442,9.311,9.144,9.501,9.352,9.190,9.510,9.342,9.170,9.510,7.523,7.223,8.002,9.260,88.085,0.000,0.000,308.902,354.275,-40.744,0.000,0.000,308.208,0.000,7992.150,0.000,-999.000,-999.000,99.391,0.200,0.200,6.662,10.550,219.931,5.100,9.420,219.193,0.364,10.167,10.122,10.218,10.685,10.633,10.719,11.052,11.032,11.075,-999.000,-999.000,-999.000,13.789,13.752,8.236,8.187,8.289,-999.000,-999.000,-999.000,-999.000,-999.000,-999.000,11.920,11.863,11.982,-6.251,-2.887,-5.901,-8.490,0.688,0.689,0.688,0.746,0.683,0.683,0.683,0.742,0.561,,,,,,,,
2023-11-06,03,9.137,8.834,9.469,9.154,8.840,9.538,9.186,8.940,9.490,9.178,8.930,9.500,7.308,7.051,7.946,9.097,89.497,0.000,0.000,292.565,352.990,-55.972,0.000,0.000,292.565,0.000,7989.083,0.000,-999.000,-999.000,99.463,0.200,0.200,6.249,9.710,221.937,4.753,8.290,221.791,0.364,10.101,10.060,10.132,10.662,10.629,10.683,11.052,11.028,11.079,-999.000,-999.000,-999.000,13.789,13.758,8.196,8.078,8.262,-999.000,-999.000,-999.000,-999.000,-999.000,-999.000,11.909,11.866,11.969,-6.429,-3.014,-6.119,-8.119,0.688,0.689,0.688,0.746,0.683,0.683,0.683,0.741,0.561,,,,,,,,
2023-11-06,04,8.986,8.835,9.186,8.983,8.850,9.178,9.057,8.890,9.190,9.057,8.870,9.190,7.125,6.900,7.399,8.965,89.768,0.000,0.000,288.320,352.005,-59.336,0.000,0.000,288.672,0.000,7951.117,0.000,-999.000,-999.000,99.529,0.200,0.200,6.370,10.100,218.290,4.858,8.930,217.164,0.364,10.049,9.995,10.107,10.644,10.601,10.684,11.044,11.009,11.075,-999.000,-999.000,-999.000,13.763,13.732,8.032,7.970,8.098,-999.000,-999.000,-999.000,-999.000,-999.000,-999.000,11.903,11.854,11.963,-6.551,-3.125,-6.288,-8.789,0.688,0.689,0.688,0.746,0.683,0.683,0.683,0.741,0.561,,,,,,,,
2023-11-06,05,8.822,8.588,9.005,8.824,8.574,9.010,8.868,8.620,9.050,8.862,8.600,9.040,6.904,6.681,7.083,8.794,88.578,0.000,0.000,283.932,350.743,-62.601,0.000,0.000,284.293,0.000,7991.033,0.000,-999.000,-999.000,99.587,0.200,0.200,6.569,10.990,211.909,5.013,9.540,211.780,0.365,9.980,9.925,10.028,10.601,10.565,10.638,11.014,10.990,11.042,-999.000,-999.000,-999.000,13.782,13.747,7.898,7.816,7.977,-999.000,-999.000,-999.000,-999.000,-999.000,-999.000,11.891,11.838,11.957,-6.777,-3.229,-6.541,-9.166,0.688,0.689,0.688,0.746,0.683,0.683,0.683,0.742,0.561,,,,,,,,
2023-11-06,06,8.721,8.605,8.883,8.722,8.588,8.898,8.770,8.620,8.860,8.765,8.600,8.870,6.721,6.516,6.958,8.695,87.238,0.000,0.000,283.255,349.973,-62.542,0.000,0.000,283.378,0.000,7996.117,0.000,-999.000,-999.000,99.641,0.200,0.200,6.947,11.160,210.312,5.310,9.200,210.036,0.365,9.897,9.849,9.945,10.562,10.532,10.598,10.995,10.970,11.030,-999.000,-999.000,-999.000,13.798,13.776,7.746,7.668,7.836,-999.000,-999.000,-999.000,-999.000,-999.000,-999.000,11.875,11.792,11.934,-7.052,-3.334,-6.832,-9.688,0.688,0.689,0.688,0.746,0.683,0.683,0.683,0.741,0.561,,,,,,,,
2023-11-06,07,8.940,8.652,9.147,8.942,8.638,9.176,8.990,8.680,9.170,8.988,8.660,9.190,7.138,6.800,7.311,8.919,87.612,2.689,0.000,292.552,352.172,-52.753,2.594,0.752,292.450,0.000,7983.833,0.000,-999.000,-999.000,99.688,0.200,0.200,7.857,12.530,208.423,6.102,10.430,207.522,0.366,9.837,9.810,9.869,10.537,10.512,10.555,10.991,10.963,11.009,-999.000,-999.000,-999.000,13.787,13.763,7.669,7.638,7.697,-999.000,-999.000,-999.000,-999.000,-999.000,-999.000,11.870,11.792,11.934,-7.376,-3.446,-7.155,-9.610,0.688,0.689,0.688,0.746,0.683,0.683,0.683,0.741,0.561,,,,,,,,
2023-11-06,08,9.215,9.034,9.419,9.226,8.996,9.461,9.275,9.070,9.520,9.273,9.070,9.490,7.446,7.115,7.913,9.188,85.360,65.495,23.335,283.497,353.978,-28.046,31.304,219.748,284.195,7.278,7948.600,0.000,-999.000,-999.000,99.761,0.200,0.200,7.781,12.010,210.039,5.975,10.160,209.463,0.366,9.788,9.724,9.833,10.524,10.473,10.565,11.003,10.966,11.032,-999.000,-999.000,-999.000,13.768,13.744,7.701,7.656,7.778,-999.000,-999.000,-999.000,-999.000,-999.000,-999.000,11.880,11.817,11.970,-7.583,-3.562,-7.370,-8.671,0.688,0.689,0.688,0.746,0.683,0.683,0.683,0.741,0.561,,,,,,,,
2023-11-06,09,9.599,9.362,9.883,9.608,9.353,9.895,9.666,9.470,9.920,9.654,9.450,9.930,8.262,7.919,8.666,9.579,82.533,135.989,44.433,288.778,357.935,22.399,65.177,292.813,289.095,7.194,7927.133,0.000,-999.000,-999.000,99.835,0.200,0.200,8.303,13.500,207.736,6.325,11.640,207.508,0.367,9.735,9.685,9.781,10.491,10.454,10.530,10.988,10.933,11.033,-999.000,-999.000,-999.000,13.780,13.755,7.928,7.747,8.149,-999.000,-999.000,-999.000,-999.000,-999.000,-999.000,11.884,11.803,11.936,-7.508,-3.665,-7.339,-6.242,0.688,0.689,0.688,0.746,0.683,0.683,0.683,0.741,0.561,,,,,,,,
2023-11-06,10,10.450,9.595,11.021,10.459,9.611,11.019,10.481,9.670,11.080,10.474,9.650,11.080,9.680,8.426,10.842,10.410,80.233,224.926,66.505,318.972,365.870,111.523,161.141,172.801,319.282,3.833,7898.617,0.000,-999.000,-999.000,99.888,0.200,0.200,8.637,15.740,208.772,6.712,15.590,208.108,0.367,9.713,9.675,9.734,10.457,10.421,10.502,10.976,10.936,11.002,-999.000,-999.000,-999.000,13.773,13.752,8.588,8.139,9.159,-999.000,-999.000,-999.000,-999.000,-999.000,-999.000,11.879,11.820,11.963,-6.998,-3.719,-6.883,-2.436,0.688,0.689,0.688,0.746,0.683,0.683,0.683,0.741,0.561,,,,,,,,
2023-11-06,11,11.002,10.590,11.449,11.004,10.599,11.470,11.049,10.620,11.480,11.043,10.620,11.510,10.364,9.525,11.200,10.961,76.584,234.019,67.538,337.020,369.413,134.087,177.480,125.427,336.590,2.361,7648.567,0.000,-999.000,-999.000,99.952,0.200,0.200,9.026,13.430,212.768,7.000,11.280,212.546,0.368,9.746,9.700,9.781,10.432,10.400,10.473,10.967,10.939,10.997,-999.000,-999.000,-999.000,13.778,13.756,9.588,9.185,9.893,-999.000,-999.000,-999.000,-999.000,-999.000,-999.000,11.885,11.806,11.940,-5.849,-3.685,-5.772,4.221,0.688,0.689,0.688,0.746,0.683,0.683,0.683,0.741,0.561,,,,,,,,
2023-11-06,12,11.308,11.111,11.580,11.315,11.091,11.619,11.375,11.180,11.670,11.365,11.140,11.700,10.617,10.039,11.269,11.275,74.935,192.268,50.243,344.117,369.983,116.158,174.615,29.235,343.875,0.333,7869.833,0.000,-999.000,-999.000,99.976,0.200,0.200,8.790,14.080,214.978,6.729,12.070,214.192,0.368,9.832,9.777,9.911,10.409,10.367,10.440,10.957,10.933,10.990,-999.000,-999.000,-999.000,13.775,13.752,10.156,9.892,10.298,-999.000,-999.000,-999.000,-999.000,-999.000,-999.000,11.876,11.790,11.945,-3.981,-3.506,-3.999,6.858,0.688,0.689,0.688,0.746,0.683,0.683,0.683,0.742,0.562,,,,,,,,
2023-11-06,13,11.130,10.995,11.325,11.136,11.025,11.298,11.165,11.020,11.330,11.158,11.000,11.320,10.205,9.629,10.788,11.086,77.661,127.601,30.721,349.688,367.655,78.913,122.842,5.180,348.263,0.028,7818.850,0.000,-999.000,-999.000,100.012,0.200,0.200,8.177,12.860,219.080,6.387,10.970,218.265,0.368,9.956,9.895,10.018,10.390,10.354,10.423,10.929,10.897,10.958,-999.000,-999.000,-999.000,13.761,13.743,10.326,10.249,10.396,-999.000,-999.000,-999.000,-999.000,-999.000,-999.000,11.865,11.803,11.918,-2.259,-3.204,-2.409,6.985,0.688,0.689,0.688,0.746,0.683,0.683,0.683,0.742,0.562,,,,,,,,
2023-11-06,14,10.940,10.739,11.207,10.940,10.758,11.222,10.981,10.780,11.210,10.974,10.760,11.200,9.814,9.507,10.171,10.914,79.339,95.931,21.059,344.008,365.857,53.024,93.890,1.800,342.302,0.056,7890.783,0.000,-999.000,-999.000,100.038,0.200,0.200,7.356,12.430,221.381,5.715,10.600,221.104,0.368,10.073,9.992,10.137,10.391,10.360,10.426,10.915,10.884,10.943,-999.000,-999.000,-999.000,13.767,13.751,10.197,10.157,10.275,-999.000,-999.000,-999.000,-999.000,-999.000,-999.000,11.867,11.808,11.936,-1.162,-2.868,-1.413,4.441,0.688,0.689,0.688,0.746,0.683,0.683,0.683,0.742,0.562,,,,,,,,
2023-11-06,15,11.115,10.947,11.246,11.121,10.995,11.227,11.171,11.050,11.280,11.156,11.040,11.270,9.802,9.518,10.072,11.093,78.577,71.408,14.702,339.252,365.762,30.207,68.603,3.541,338.422,0.111,7818.617,0.000,-999.000,-999.000,100.070,0.200,0.200,6.908,11.270,222.248,5.313,9.190,221.787,0.369,10.154,10.109,10.189,10.398,10.372,10.431,10.902,10.869,10.926,-999.000,-999.000,-999.000,13.773,13.760,10.155,10.085,10.194,-999.000,-999.000,-999.000,-999.000,-999.000,-999.000,11.861,11.776,11.928,-0.838,-2.584,-1.115,3.029,0.688,0.689,0.688,0.747,0.683,0.683,0.683,0.742,0.562,,,,,,,,
2023-11-06,16,10.759,10.315,11.140,10.759,10.311,11.122,10.786,10.290,11.130,10.782,10.270,11.150,9.048,8.385,9.551,10.713,79.621,23.995,4.474,332.898,361.882,-7.878,20.796,31.271,331.765,1.167,7967.967,0.000,-999.000,-999.000,100.116,0.200,0.200,6.251,10.950,225.746,4.747,8.840,225.051,0.369,10.217,10.185,10.253,10.428,10.389,10.463,10.893,10.844,10.923,-999.000,-999.000,-999.000,13.761,13.746,9.958,9.758,10.109,-999.000,-999.000,-999.000,-999.000,-999.000,-999.000,11.858,11.777,11.912,-0.830,-2.379,-1.092,0.816,0.688,0.689,0.688,0.747,0.683,0.683,0.684,0.742,0.562,,,,,,,,
2023-11-06,17,10.023,9.416,10.511,10.029,9.445,10.497,10.082,9.560,10.480,10.069,9.540,10.490,7.925,7.049,8.723,9.997,83.452,0.183,0.000,303.622,355.747,-47.007,0.242,0.000,303.803,0.000,7941.917,0.000,-999.000,-999.000,100.182,0.200,0.200,5.158,8.060,218.197,3.894,6.990,217.213,0.369,10.246,10.213,10.275,10.436,10.388,10.468,10.881,10.841,10.909,-999.000,-999.000,-999.000,13.753,13.743,9.546,9.233,9.771,-999.000,-999.000,-999.000,-999.000,-999.000,-999.000,11.843,11.775,11.887,-1.171,-2.242,-1.429,-2.700,0.688,0.689,0.689,0.747,0.683,0.683,0.684,0.742,0.562,,,,,,,,
2023-11-06,18,9.303,9.006,9.519,9.313,9.025,9.535,9.372,9.030,9.640,9.363,8.980,9.660,7.112,6.732,7.500,9.294,86.495,0.000,0.000,287.355,351.638,-59.960,0.000,0.000,288.180,0.000,7998.283,0.000,-999.000,-999.000,100.259,0.200,0.200,5.361,9.230,206.831,3.912,6.460,206.048,0.369,10.238,10.220,10.272,10.465,10.440,10.502,10.880,10.844,10.907,-999.000,-999.000,-999.000,13.754,13.742,8.989,8.754,9.243,-999.000,-999.000,-999.000,-999.000,-999.000,-999.000,11.836,11.772,11.887,-1.999,-2.191,-2.224,-6.448,0.689,0.689,0.689,0.747,0.683,0.683,0.684,0.742,0.562,,,,,,,,
2023-11-06,19,9.003,8.772,9.185,9.002,8.738,9.186,9.041,8.820,9.230,9.040,8.790,9.230,6.799,6.571,6.977,8.970,88.092,0.000,0.000,282.875,350.527,-63.358,0.000,0.000,283.708,0.000,7997.683,0.000,-999.000,-999.000,100.310,0.200,0.200,5.482,8.850,208.146,4.046,7.850,207.693,0.370,10.185,10.133,10.239,10.475,10.443,10.509,10.867,10.824,10.907,-999.000,-999.000,-999.000,13.742,13.733,8.559,8.400,8.754,-999.000,-999.000,-999.000,-999.000,-999.000,-999.000,11.829,11.755,11.900,-3.217,-2.240,-3.331,-8.387,0.689,0.689,0.689,0.747,0.683,0.683,0.684,0.742,0.562,,,,,,,,
2023-11-06,20,9.009,8.771,9.217,9.016,8.783,9.246,9.028,8.860,9.190,9.018,8.840,9.200,6.781,6.572,6.948,8.952,87.225,0.000,0.000,282.772,350.225,-63.067,0.000,0.000,283.463,0.000,7999.000,0.000,-999.000,-999.000,100.367,0.200,0.200,5.594,9.090,212.584,4.135,7.060,212.186,0.370,10.095,10.051,10.140,10.464,10.436,10.493,10.846,10.824,10.874,-999.000,-999.000,-999.000,13.765,13.762,8.253,8.117,8.397,-999.000,-999.000,-999.000,-999.000,-999.000,-999.000,11.800,11.742,11.874,-4.437,-2.368,-4.382,-9.408,0.689,0.689,0.689,0.747,0.683,0.683,0.684,0.742,0.562,,,,,,,,
2023-11-06,21,8.928,8.619,9.164,8.927,8.621,9.147,8.991,8.700,9.190,8.979,8.680,9.190,6.780,6.575,6.965,8.914,87.128,0.000,0.000,284.812,350.205,-60.924,0.000,0.000,285.215,0.000,7988.800,0.000,-999.000,-999.000,100.418,0.200,0.200,5.528,8.830,212.155,4.166,7.860,211.658,0.370,10.008,9.968,10.057,10.460,10.436,10.489,10.845,10.821,10.868,-999.000,-999.000,-999.000,13.761,13.758,8.028,7.945,8.136,-999.000,-999.000,-999.000,-999.000,-999.000,-999.000,11.796,11.755,11.848,-5.446,-2.538,-5.234,-9.786,0.689,0.690,0.689,0.747,0.683,0.683,0.684,0.742,0.562,,,,,,,,
2023-11-06,22,8.638,8.457,8.794,8.653,8.443,8.849,8.703,8.550,8.830,8.691,8.540,8.840,6.507,6.361,6.711,8.626,89.147,0.000,0.000,282.537,348.915,-61.984,0.000,0.000,283.352,0.000,7086.017,0.000,-999.000,-999.000,100.465,0.200,0.200,5.223,8.220,205.805,3.838,7.050,204.702,0.371,9.922,9.870,9.988,10.454,10.434,10.494,10.863,10.821,10.893,-999.000,-999.000,-999.000,13.747,13.743,7.821,7.727,7.945,-999.000,-999.000,-999.000,-999.000,-999.000,-999.000,11.780,11.736,11.839,-6.195,-2.719,-5.887,-10.000,0.689,0.690,0.689,0.747,0.683,0.683,0.684,0.742,0.562,,,,,,,,
2023-11-06,23,8.677,8.503,8.850,8.701,8.492,8.866,8.748,8.560,8.890,8.749,8.550,8.910,6.619,6.434,6.780,8.681,89.400,0.000,0.000,282.423,349.445,-62.649,0.000,0.000,283.030,0.000,7441.967,0.000,-999.000,-999.000,100.489,0.200,0.200,5.668,8.500,206.290,4.191,6.850,205.005,0.371,9.842,9.784,9.889,10.452,10.424,10.481,10.882,10.857,10.910,-999.000,-999.000,-999.000,13.731,13.732,7.669,7.608,7.727,-999.000,-999.000,-999.000,-999.000,-999.000,-999.000,11.792,11.711,11.853,-6.768,-2.892,-6.405,-10.101,0.689,0.690,0.689,0.747,0.683,0.683,0.684,0.742,0.562,,,,,,,,
2023-11-06,24,8.270,7.954,8.681,8.277,7.967,8.678,8.324,8.020,8.730,8.313,7.993,8.730,6.263,6.031,6.569,8.268,90.460,0.000,0.000,282.142,347.720,-61.289,0.000,0.000,283.112,0.000,7829.217,0.000,-999.000,-999.000,100.536,0.200,0.200,5.313,8.380,199.904,3.765,7.110,198.059,0.371,9.784,9.756,9.814,10.446,10.416,10.468,10.879,10.857,10.910,-999.000,-999.000,-999.000,13.728,13.725,7.523,7.411,7.615,-999.000,-999.000,-999.000,-999.000,-999.000,-999.000,11.803,11.724,11.861,-7.196,-3.054,-6.802,-10.152,0.689,0.690,0.689,0.747,0.683,0.683,0.684,0.742,0.562,,,,,,,,
