2023-01-11,01,10.072,9.877,10.252,10.066,9.848,10.261,10.140,9.930,10.320,10.126,9.910,10.320,9.720,9.537,9.843,10.088,93.980,0.000,0.000,363.728,364.265,2.512,0.000,0.000,355.463,0.000,6708.733,0.350,-999.000,-999.000,100.607,0.200,0.200,9.066,13.360,193.728,6.961,10.990,192.487,0.292,6.879,6.803,6.957,6.717,6.680,6.752,7.116,7.098,7.156,-999.000,-999.000,-999.000,9.090,10.318,7.632,7.423,7.829,-999.000,-999.000,-999.000,-999.000,-999.000,-999.000,8.001,7.977,8.021,0.537,-1.312,-0.507,8.913,0.654,0.651,0.669,0.712,0.689,0.694,0.680,0.731,0.515,,,,,,,,
2023-01-11,02,10.270,10.180,10.422,10.257,10.159,10.422,10.307,10.210,10.450,10.277,10.190,10.440,9.864,9.780,9.996,10.242,95.630,0.000,0.000,365.188,365.912,2.315,0.000,0.000,357.130,0.000,6288.133,1.000,-999.000,-999.000,100.582,0.200,0.200,8.780,13.280,195.364,6.826,10.930,194.208,0.291,7.071,6.967,7.170,6.771,6.751,6.800,7.118,7.104,7.127,-999.000,-999.000,-999.000,9.080,10.303,8.022,7.835,8.195,-999.000,-999.000,-999.000,-999.000,-999.000,-999.000,7.998,7.983,8.003,1.502,-0.673,0.349,10.554,0.655,0.651,0.669,0.712,0.689,0.694,0.680,0.730,0.516,,,,,,,,
2023-01-11,03,10.619,10.432,10.806,10.598,10.428,10.764,10.642,10.480,10.840,10.623,10.460,10.810,10.202,9.976,10.428,10.601,96.297,0.000,0.000,367.797,368.515,1.868,0.000,0.000,359.748,0.000,5997.350,1.300,-999.000,-999.000,100.572,0.200,0.200,8.000,12.370,200.104,6.266,10.050,198.720,0.290,7.243,7.153,7.310,6.814,6.800,6.839,7.132,7.107,7.163,-999.000,-999.000,-999.000,9.097,10.296,8.339,8.188,8.488,-999.000,-999.000,-999.000,-999.000,-999.000,-999.000,7.979,7.948,7.996,2.417,0.024,1.202,11.591,0.656,0.651,0.669,0.712,0.689,0.694,0.680,0.730,0.516,,,,,,,,
2023-01-11,04,11.005,10.726,11.171,11.003,10.708,11.196,11.067,10.780,11.250,11.051,10.780,11.220,10.678,10.398,10.830,11.015,96.438,0.000,0.000,370.947,371.525,2.360,0.000,0.000,362.623,0.000,5908.417,0.900,-999.000,-999.000,100.585,0.200,0.200,6.671,10.190,214.915,5.263,9.820,213.921,0.290,7.372,7.296,7.433,6.852,6.818,6.890,7.108,7.099,7.129,-999.000,-999.000,-999.000,9.091,10.303,8.626,8.488,8.785,-999.000,-999.000,-999.000,-999.000,-999.000,-999.000,7.963,7.951,7.978,3.193,0.716,1.996,12.421,0.657,0.652,0.669,0.712,0.690,0.695,0.680,0.730,0.516,,,,,,,,
2023-01-11,05,11.297,11.131,11.509,11.337,11.130,11.600,11.344,11.190,11.520,11.345,11.160,11.570,10.927,10.787,11.077,11.349,95.077,0.000,0.000,370.263,372.682,0.776,0.062,0.000,361.822,0.000,6787.317,0.570,-999.000,-999.000,100.627,0.200,0.200,6.588,9.920,229.900,5.205,8.810,228.488,0.289,7.514,7.442,7.560,6.931,6.897,6.946,7.110,7.099,7.145,-999.000,-999.000,-999.000,9.071,10.303,8.898,8.788,9.027,-999.000,-999.000,-999.000,-999.000,-999.000,-999.000,7.962,7.951,7.971,3.777,1.380,2.660,12.912,0.656,0.652,0.669,0.712,0.690,0.695,0.680,0.730,0.516,,,,,,,,
2023-01-11,06,11.377,11.131,11.525,11.393,11.137,11.583,11.388,11.190,11.570,11.410,11.210,11.610,10.863,10.556,11.107,11.410,91.708,0.000,0.000,363.328,371.787,-4.477,0.376,0.000,355.955,0.000,7348.200,0.030,-999.000,-999.000,100.680,0.200,0.200,6.085,9.160,247.185,4.827,8.060,246.838,0.289,7.630,7.560,7.691,7.000,6.942,7.040,7.168,7.135,7.177,-999.000,-999.000,-999.000,9.083,10.293,9.077,9.027,9.106,-999.000,-999.000,-999.000,-999.000,-999.000,-999.000,7.966,7.951,7.977,4.172,1.958,3.173,12.805,0.655,0.652,0.669,0.712,0.690,0.695,0.680,0.730,0.516,,,,,,,,
2023-01-11,07,10.673,10.236,11.118,10.687,10.232,11.124,10.734,10.310,11.130,10.737,10.310,11.140,10.035,9.471,10.507,10.685,89.440,0.000,0.000,343.643,363.680,-15.326,0.000,0.000,335.170,0.000,7262.117,0.000,-999.000,-999.000,100.721,0.200,0.200,6.233,10.600,254.184,4.802,9.000,253.046,0.289,7.735,7.688,7.794,7.052,7.037,7.077,7.146,7.138,7.162,-999.000,-999.000,-999.000,9.100,10.307,8.986,8.815,9.093,-999.000,-999.000,-999.000,-999.000,-999.000,-999.000,7.946,7.922,7.974,4.284,2.501,3.493,10.746,0.655,0.651,0.669,0.712,0.690,0.695,0.680,0.730,0.516,,,,,,,,
2023-01-11,08,9.978,9.530,10.224,9.977,9.520,10.219,10.030,9.540,10.320,10.024,9.500,10.340,9.201,8.489,9.537,9.961,87.500,0.820,0.000,330.895,359.455,-22.198,0.818,0.000,321.225,0.000,7644.467,0.000,-999.000,-999.000,100.812,0.200,0.200,5.428,8.810,258.956,4.050,7.090,259.581,0.289,7.833,7.807,7.851,7.109,7.064,7.144,7.190,7.167,7.212,-999.000,-999.000,-999.000,9.091,10.296,8.637,8.437,8.816,-999.000,-999.000,-999.000,-999.000,-999.000,-999.000,7.946,7.926,7.964,4.023,2.841,3.381,6.357,0.652,0.651,0.669,0.711,0.690,0.695,0.680,0.730,0.515,,,,,,,,
2023-01-11,09,9.159,8.620,9.573,9.150,8.586,9.592,9.216,8.650,9.640,9.212,8.640,9.640,8.372,7.726,8.883,9.137,87.908,11.174,0.000,311.878,355.125,-27.762,11.059,0.000,301.600,0.000,7455.733,0.000,-999.000,-999.000,100.917,0.200,0.200,4.804,7.750,248.848,3.668,6.600,247.674,0.289,7.886,7.837,7.919,7.170,7.121,7.222,7.186,7.147,7.221,-999.000,-999.000,-999.000,9.108,10.315,8.170,7.933,8.408,-999.000,-999.000,-999.000,-999.000,-999.000,-999.000,7.932,7.898,7.969,3.389,2.825,2.808,2.132,0.653,0.651,0.669,0.711,0.690,0.695,0.680,0.730,0.515,,,,,,,,
2023-01-11,10,8.721,8.437,9.221,8.746,8.433,9.290,8.785,8.410,9.440,8.770,8.400,9.400,8.250,7.474,9.655,8.654,88.548,69.685,14.637,287.685,353.160,-10.148,38.016,135.995,274.818,3.916,7095.617,0.000,-999.000,-999.000,100.996,0.200,0.200,4.925,9.040,243.864,3.891,7.730,243.499,0.287,7.862,7.822,7.896,7.242,7.222,7.290,7.233,7.221,7.267,-999.000,-999.000,-999.000,9.110,10.297,7.730,7.590,7.929,-999.000,-999.000,-999.000,-999.000,-999.000,-999.000,7.928,7.888,7.966,2.529,2.485,1.917,-1.618,0.653,0.651,0.669,0.711,0.691,0.695,0.680,0.730,0.515,,,,,,,,
2023-01-11,11,9.631,9.294,10.023,9.653,9.333,10.045,9.757,9.480,10.230,9.717,9.420,10.130,9.874,9.400,10.657,9.527,84.410,185.044,52.407,294.193,360.318,66.513,96.292,323.925,280.965,7.055,6934.967,0.000,-999.000,-999.000,101.037,0.200,0.200,6.752,10.420,235.295,5.285,9.060,234.931,0.286,7.817,7.774,7.839,7.294,7.251,7.321,7.261,7.217,7.295,-999.000,-999.000,-999.000,9.099,10.285,8.110,7.649,8.475,-999.000,-999.000,-999.000,-999.000,-999.000,-999.000,7.932,7.896,7.964,1.711,1.928,0.993,1.006,0.653,0.651,0.669,0.711,0.691,0.696,0.681,0.730,0.515,,,,,,,,
2023-01-11,12,9.979,9.717,10.155,9.998,9.712,10.203,10.083,9.740,10.340,10.037,9.730,10.290,10.086,9.259,10.647,9.868,80.622,194.951,54.534,292.055,361.232,71.241,101.018,313.385,278.087,5.611,7000.400,0.000,-999.000,-999.000,101.061,0.200,0.200,8.077,12.660,240.624,6.319,11.180,240.396,0.286,7.829,7.774,7.872,7.321,7.295,7.342,7.284,7.249,7.316,-999.000,-999.000,-999.000,9.121,10.318,8.870,8.478,9.057,-999.000,-999.000,-999.000,-999.000,-999.000,-999.000,7.937,7.919,7.958,1.736,1.465,0.931,8.334,0.653,0.651,0.669,0.711,0.691,0.696,0.681,0.730,0.515,,,,,,,,
2023-01-11,13,9.891,9.706,10.167,9.900,9.718,10.202,9.928,9.730,10.270,9.914,9.720,10.230,9.608,9.255,10.475,9.828,77.187,121.593,26.989,325.860,360.165,60.299,109.560,38.378,317.248,0.583,7016.617,0.000,-999.000,-999.000,101.083,0.200,0.200,8.629,14.760,240.579,6.799,11.700,240.524,0.285,7.916,7.872,7.973,7.361,7.333,7.410,7.311,7.274,7.338,-999.000,-999.000,-999.000,9.111,10.301,9.002,8.942,9.048,-999.000,-999.000,-999.000,-999.000,-999.000,-999.000,7.927,7.906,7.948,2.349,1.384,1.564,9.316,0.653,0.651,0.669,0.711,0.691,0.696,0.681,0.730,0.515,,,,,,,,
2023-01-11,14,10.078,9.766,10.295,10.089,9.789,10.304,10.131,9.800,10.370,10.106,9.800,10.350,9.907,9.384,10.510,9.995,75.019,162.075,44.018,313.157,360.658,70.555,125.915,152.712,303.105,4.722,7155.650,0.000,-999.000,-999.000,101.087,0.200,0.200,8.506,15.390,241.584,6.723,11.490,241.425,0.284,8.030,7.960,8.103,7.393,7.364,7.413,7.339,7.312,7.374,-999.000,-999.000,-999.000,9.114,10.301,8.957,8.870,9.069,-999.000,-999.000,-999.000,-999.000,-999.000,-999.000,7.930,7.904,7.955,2.657,1.516,2.244,7.830,0.653,0.651,0.669,0.711,0.691,0.696,0.681,0.730,0.515,,,,,,,,
2023-01-11,15,9.763,9.324,10.139,9.761,9.307,10.128,9.788,9.330,10.190,9.775,9.310,10.160,9.088,8.348,9.911,9.685,74.008,76.944,20.681,289.278,355.447,-9.906,55.874,124.747,276.033,4.694,7349.267,0.000,-999.000,-999.000,101.069,0.200,0.200,8.636,13.890,239.049,6.758,12.220,238.695,0.284,8.123,8.100,8.184,7.419,7.380,7.477,7.357,7.330,7.389,-999.000,-999.000,-999.000,9.123,10.315,8.795,8.429,9.056,-999.000,-999.000,-999.000,-999.000,-999.000,-999.000,7.913,7.883,7.955,2.770,1.697,2.758,6.342,0.653,0.651,0.669,0.711,0.691,0.696,0.681,0.730,0.515,,,,,,,,
2023-01-11,16,9.194,8.857,9.500,9.197,8.860,9.516,9.193,8.750,9.540,9.189,8.740,9.540,8.112,7.601,8.565,9.098,75.775,16.583,2.643,288.520,351.080,-46.662,13.969,27.653,275.290,1.305,7339.583,0.000,-999.000,-999.000,101.070,0.200,0.200,6.481,10.940,227.791,5.005,9.080,226.870,0.284,8.133,8.113,8.175,7.479,7.452,7.500,7.388,7.350,7.418,-999.000,-999.000,-999.000,9.124,10.310,8.009,7.618,8.443,-999.000,-999.000,-999.000,-999.000,-999.000,-999.000,7.922,7.885,7.950,2.435,1.695,2.384,-1.460,0.653,0.651,0.669,0.711,0.691,0.696,0.681,0.730,0.515,,,,,,,,
2023-01-11,17,9.292,8.886,9.536,9.303,8.889,9.572,9.327,9.020,9.600,9.321,9.010,9.590,8.253,7.791,8.624,9.226,73.446,0.000,0.000,308.002,352.172,-40.707,0.000,0.000,296.987,0.000,7464.233,0.000,-999.000,-999.000,101.094,0.200,0.200,8.068,12.760,225.249,6.190,11.950,225.178,0.285,8.029,7.978,8.125,7.514,7.500,7.526,7.414,7.398,7.431,-999.000,-999.000,-999.000,9.112,10.309,7.361,7.160,7.618,-999.000,-999.000,-999.000,-999.000,-999.000,-999.000,7.918,7.901,7.946,1.408,1.241,1.136,-6.615,0.654,0.651,0.669,0.711,0.691,0.696,0.681,0.730,0.515,,,,,,,,
2023-01-11,18,9.471,9.303,9.671,9.483,9.312,9.690,9.498,9.320,9.660,9.488,9.300,9.650,8.558,8.329,8.755,9.409,70.843,0.000,0.000,327.775,353.895,-22.527,0.000,0.000,318.537,0.000,7622.483,0.000,-999.000,-999.000,101.097,0.200,0.200,8.323,13.670,218.344,6.550,11.270,218.233,0.286,7.888,7.801,7.978,7.549,7.523,7.575,7.432,7.408,7.457,-999.000,-999.000,-999.000,9.111,10.297,7.098,7.065,7.160,-999.000,-999.000,-999.000,-999.000,-999.000,-999.000,7.932,7.904,7.946,0.345,0.575,-0.058,-7.179,0.653,0.651,0.669,0.711,0.691,0.696,0.681,0.730,0.515,,,,,,,,
2023-01-11,19,9.428,8.972,9.621,9.420,8.968,9.643,9.438,8.980,9.630,9.426,8.950,9.630,8.603,8.149,8.852,9.360,73.900,0.000,0.000,345.982,355.340,-5.912,0.000,0.000,336.373,0.000,7629.050,0.040,-999.000,-999.000,101.053,0.200,0.200,8.381,14.090,212.544,6.556,12.350,212.279,0.287,7.774,7.722,7.804,7.572,7.552,7.575,7.467,7.437,7.477,-999.000,-999.000,-999.000,9.127,10.307,7.064,7.028,7.124,-999.000,-999.000,-999.000,-999.000,-999.000,-999.000,7.943,7.930,7.950,-0.380,-0.016,-0.801,-5.774,0.656,0.652,0.668,0.712,0.691,0.696,0.681,0.730,0.515,,,,,,,,
2023-01-11,20,8.850,8.434,9.100,8.845,8.414,9.106,8.871,8.420,9.140,8.844,8.360,9.110,8.135,7.642,8.339,8.799,80.499,0.000,0.000,346.492,353.822,-4.367,0.000,0.000,336.005,0.000,7610.600,0.270,-999.000,-999.000,100.983,0.200,0.200,8.543,13.710,214.572,6.695,11.760,214.491,0.286,7.688,7.664,7.739,7.544,7.517,7.569,7.472,7.451,7.505,-999.000,-999.000,-999.000,9.131,10.319,7.152,7.124,7.174,-999.000,-999.000,-999.000,-999.000,-999.000,-999.000,7.909,7.882,7.927,-0.743,-0.414,-1.093,-3.629,0.662,0.654,0.666,0.713,0.691,0.696,0.681,0.729,0.515,,,,,,,,
2023-01-11,21,8.364,8.183,8.507,8.323,8.130,8.493,8.374,8.180,8.530,8.326,8.140,8.490,7.623,7.394,7.849,8.327,87.497,0.000,0.000,348.448,353.188,-2.567,0.000,0.000,339.760,0.000,7182.100,2.660,-999.000,-999.000,100.978,0.200,0.200,7.988,13.650,217.784,6.368,11.530,216.696,0.285,7.643,7.606,7.698,7.538,7.518,7.561,7.489,7.476,7.505,-999.000,-999.000,-999.000,9.112,10.285,7.206,7.161,7.228,-999.000,-999.000,-999.000,-999.000,-999.000,-999.000,7.922,7.889,7.929,-0.851,-0.616,-1.145,-2.623,0.656,0.651,0.668,0.712,0.691,0.696,0.681,0.730,0.516,,,,,,,,
2023-01-11,22,8.276,8.108,8.492,8.268,8.064,8.518,8.300,8.140,8.520,8.268,8.060,8.510,7.707,7.558,7.839,8.222,88.612,0.000,0.000,330.782,351.770,-18.248,0.000,0.000,318.905,0.000,7428.900,0.000,-999.000,-999.000,100.934,0.200,0.200,7.584,11.950,214.052,5.987,10.120,214.171,0.284,7.607,7.603,7.617,7.518,7.509,7.529,7.483,7.472,7.496,-999.000,-999.000,-999.000,9.104,10.285,7.206,7.116,7.228,-999.000,-999.000,-999.000,-999.000,-999.000,-999.000,7.921,7.910,7.929,-0.836,-0.712,-1.155,-2.084,0.656,0.651,0.668,0.712,0.691,0.696,0.681,0.730,0.516,,,,,,,,
2023-01-11,23,8.765,8.472,8.999,8.768,8.472,8.995,8.802,8.470,9.060,8.788,8.460,9.070,8.068,7.682,8.380,8.701,83.610,0.000,0.000,340.023,352.950,-8.947,0.000,0.000,332.237,0.000,7609.433,0.000,-999.000,-999.000,100.908,0.200,0.200,8.066,12.440,221.135,6.336,11.850,220.408,0.284,7.604,7.586,7.610,7.520,7.502,7.538,7.514,7.479,7.538,-999.000,-999.000,-999.000,9.112,10.284,7.065,7.023,7.113,-999.000,-999.000,-999.000,-999.000,-999.000,-999.000,7.919,7.885,7.936,-0.855,-0.784,-1.243,-3.190,0.655,0.651,0.668,0.712,0.691,0.696,0.681,0.730,0.515,,,,,,,,
2023-01-11,24,8.671,8.405,8.992,8.673,8.381,8.992,8.708,8.430,9.060,8.684,8.410,9.060,8.137,7.986,8.412,8.624,87.263,0.000,0.000,351.045,354.808,-0.327,0.000,0.000,341.337,0.000,7520.400,0.280,-999.000,-999.000,100.926,0.200,0.200,8.212,14.840,221.964,6.563,12.440,221.143,0.284,7.578,7.556,7.603,7.504,7.481,7.521,7.512,7.491,7.528,-999.000,-999.000,-999.000,9.144,10.312,7.160,7.089,7.252,-999.000,-999.000,-999.000,-999.000,-999.000,-999.000,7.889,7.875,7.901,-0.924,-0.890,-1.389,-1.851,0.655,0.651,0.668,0.711,0.691,0.696,0.681,0.730,0.515,,,,,,,,
