2023-07-20,01,15.001,14.764,15.291,15.004,14.789,15.295,15.041,14.780,15.340,15.024,14.790,15.300,14.387,13.898,14.767,14.952,93.710,0.000,0.000,393.912,387.555,10.843,0.000,0.000,378.393,0.000,7999.000,0.090,-999.000,-999.000,101.388,0.200,0.200,2.589,4.130,338.954,1.601,3.340,338.665,0.824,18.582,18.521,18.660,18.785,18.736,18.827,18.446,18.426,18.465,-999.000,-999.000,-999.000,14.859,12.861,17.607,17.257,18.005,-999.000,-999.000,-999.000,-999.000,-999.000,-999.000,19.520,19.494,19.551,-2.184,-1.753,-2.589,-26.186,0.188,0.255,0.223,0.625,0.233,0.317,0.356,0.615,0.432,,,,,,,,
2023-07-20,02,13.967,13.321,14.731,13.984,13.346,14.767,14.027,13.380,14.760,13.998,13.380,14.750,12.186,10.574,13.799,13.903,95.892,0.000,0.000,374.757,373.762,6.908,0.000,0.000,326.370,0.000,7958.233,0.000,-999.000,-999.000,101.393,0.200,0.200,1.756,2.540,331.508,0.844,1.710,322.924,0.824,18.433,18.324,18.533,18.706,18.653,18.746,18.447,18.425,18.477,-999.000,-999.000,-999.000,14.853,12.851,16.756,16.283,17.247,-999.000,-999.000,-999.000,-999.000,-999.000,-999.000,19.532,19.504,19.552,-2.430,-1.926,-3.017,-31.619,0.188,0.255,0.223,0.625,0.233,0.316,0.356,0.615,0.430,,,,,,,,
2023-07-20,03,12.553,11.816,13.278,12.563,11.798,13.293,12.600,11.820,13.330,12.584,11.800,13.310,9.804,9.061,10.502,12.497,97.838,0.000,0.000,317.055,359.910,-36.143,0.000,0.000,312.103,0.000,2788.817,0.000,-999.000,-999.000,101.397,0.200,0.200,1.739,2.260,318.691,0.829,1.440,305.182,0.824,18.126,17.928,18.318,18.636,18.587,18.685,18.430,18.414,18.455,-999.000,-999.000,-999.000,14.857,12.863,15.720,15.244,16.260,-999.000,-999.000,-999.000,-999.000,-999.000,-999.000,19.529,19.508,19.559,-3.233,-2.565,-4.023,-38.213,0.187,0.254,0.223,0.625,0.233,0.316,0.356,0.616,0.428,,,,,,,,
2023-07-20,04,11.310,10.529,11.885,11.312,10.531,11.878,11.249,10.180,11.910,11.231,10.180,11.920,8.259,7.600,9.253,11.157,97.922,2.639,0.000,313.857,355.053,-31.044,2.515,0.021,309.885,0.000,1034.355,0.000,-999.000,-999.000,101.434,0.200,0.200,1.487,2.230,279.874,0.346,0.820,191.395,0.824,17.716,17.508,17.921,18.549,18.490,18.597,18.415,18.386,18.435,-999.000,-999.000,-999.000,14.862,12.862,14.901,14.547,15.241,-999.000,-999.000,-999.000,-999.000,-999.000,-999.000,19.528,19.500,19.561,-4.553,-3.824,-5.586,-40.532,0.187,0.254,0.223,0.626,0.232,0.315,0.356,0.615,0.426,,,,,,,,
2023-07-20,05,11.612,10.482,14.065,11.615,10.468,14.043,11.766,10.170,14.040,11.740,10.170,14.010,11.323,7.975,15.429,11.612,99.087,59.688,11.901,347.315,372.140,23.772,43.411,34.080,344.147,3.250,4503.733,0.000,-999.000,-999.000,101.472,0.200,0.200,1.301,2.140,298.919,0.516,1.880,358.491,0.825,17.335,17.193,17.516,18.453,18.381,18.525,18.388,18.370,18.415,-999.000,-999.000,-999.000,14.865,12.860,14.804,14.416,15.589,-999.000,-999.000,-999.000,-999.000,-999.000,-999.000,19.533,19.505,19.556,-5.713,-5.241,-7.014,-33.610,0.187,0.253,0.223,0.626,0.232,0.314,0.356,0.614,0.424,,,,,,,,
2023-07-20,06,13.877,13.407,14.399,13.868,13.393,14.407,13.934,13.460,14.450,13.915,13.410,14.440,14.456,12.871,16.839,13.810,97.593,124.908,24.858,323.628,386.708,37.015,64.090,146.909,317.398,3.528,7999.000,0.000,-999.000,-999.000,101.503,0.200,0.200,1.784,3.030,303.991,1.130,2.830,301.415,0.825,17.228,17.183,17.272,18.318,18.244,18.390,18.358,18.328,18.389,-999.000,-999.000,-999.000,14.857,12.859,15.947,15.631,16.462,-999.000,-999.000,-999.000,-999.000,-999.000,-999.000,19.526,19.500,19.553,-5.757,-5.672,-6.982,-17.202,0.186,0.253,0.223,0.626,0.232,0.314,0.356,0.614,0.424,,,,,,,,
2023-07-20,07,15.432,14.488,16.290,15.460,14.452,16.284,15.512,14.510,16.780,15.533,14.520,16.650,19.025,16.886,21.418,15.491,86.918,357.773,89.335,322.808,408.433,182.813,85.259,625.081,312.822,10.000,7999.000,0.000,-999.000,-999.000,101.566,0.200,0.200,1.353,2.760,287.672,1.078,2.260,289.838,0.825,17.333,17.237,17.468,18.201,18.147,18.263,18.321,18.291,18.366,-999.000,-999.000,-999.000,14.856,12.860,17.976,16.528,19.549,-999.000,-999.000,-999.000,-999.000,-999.000,-999.000,19.523,19.489,19.550,-4.584,-4.770,-5.498,4.341,0.187,0.253,0.223,0.626,0.231,0.314,0.356,0.614,0.425,,,,,,,,
2023-07-20,08,17.092,16.226,17.949,17.113,16.234,18.020,17.390,16.320,18.460,17.270,16.250,18.290,21.745,18.966,24.020,17.075,73.064,457.560,109.745,347.623,423.750,271.688,167.661,486.735,338.335,6.167,7999.000,0.000,-999.000,-999.000,101.588,0.200,0.200,1.062,2.940,274.008,0.956,2.410,261.875,0.825,17.705,17.449,17.996,18.110,18.078,18.158,18.282,18.248,18.313,-999.000,-999.000,-999.000,14.867,12.868,21.300,19.597,22.509,-999.000,-999.000,-999.000,-999.000,-999.000,-999.000,19.528,19.486,19.555,-2.346,-3.309,-2.602,35.677,0.187,0.253,0.223,0.626,0.232,0.314,0.356,0.616,0.428,,,,,,,,
2023-07-20,09,17.996,17.006,19.161,18.017,16.942,19.285,18.137,17.070,19.260,18.062,17.080,19.060,22.192,18.959,26.235,17.913,68.158,511.590,118.732,359.495,431.302,321.052,210.036,408.237,350.265,5.694,7999.000,0.000,-999.000,-999.000,101.594,0.200,0.200,1.465,6.390,261.569,1.302,4.310,235.917,0.825,18.320,18.006,18.674,18.064,18.034,18.101,18.247,18.212,18.274,-999.000,-999.000,-999.000,14.867,12.865,23.333,21.616,24.979,-999.000,-999.000,-999.000,-999.000,-999.000,-999.000,19.536,19.500,19.563,1.322,-1.427,1.529,45.261,0.187,0.253,0.223,0.625,0.232,0.315,0.356,0.615,0.433,,,,,,,,
2023-07-20,10,18.914,17.664,19.666,18.895,17.662,19.691,19.015,17.740,20.100,18.953,17.710,19.900,24.159,19.952,27.252,18.826,63.072,600.866,139.636,378.020,443.180,396.071,306.772,364.232,370.920,5.333,7999.000,0.000,-999.000,-999.000,101.591,0.200,0.200,1.378,3.940,252.042,1.163,4.190,259.537,0.825,19.061,18.692,19.494,18.078,18.040,18.119,18.201,18.171,18.238,-999.000,-999.000,-999.000,14.871,12.869,26.120,24.005,27.611,-999.000,-999.000,-999.000,-999.000,-999.000,-999.000,19.529,19.495,19.555,4.926,0.374,5.696,64.357,0.188,0.254,0.223,0.624,0.233,0.316,0.356,0.614,0.438,,,,,,,,
2023-07-20,11,19.256,18.640,20.015,19.231,18.565,19.960,19.374,18.570,20.170,19.332,18.560,20.140,23.296,20.229,26.331,19.180,58.651,513.221,114.466,373.645,437.613,334.786,291.939,237.458,367.598,3.611,7967.867,0.000,-999.000,-999.000,101.565,0.200,0.200,1.584,4.210,258.358,1.358,3.890,262.512,0.825,19.771,19.508,20.029,18.146,18.096,18.204,18.165,18.140,18.185,-999.000,-999.000,-999.000,14.863,12.871,26.473,25.454,27.970,-999.000,-999.000,-999.000,-999.000,-999.000,-999.000,19.536,19.510,19.557,7.550,2.213,9.518,49.610,0.189,0.255,0.222,0.622,0.234,0.317,0.356,0.614,0.441,,,,,,,,
2023-07-20,12,20.193,19.090,21.098,20.190,19.076,21.054,20.278,19.190,20.950,20.233,19.150,20.940,24.705,20.996,26.321,20.093,54.311,785.253,172.894,355.108,453.348,514.120,222.956,608.623,341.198,8.194,7948.450,0.000,-999.000,-999.000,101.535,0.200,0.200,2.991,6.500,234.914,2.465,5.020,231.635,0.825,20.368,20.042,20.739,18.272,18.194,18.343,18.137,18.107,18.158,-999.000,-999.000,-999.000,14.869,12.869,28.802,27.398,30.479,-999.000,-999.000,-999.000,-999.000,-999.000,-999.000,19.523,19.477,19.561,8.942,3.533,11.483,70.935,0.189,0.256,0.222,0.620,0.234,0.318,0.356,0.611,0.444,,,,,,,,
2023-07-20,13,21.132,20.455,21.713,21.106,20.360,21.678,21.147,20.310,21.760,21.101,20.240,21.750,26.082,21.658,28.323,20.975,50.263,793.811,179.147,375.980,461.395,529.248,320.851,509.584,364.833,6.555,7746.500,0.000,-999.000,-999.000,101.498,0.200,0.200,2.764,6.040,250.132,2.334,7.360,247.429,0.825,21.167,20.758,21.545,18.428,18.333,18.517,18.133,18.103,18.161,-999.000,-999.000,-999.000,14.881,12.877,31.631,30.555,32.358,-999.000,-999.000,-999.000,-999.000,-999.000,-999.000,19.522,19.494,19.544,11.281,5.272,14.858,89.572,0.190,0.257,0.222,0.618,0.235,0.319,0.356,0.609,0.450,,,,,,,,
2023-07-20,14,21.490,20.721,22.492,21.458,20.649,22.701,21.481,20.690,22.350,21.441,20.650,22.330,25.742,22.138,29.871,21.337,48.291,682.924,156.975,386.957,456.535,456.371,414.331,303.267,379.448,4.972,7661.750,0.000,-999.000,-999.000,101.464,0.200,0.200,2.831,5.880,273.781,2.387,5.810,270.761,0.825,21.902,21.558,22.151,18.621,18.519,18.731,18.140,18.109,18.164,-999.000,-999.000,-999.000,14.878,12.874,32.410,31.684,33.387,-999.000,-999.000,-999.000,-999.000,-999.000,-999.000,19.516,19.482,19.536,13.735,6.878,17.748,78.280,0.191,0.258,0.221,0.616,0.236,0.319,0.356,0.607,0.455,,,,,,,,
2023-07-20,15,21.451,21.045,22.080,21.412,20.947,22.042,21.466,20.910,22.350,21.425,20.870,22.300,25.090,22.910,27.419,21.343,48.860,588.833,136.238,372.363,449.437,375.522,318.518,350.351,363.888,6.028,7997.767,0.000,-999.000,-999.000,101.428,0.200,0.200,2.694,4.920,272.505,2.147,4.360,267.463,0.825,22.239,22.147,22.304,18.835,18.727,18.944,18.157,18.122,18.193,-999.000,-999.000,-999.000,14.866,12.883,31.856,31.428,32.485,-999.000,-999.000,-999.000,-999.000,-999.000,-999.000,19.506,19.464,19.531,14.281,7.540,17.998,58.324,0.191,0.258,0.221,0.615,0.237,0.320,0.356,0.606,0.457,,,,,,,,
2023-07-20,16,21.064,20.585,22.024,21.044,20.599,21.949,21.105,20.660,22.240,21.074,20.660,22.210,22.531,21.142,26.454,20.988,46.930,317.652,69.437,380.273,431.258,197.230,260.193,70.272,375.307,1.611,7995.217,0.000,-999.000,-999.000,101.384,0.200,0.200,2.873,5.100,258.604,2.218,4.190,258.178,0.826,22.348,22.285,22.401,19.059,18.940,19.171,18.196,18.173,18.226,-999.000,-999.000,-999.000,14.870,12.879,30.956,29.567,32.335,-999.000,-999.000,-999.000,-999.000,-999.000,-999.000,19.493,19.466,19.512,13.289,7.522,16.762,39.817,0.191,0.259,0.221,0.613,0.237,0.320,0.356,0.606,0.458,,,,,,,,
2023-07-20,17,19.995,19.506,20.618,19.992,19.514,20.579,20.027,19.570,20.700,20.008,19.540,20.670,19.639,18.730,21.241,19.960,53.581,101.741,16.548,387.292,414.438,58.046,99.018,0.006,383.018,0.000,7930.317,0.000,-999.000,-999.000,101.347,0.200,0.200,2.338,3.750,256.563,1.677,3.870,254.019,0.826,22.062,21.813,22.286,19.258,19.145,19.347,18.250,18.190,18.298,-999.000,-999.000,-999.000,14.872,12.883,28.182,26.951,29.541,-999.000,-999.000,-999.000,-999.000,-999.000,-999.000,19.485,19.446,19.511,11.156,6.954,14.066,3.176,0.191,0.259,0.221,0.611,0.237,0.320,0.356,0.605,0.455,,,,,,,,
2023-07-20,18,19.108,18.817,19.527,19.093,18.809,19.544,19.113,18.840,19.540,19.107,18.810,19.500,17.981,17.411,18.702,19.046,60.897,34.596,0.841,386.627,406.307,14.981,33.232,0.000,381.320,0.000,7811.950,0.000,-999.000,-999.000,101.320,0.200,0.200,1.777,3.080,271.319,0.998,2.070,273.791,0.826,21.562,21.337,21.813,19.413,19.344,19.483,18.317,18.286,18.354,-999.000,-999.000,-999.000,14.876,12.883,25.962,25.143,26.925,-999.000,-999.000,-999.000,-999.000,-999.000,-999.000,19.479,19.444,19.510,7.973,5.586,10.255,-13.344,0.190,0.259,0.221,0.609,0.237,0.320,0.356,0.604,0.451,,,,,,,,
2023-07-20,19,18.470,17.933,18.811,18.462,17.975,18.822,18.522,17.990,18.890,18.514,17.960,18.850,17.044,16.724,17.408,18.449,64.757,16.101,0.000,386.057,401.917,4.790,15.467,0.000,381.532,0.000,7999.000,0.000,-999.000,-999.000,101.305,0.200,0.200,1.483,2.580,271.034,0.837,1.670,267.854,0.826,21.102,20.924,21.327,19.499,19.454,19.536,18.384,18.333,18.414,-999.000,-999.000,-999.000,14.877,12.881,24.433,23.828,25.116,-999.000,-999.000,-999.000,-999.000,-999.000,-999.000,19.469,19.444,19.497,5.245,4.120,7.007,-19.132,0.190,0.258,0.221,0.608,0.237,0.320,0.357,0.604,0.448,,,,,,,,
2023-07-20,20,17.833,17.006,18.207,17.836,17.047,18.192,17.852,16.980,18.270,17.851,17.000,18.290,16.295,14.683,17.088,17.807,69.687,7.220,0.000,375.268,396.217,-7.704,6.731,5.369,370.578,0.000,7999.000,0.000,-999.000,-999.000,101.306,0.200,0.200,1.696,3.080,284.059,1.063,2.090,286.401,0.826,20.703,20.492,20.914,19.524,19.500,19.545,18.469,18.415,18.498,-999.000,-999.000,-999.000,14.884,12.882,23.156,22.508,23.808,-999.000,-999.000,-999.000,-999.000,-999.000,-999.000,19.476,19.433,19.499,3.247,2.901,4.558,-23.237,0.189,0.258,0.221,0.607,0.236,0.319,0.357,0.604,0.445,,,,,,,,
2023-07-20,21,15.915,14.341,16.953,15.892,14.340,16.977,15.555,14.190,16.960,15.548,14.170,16.970,12.081,10.473,14.575,15.506,81.004,0.000,0.000,329.027,370.865,-32.994,0.000,0.000,324.632,0.000,7862.617,0.000,-999.000,-999.000,101.306,0.200,0.200,0.674,1.750,25.089,0.361,0.900,37.608,0.826,20.266,19.958,20.497,19.510,19.473,19.548,18.517,18.473,18.571,-999.000,-999.000,-999.000,14.879,12.893,21.530,20.645,22.479,-999.000,-999.000,-999.000,-999.000,-999.000,-999.000,19.451,19.423,19.474,1.589,1.731,2.399,-33.772,0.189,0.257,0.221,0.606,0.236,0.319,0.357,0.604,0.442,,,,,,,,
2023-07-20,22,13.433,13.027,14.289,13.440,13.075,14.310,13.470,13.080,14.210,13.451,13.070,14.140,11.479,10.261,12.319,13.373,92.052,0.000,0.000,347.812,371.492,-15.437,0.000,0.000,344.048,0.000,7999.000,0.000,-999.000,-999.000,101.276,0.200,0.200,1.129,2.180,316.663,0.517,1.060,326.594,0.827,19.657,19.366,19.942,19.472,19.432,19.530,18.576,18.528,18.606,-999.000,-999.000,-999.000,14.887,12.896,20.162,19.874,20.632,-999.000,-999.000,-999.000,-999.000,-999.000,-999.000,19.456,19.434,19.480,-0.443,-0.191,-0.501,-38.006,0.188,0.256,0.221,0.606,0.235,0.319,0.357,0.605,0.438,,,,,,,,
2023-07-20,23,13.760,13.369,14.214,13.738,13.384,14.166,13.832,13.370,14.260,13.830,13.370,14.260,13.067,12.348,13.321,13.800,92.652,0.000,0.000,368.315,382.098,-5.225,0.000,0.000,365.697,0.000,7999.000,0.000,-999.000,-999.000,101.272,0.200,0.200,0.663,1.020,341.086,0.346,0.890,243.131,0.827,19.207,19.075,19.363,19.389,19.318,19.439,18.608,18.577,18.633,-999.000,-999.000,-999.000,14.891,12.896,19.771,19.640,19.871,-999.000,-999.000,-999.000,-999.000,-999.000,-999.000,19.453,19.424,19.477,-1.965,-1.847,-2.567,-30.896,0.188,0.256,0.221,0.606,0.235,0.318,0.357,0.605,0.435,,,,,,,,
2023-07-20,24,14.128,14.005,14.215,14.122,14.010,14.203,14.167,14.070,14.330,14.164,14.060,14.300,13.241,12.854,13.404,14.108,91.875,0.000,0.000,366.148,382.223,-8.196,0.000,0.000,362.402,0.000,7999.000,0.000,-999.000,-999.000,101.250,0.200,0.200,1.144,2.020,321.415,0.530,1.120,317.525,0.827,18.984,18.867,19.075,19.271,19.210,19.325,18.642,18.620,18.665,-999.000,-999.000,-999.000,14.881,12.895,19.438,19.211,19.633,-999.000,-999.000,-999.000,-999.000,-999.000,-999.000,19.459,19.444,19.486,-2.443,-2.382,-3.173,-27.962,0.188,0.255,0.221,0.606,0.234,0.318,0.357,0.606,0.433,,,,,,,,
