2023-10-25,01,8.805,8.513,9.055,8.810,8.516,9.074,8.862,8.600,9.080,8.857,8.580,9.090,6.905,6.618,7.324,8.809,92.458,0.000,0.000,286.298,350.343,-59.429,0.000,0.000,286.945,0.000,7989.017,0.000,-999.000,-999.000,100.136,0.200,0.200,4.163,6.460,198.175,2.788,4.690,197.059,0.352,11.829,11.782,11.878,12.571,12.544,12.598,12.839,12.813,12.871,-999.000,-999.000,-999.000,14.665,14.150,8.943,8.800,9.060,-999.000,-999.000,-999.000,-999.000,-999.000,-999.000,13.389,13.315,13.457,-9.269,-2.616,-8.549,-14.623,0.688,0.689,0.688,0.747,0.684,0.684,0.688,0.746,0.552,,,,,,,,
2023-10-25,02,8.270,7.650,8.714,8.289,7.699,8.754,8.354,7.780,8.800,8.344,7.754,8.830,6.259,5.547,6.757,8.300,92.802,0.000,0.000,284.327,346.593,-57.645,0.000,0.000,285.575,0.000,7998.717,0.000,-999.000,-999.000,100.116,0.200,0.200,3.673,5.970,190.288,2.243,4.760,186.663,0.352,11.715,11.620,11.795,12.521,12.468,12.580,12.812,12.779,12.845,-999.000,-999.000,-999.000,14.659,14.141,8.673,8.545,8.806,-999.000,-999.000,-999.000,-999.000,-999.000,-999.000,13.403,13.346,13.455,-9.857,-2.856,-9.099,-14.955,0.688,0.689,0.688,0.747,0.684,0.684,0.688,0.745,0.552,,,,,,,,
2023-10-25,03,7.094,6.737,7.733,7.092,6.770,7.736,7.102,6.691,7.798,7.087,6.669,7.791,4.885,4.282,5.659,7.015,95.657,0.000,0.000,281.290,335.717,-49.407,0.000,0.000,283.130,0.000,7828.850,0.000,-999.000,-999.000,100.059,0.200,0.200,2.537,3.840,147.880,1.309,2.240,130.338,0.353,11.573,11.489,11.654,12.459,12.409,12.507,12.798,12.757,12.832,-999.000,-999.000,-999.000,14.649,14.137,8.336,8.131,8.555,-999.000,-999.000,-999.000,-999.000,-999.000,-999.000,13.386,13.336,13.439,-10.454,-3.088,-9.630,-16.254,0.688,0.689,0.688,0.747,0.683,0.684,0.688,0.745,0.552,,,,,,,,
2023-10-25,04,6.918,6.729,7.142,6.900,6.672,7.122,6.947,6.796,7.153,6.929,6.781,7.127,3.974,3.637,4.491,6.843,97.140,0.000,0.000,283.088,330.668,-41.613,0.000,0.000,285.137,0.000,7975.650,0.000,-999.000,-999.000,100.010,0.200,0.200,2.013,2.660,141.112,1.096,1.640,127.633,0.353,11.441,11.356,11.508,12.404,12.343,12.459,12.784,12.743,12.816,-999.000,-999.000,-999.000,14.649,14.127,7.892,7.699,8.122,-999.000,-999.000,-999.000,-999.000,-999.000,-999.000,13.391,13.338,13.436,-11.283,-3.420,-10.382,-18.533,0.688,0.689,0.688,0.747,0.683,0.684,0.688,0.745,0.552,,,,,,,,
2023-10-25,05,7.037,6.692,7.767,7.031,6.686,7.734,7.076,6.704,7.783,7.062,6.676,7.764,4.778,3.680,6.395,6.982,97.498,0.026,0.000,303.422,340.022,-30.287,0.000,0.000,304.278,0.000,7702.133,0.000,-999.000,-999.000,99.961,0.200,0.200,2.755,4.340,135.660,1.595,2.670,137.344,0.353,11.273,11.182,11.356,12.332,12.303,12.370,12.753,12.730,12.783,-999.000,-999.000,-999.000,14.654,14.143,7.604,7.521,7.706,-999.000,-999.000,-999.000,-999.000,-999.000,-999.000,13.378,13.332,13.417,-12.340,-4.012,-11.472,-19.174,0.687,0.688,0.688,0.746,0.683,0.684,0.687,0.745,0.551,,,,,,,,
2023-10-25,06,7.663,7.505,7.933,7.675,7.483,7.955,7.714,7.519,8.040,7.713,7.512,8.050,6.547,6.345,7.178,7.651,96.862,0.000,0.000,319.147,348.673,-23.147,0.000,0.000,319.453,0.000,6578.867,0.000,-999.000,-999.000,99.920,0.200,0.200,2.778,4.040,135.993,1.809,3.910,136.188,0.353,11.118,11.049,11.182,12.272,12.235,12.326,12.739,12.710,12.769,-999.000,-999.000,-999.000,14.629,14.129,7.742,7.653,7.825,-999.000,-999.000,-999.000,-999.000,-999.000,-999.000,13.381,13.333,13.428,-13.141,-4.762,-12.143,-15.352,0.687,0.688,0.687,0.746,0.683,0.684,0.687,0.745,0.551,,,,,,,,
2023-10-25,07,8.317,7.903,8.728,8.344,7.914,8.783,8.404,8.020,8.820,8.419,8.050,8.840,7.626,7.224,8.040,8.360,95.483,5.198,0.000,336.243,354.365,-7.822,4.838,0.000,335.098,0.000,6471.183,0.000,-999.000,-999.000,99.872,0.200,0.200,3.045,5.350,130.251,2.136,4.510,130.333,0.354,10.995,10.903,11.063,12.197,12.148,12.235,12.722,12.697,12.747,-999.000,-999.000,-999.000,14.639,14.135,7.979,7.839,8.163,-999.000,-999.000,-999.000,-999.000,-999.000,-999.000,13.377,13.329,13.428,-13.012,-5.329,-11.830,-12.294,0.687,0.688,0.687,0.746,0.683,0.684,0.687,0.744,0.551,,,,,,,,
2023-10-25,08,9.063,8.697,9.485,9.103,8.720,9.531,9.227,8.820,9.640,9.243,8.840,9.650,8.449,8.047,8.813,9.162,91.950,38.610,4.437,333.518,358.465,9.400,36.526,0.000,333.370,0.000,7978.533,0.000,-999.000,-999.000,99.816,0.200,0.200,3.001,5.180,128.006,2.403,4.210,128.886,0.354,10.931,10.893,10.959,12.117,12.065,12.158,12.685,12.666,12.708,-999.000,-999.000,-999.000,14.628,14.124,8.363,8.162,8.615,-999.000,-999.000,-999.000,-999.000,-999.000,-999.000,13.366,13.312,13.419,-12.270,-5.559,-11.064,-9.038,0.687,0.688,0.687,0.746,0.683,0.684,0.687,0.744,0.551,,,,,,,,
2023-10-25,09,9.540,9.380,9.806,9.560,9.403,9.835,9.743,9.620,9.970,9.738,9.620,9.970,9.035,8.701,9.602,9.669,90.142,45.453,5.246,344.773,361.697,23.283,42.310,0.000,344.773,0.000,7914.000,0.000,-999.000,-999.000,99.747,0.200,0.200,2.846,5.580,112.574,2.067,5.740,111.857,0.354,10.897,10.867,10.926,12.050,11.989,12.094,12.658,12.634,12.687,-999.000,-999.000,-999.000,14.628,14.127,8.782,8.622,9.022,-999.000,-999.000,-999.000,-999.000,-999.000,-999.000,13.359,13.321,13.413,-11.093,-5.549,-9.981,-5.906,0.687,0.688,0.687,0.746,0.682,0.684,0.687,0.744,0.551,,,,,,,,
2023-10-25,10,9.849,9.790,9.971,9.860,9.792,9.947,9.924,9.870,10.040,9.922,9.870,10.040,9.310,9.236,9.464,9.840,91.638,39.479,4.009,353.087,363.000,25.557,37.819,0.000,360.687,0.000,7982.000,0.300,-999.000,-999.000,99.690,0.200,0.200,3.797,6.400,108.421,2.870,5.340,108.258,0.354,10.881,10.856,10.903,11.968,11.926,12.002,12.624,12.593,12.651,-999.000,-999.000,-999.000,14.634,14.135,9.227,9.045,9.381,-999.000,-999.000,-999.000,-999.000,-999.000,-999.000,13.339,13.297,13.391,-9.652,-5.386,-8.704,-3.500,0.687,0.688,0.687,0.746,0.683,0.684,0.687,0.744,0.552,,,,,,,,
2023-10-25,11,10.075,9.932,10.182,10.084,9.930,10.201,10.105,10.020,10.180,10.107,10.020,10.200,9.626,9.302,9.846,10.033,93.068,55.155,8.905,355.570,364.850,36.970,54.457,0.000,361.382,0.000,7872.617,0.880,-999.000,-999.000,99.625,0.200,0.200,4.187,6.560,97.547,3.205,5.590,97.310,0.354,10.924,10.880,10.972,11.914,11.889,11.949,12.573,12.535,12.614,-999.000,-999.000,-999.000,14.632,14.133,9.532,9.371,9.723,-999.000,-999.000,-999.000,-999.000,-999.000,-999.000,13.337,13.287,13.392,-8.180,-5.171,-7.492,-2.591,0.687,0.688,0.687,0.746,0.683,0.684,0.686,0.744,0.552,,,,,,,,
2023-10-25,12,10.375,10.162,10.502,10.376,10.191,10.498,10.370,10.210,10.440,10.358,10.220,10.450,10.093,9.863,10.242,10.303,94.060,72.160,13.796,356.520,367.067,47.817,71.561,0.000,361.242,0.000,7794.383,1.000,-999.000,-999.000,99.513,0.200,0.200,4.309,7.280,75.824,3.377,5.480,75.099,0.354,10.998,10.955,11.034,11.883,11.865,11.901,12.542,12.522,12.562,-999.000,-999.000,-999.000,14.603,14.107,9.907,9.723,10.102,-999.000,-999.000,-999.000,-999.000,-999.000,-999.000,13.340,13.300,13.386,-6.933,-5.001,-6.491,-0.771,0.687,0.688,0.687,0.746,0.683,0.684,0.686,0.744,0.553,,,,,,,,
2023-10-25,13,10.526,10.422,10.654,10.547,10.451,10.650,10.491,10.420,10.580,10.476,10.410,10.570,10.189,10.069,10.376,10.435,95.012,52.146,8.677,361.935,367.855,37.549,51.854,0.000,362.742,0.000,7443.933,1.180,-999.000,-999.000,99.413,0.200,0.200,4.378,6.920,68.631,3.390,5.770,67.721,0.354,11.070,11.031,11.123,11.867,11.835,11.895,12.526,12.499,12.545,-999.000,-999.000,-999.000,14.591,14.110,10.196,10.085,10.302,-999.000,-999.000,-999.000,-999.000,-999.000,-999.000,13.347,13.306,13.383,-5.706,-4.812,-5.431,0.354,0.687,0.688,0.687,0.746,0.683,0.684,0.686,0.744,0.553,,,,,,,,
2023-10-25,14,10.736,10.597,10.849,10.746,10.627,10.844,10.719,10.580,10.820,10.708,10.570,10.800,10.426,10.260,10.554,10.665,94.937,54.161,9.284,364.118,368.948,40.048,53.839,0.000,363.670,0.000,7665.150,0.980,-999.000,-999.000,99.331,0.200,0.200,4.400,6.940,76.309,3.463,6.050,76.201,0.354,11.136,11.100,11.165,11.829,11.793,11.875,12.491,12.458,12.522,-999.000,-999.000,-999.000,14.601,14.122,10.470,10.322,10.590,-999.000,-999.000,-999.000,-999.000,-999.000,-999.000,13.333,13.295,13.381,-4.654,-4.591,-4.547,0.914,0.687,0.688,0.687,0.746,0.683,0.684,0.686,0.744,0.554,,,,,,,,
2023-10-25,15,10.729,10.680,10.759,10.723,10.682,10.761,10.698,10.640,10.750,10.678,10.640,10.730,10.269,10.207,10.309,10.614,95.802,28.923,3.130,364.140,367.972,21.962,28.713,0.000,363.680,0.000,7456.600,1.810,-999.000,-999.000,99.281,0.200,0.200,4.374,7.500,72.472,3.352,6.230,71.882,0.353,11.217,11.141,11.278,11.813,11.787,11.834,12.456,12.429,12.481,-999.000,-999.000,-999.000,14.602,14.124,10.591,10.566,10.619,-999.000,-999.000,-999.000,-999.000,-999.000,-999.000,13.330,13.289,13.378,-3.765,-4.374,-3.842,0.710,0.687,0.688,0.687,0.746,0.683,0.684,0.686,0.744,0.554,,,,,,,,
2023-10-25,16,10.637,10.567,10.746,10.646,10.573,10.738,10.590,10.540,10.660,10.581,10.490,10.640,10.127,10.026,10.250,10.534,96.590,11.545,0.039,363.943,367.000,9.818,11.502,0.000,364.623,0.000,7308.300,1.400,-999.000,-999.000,99.256,0.200,0.200,3.597,5.840,58.869,2.793,4.650,58.093,0.352,11.294,11.258,11.328,11.826,11.798,11.858,12.430,12.409,12.449,-999.000,-999.000,-999.000,14.592,14.117,10.606,10.576,10.646,-999.000,-999.000,-999.000,-999.000,-999.000,-999.000,13.323,13.289,13.352,-3.267,-4.182,-3.501,-0.145,0.687,0.688,0.688,0.746,0.683,0.684,0.686,0.744,0.555,,,,,,,,
2023-10-25,17,10.537,10.442,10.601,10.543,10.461,10.607,10.482,10.420,10.550,10.464,10.410,10.500,9.986,9.931,10.056,10.432,97.120,0.678,0.000,363.465,366.017,2.057,0.804,0.000,365.132,0.000,7276.200,1.970,-999.000,-999.000,99.267,0.200,0.200,3.181,4.780,43.270,2.296,4.010,41.853,0.351,11.350,11.301,11.391,11.835,11.819,11.858,12.409,12.383,12.436,-999.000,-999.000,-999.000,14.581,14.102,10.559,10.514,10.597,-999.000,-999.000,-999.000,-999.000,-999.000,-999.000,13.317,13.280,13.363,-3.124,-4.035,-3.402,-1.352,0.687,0.688,0.688,0.746,0.683,0.684,0.686,0.744,0.555,,,,,,,,
2023-10-25,18,10.428,10.367,10.469,10.414,10.378,10.467,10.396,10.370,10.430,10.389,10.370,10.430,9.934,9.882,9.975,10.315,97.268,0.000,0.000,363.140,365.778,1.344,0.000,0.000,363.978,0.000,7545.800,2.150,-999.000,-999.000,99.308,0.200,0.200,3.304,5.160,29.413,2.393,4.100,28.040,0.350,11.392,11.371,11.418,11.832,11.809,11.849,12.375,12.350,12.393,-999.000,-999.000,-999.000,14.581,14.093,10.500,10.462,10.535,-999.000,-999.000,-999.000,-999.000,-999.000,-999.000,13.299,13.254,13.340,-3.259,-3.934,-3.435,-2.504,0.687,0.688,0.688,0.746,0.683,0.684,0.686,0.744,0.555,,,,,,,,
2023-10-25,19,10.411,10.361,10.467,10.401,10.329,10.442,10.405,10.380,10.440,10.413,10.380,10.450,9.941,9.909,9.965,10.344,97.095,0.000,0.000,363.318,365.812,1.590,0.000,0.000,362.135,0.000,7572.667,0.340,-999.000,-999.000,99.346,0.200,0.200,3.558,5.240,23.800,2.525,4.310,23.494,0.350,11.418,11.401,11.434,11.837,11.812,11.862,12.352,12.334,12.373,-999.000,-999.000,-999.000,14.577,14.096,10.456,10.426,10.482,-999.000,-999.000,-999.000,-999.000,-999.000,-999.000,13.278,13.234,13.326,-3.496,-3.873,-3.507,-3.220,0.688,0.688,0.688,0.746,0.683,0.684,0.686,0.744,0.555,,,,,,,,
2023-10-25,20,10.419,10.383,10.476,10.409,10.368,10.452,10.439,10.430,10.440,10.461,10.450,10.470,9.960,9.919,9.995,10.400,96.500,0.000,0.000,363.468,365.965,1.910,0.002,0.000,359.458,0.000,7428.900,0.070,-999.000,-999.000,99.399,0.200,0.200,3.349,5.080,8.133,2.379,4.430,7.103,0.350,11.439,11.421,11.464,11.845,11.822,11.868,12.339,12.321,12.354,-999.000,-999.000,-999.000,14.573,14.095,10.440,10.419,10.456,-999.000,-999.000,-999.000,-999.000,-999.000,-999.000,13.272,13.231,13.316,-3.654,-3.837,-3.562,-3.300,0.687,0.688,0.688,0.746,0.683,0.684,0.686,0.744,0.555,,,,,,,,
2023-10-25,21,10.307,10.258,10.380,10.292,10.233,10.402,10.327,10.270,10.430,10.343,10.300,10.450,9.701,9.440,9.922,10.299,95.660,0.000,0.000,356.430,364.785,-3.746,0.166,0.000,352.532,0.000,7763.100,0.000,-999.000,-999.000,99.467,0.200,0.200,3.229,5.070,343.510,2.368,4.440,341.720,0.349,11.452,11.438,11.471,11.851,11.835,11.872,12.326,12.311,12.344,-999.000,-999.000,-999.000,14.579,14.099,10.401,10.350,10.446,-999.000,-999.000,-999.000,-999.000,-999.000,-999.000,13.255,13.221,13.297,-3.737,-3.807,-3.589,-3.498,0.687,0.688,0.688,0.746,0.683,0.684,0.686,0.744,0.554,,,,,,,,
2023-10-25,22,10.066,9.852,10.308,10.054,9.851,10.309,10.123,9.920,10.350,10.106,9.920,10.310,9.165,8.345,9.793,10.056,95.923,0.000,0.000,334.668,361.708,-22.705,0.069,0.000,332.085,0.000,7933.617,0.000,-999.000,-999.000,99.510,0.200,0.200,3.965,5.730,345.588,2.688,4.510,344.006,0.349,11.452,11.428,11.471,11.851,11.826,11.876,12.314,12.291,12.344,-999.000,-999.000,-999.000,14.588,14.114,10.291,10.156,10.390,-999.000,-999.000,-999.000,-999.000,-999.000,-999.000,13.234,13.184,13.274,-3.845,-3.770,-3.645,-4.243,0.688,0.688,0.688,0.746,0.683,0.684,0.686,0.744,0.554,,,,,,,,
2023-10-25,23,9.517,9.125,9.915,9.526,9.138,9.954,9.613,9.250,10.000,9.599,9.200,9.970,8.394,7.707,9.091,9.513,96.353,0.000,0.000,322.335,357.462,-30.754,0.000,0.000,321.150,0.000,7879.783,0.000,-999.000,-999.000,99.561,0.200,0.200,3.216,5.260,328.801,2.074,4.320,325.424,0.349,11.465,11.439,11.490,11.870,11.843,11.902,12.327,12.305,12.351,-999.000,-999.000,-999.000,14.577,14.111,10.024,9.898,10.163,-999.000,-999.000,-999.000,-999.000,-999.000,-999.000,13.242,13.212,13.274,-4.130,-3.740,-3.843,-6.068,0.687,0.688,0.688,0.746,0.683,0.684,0.686,0.744,0.554,,,,,,,,
2023-10-25,24,7.928,7.359,9.089,7.932,7.371,9.098,8.033,7.474,9.240,8.007,7.461,9.200,6.154,5.451,7.628,7.924,98.002,0.000,0.000,291.630,343.420,-47.642,0.000,0.000,290.643,0.000,7442.450,0.000,-999.000,-999.000,99.595,0.200,0.200,2.856,3.380,312.227,1.427,2.150,310.780,0.349,11.442,11.402,11.488,11.879,11.849,11.913,12.317,12.272,12.348,-999.000,-999.000,-999.000,14.582,14.115,9.601,9.309,9.895,-999.000,-999.000,-999.000,-999.000,-999.000,-999.000,13.225,13.176,13.282,-4.751,-3.753,-4.265,-8.896,0.687,0.688,0.688,0.746,0.683,0.684,0.686,0.744,0.554,,,,,,,,
