2023-10-15,01,6.872,6.731,7.156,6.890,6.690,7.226,6.926,6.805,7.202,6.919,6.795,7.246,9.357,7.344,11.478,6.832,93.270,0.000,0.000,342.332,347.812,-3.712,0.000,0.000,349.885,0.000,7975.767,3.180,-999.000,-999.000,101.819,0.200,0.200,1.854,5.150,302.091,1.383,4.740,298.254,0.436,13.299,13.218,13.384,15.020,14.935,15.104,15.535,15.477,15.604,-999.000,-999.000,-999.000,15.262,14.223,8.933,8.871,8.956,-999.000,-999.000,-999.000,-999.000,-999.000,-999.000,15.829,15.768,15.910,-18.825,-8.311,-17.259,-22.998,0.686,0.691,0.697,0.749,0.687,0.688,0.697,0.748,0.554,,,,,,,,
2023-10-15,02,7.228,7.133,7.372,7.235,7.124,7.414,7.306,7.175,7.450,7.301,7.191,7.474,9.666,7.117,11.884,7.193,88.658,0.000,0.000,333.902,347.940,-12.073,0.122,0.000,346.573,0.000,7997.683,0.440,-999.000,-999.000,101.766,0.200,0.200,3.439,6.020,236.906,2.459,4.680,235.232,0.432,13.141,13.062,13.224,14.901,14.838,14.963,15.476,15.425,15.510,-999.000,-999.000,-999.000,15.255,14.225,8.830,8.744,8.912,-999.000,-999.000,-999.000,-999.000,-999.000,-999.000,15.813,15.748,15.874,-18.649,-8.808,-16.824,-22.419,0.686,0.691,0.697,0.749,0.687,0.688,0.697,0.748,0.554,,,,,,,,
2023-10-15,03,7.514,7.200,7.759,7.525,7.209,7.781,7.557,7.242,7.761,7.559,7.242,7.780,7.738,6.875,8.758,7.479,86.365,0.000,0.000,328.323,348.270,-17.777,0.126,0.000,321.900,0.000,7985.967,0.160,-999.000,-999.000,101.716,0.200,0.200,5.756,11.740,238.367,4.415,9.940,237.672,0.430,13.012,12.936,13.079,14.758,14.680,14.854,15.403,15.368,15.445,-999.000,-999.000,-999.000,15.248,14.224,8.691,8.542,8.784,-999.000,-999.000,-999.000,-999.000,-999.000,-999.000,15.822,15.748,15.923,-18.371,-8.935,-16.145,-21.611,0.686,0.690,0.697,0.749,0.687,0.688,0.697,0.748,0.553,,,,,,,,
2023-10-15,04,7.197,6.902,7.577,7.215,6.905,7.573,7.263,6.954,7.629,7.267,6.961,7.640,8.460,6.615,9.961,7.176,87.908,0.000,0.000,318.652,346.047,-25.371,0.234,0.000,311.738,0.000,7995.633,0.000,-999.000,-999.000,101.739,0.200,0.200,4.685,12.490,250.428,3.481,10.410,249.703,0.428,12.868,12.798,12.950,14.651,14.596,14.698,15.360,15.306,15.404,-999.000,-999.000,-999.000,15.256,14.227,8.420,8.351,8.576,-999.000,-999.000,-999.000,-999.000,-999.000,-999.000,15.797,15.712,15.875,-18.239,-8.854,-15.691,-22.902,0.686,0.690,0.697,0.749,0.687,0.688,0.697,0.748,0.552,,,,,,,,
2023-10-15,05,6.770,6.258,7.253,6.769,6.271,7.229,6.824,6.326,7.338,6.814,6.339,7.320,8.126,6.925,10.007,6.721,87.667,0.000,0.000,322.190,344.217,-20.458,0.094,0.000,332.912,0.000,7994.483,0.380,-999.000,-999.000,101.784,0.200,0.200,4.013,10.180,287.970,2.955,7.370,286.324,0.426,12.737,12.656,12.808,14.538,14.479,14.599,15.294,15.260,15.329,-999.000,-999.000,-999.000,15.261,14.233,8.370,8.257,8.425,-999.000,-999.000,-999.000,-999.000,-999.000,-999.000,15.803,15.738,15.861,-18.297,-8.690,-15.761,-23.062,0.685,0.690,0.697,0.749,0.686,0.688,0.697,0.748,0.552,,,,,,,,
2023-10-15,06,5.635,5.212,6.295,5.646,5.205,6.351,5.683,5.279,6.322,5.670,5.254,6.341,8.815,5.859,11.695,5.599,92.140,0.000,0.000,305.667,333.443,-26.729,0.235,0.000,330.983,0.000,7999.000,0.030,-999.000,-999.000,101.789,0.200,0.200,1.943,3.910,285.708,1.178,3.080,285.568,0.424,12.629,12.554,12.709,14.437,14.359,14.491,15.236,15.178,15.283,-999.000,-999.000,-999.000,15.266,14.248,8.032,7.890,8.267,-999.000,-999.000,-999.000,-999.000,-999.000,-999.000,15.802,15.761,15.892,-18.323,-8.660,-16.024,-24.126,0.685,0.689,0.697,0.748,0.686,0.687,0.697,0.748,0.552,,,,,,,,
2023-10-15,07,6.291,5.719,6.755,6.298,5.692,6.758,6.327,5.735,6.797,6.328,5.747,6.808,9.396,8.313,10.700,6.244,91.090,22.369,3.619,318.618,342.795,-4.554,23.823,6.091,324.015,0.222,7992.683,0.170,-999.000,-999.000,101.836,0.200,0.200,3.626,6.430,243.859,2.714,4.600,243.016,0.421,12.491,12.381,12.571,14.331,14.259,14.392,15.168,15.111,15.202,-999.000,-999.000,-999.000,15.260,14.247,7.882,7.807,7.956,-999.000,-999.000,-999.000,-999.000,-999.000,-999.000,15.784,15.711,15.864,-18.706,-8.754,-16.602,-22.921,0.685,0.690,0.697,0.748,0.686,0.687,0.696,0.748,0.552,,,,,,,,
2023-10-15,08,7.056,6.606,7.351,7.048,6.620,7.327,7.113,6.660,7.361,7.095,6.610,7.359,8.355,7.142,11.957,7.015,90.593,55.980,11.673,336.168,350.958,29.813,52.539,25.951,337.118,0.750,7979.400,1.230,-999.000,-999.000,101.932,0.200,0.200,3.619,9.070,283.895,2.722,7.470,285.460,0.420,12.345,12.289,12.415,14.231,14.179,14.285,15.100,15.060,15.141,-999.000,-999.000,-999.000,15.262,14.250,8.243,7.943,8.446,-999.000,-999.000,-999.000,-999.000,-999.000,-999.000,15.773,15.684,15.859,-18.836,-8.945,-16.646,-18.184,0.687,0.690,0.697,0.749,0.686,0.687,0.696,0.748,0.552,,,,,,,,
2023-10-15,09,7.441,6.864,8.009,7.442,6.830,8.004,7.485,6.934,8.070,7.482,6.896,8.050,13.885,11.633,16.683,7.405,88.873,194.109,51.783,316.793,360.037,99.083,154.994,117.637,312.267,4.056,7986.450,0.000,-999.000,-999.000,102.016,0.200,0.200,2.698,4.880,301.569,2.114,4.450,298.709,0.419,12.255,12.200,12.327,14.128,14.058,14.196,15.038,14.998,15.096,-999.000,-999.000,-999.000,15.269,14.249,8.919,8.429,9.655,-999.000,-999.000,-999.000,-999.000,-999.000,-999.000,15.756,15.688,15.830,-17.934,-9.046,-15.688,-14.760,0.688,0.690,0.697,0.749,0.686,0.688,0.696,0.748,0.552,,,,,,,,
2023-10-15,10,7.822,7.500,8.249,7.816,7.536,8.254,7.902,7.513,8.350,7.885,7.567,8.350,10.451,8.224,14.142,7.772,85.302,165.599,39.373,323.343,360.070,89.499,149.187,40.134,325.473,1.250,7637.267,0.420,-999.000,-999.000,102.112,0.200,0.200,2.706,6.830,276.646,2.233,6.890,275.431,0.418,12.255,12.200,12.295,14.033,13.973,14.097,14.967,14.909,15.041,-999.000,-999.000,-999.000,15.264,14.244,9.899,9.662,10.065,-999.000,-999.000,-999.000,-999.000,-999.000,-999.000,15.743,15.669,15.831,-16.062,-8.897,-13.858,-8.206,0.689,0.691,0.696,0.750,0.686,0.688,0.696,0.749,0.552,,,,,,,,
2023-10-15,11,9.157,8.361,9.927,9.120,8.334,9.860,9.260,8.470,10.020,9.218,8.440,10.000,14.424,10.275,16.953,9.012,80.775,448.568,127.041,287.028,379.713,228.842,154.336,573.388,286.813,9.667,6566.317,0.000,-999.000,-999.000,102.159,0.200,0.200,2.655,5.070,272.036,2.171,5.370,270.322,0.416,12.337,12.267,12.412,13.941,13.891,13.998,14.900,14.856,14.951,-999.000,-999.000,-999.000,15.264,14.246,11.130,10.038,12.252,-999.000,-999.000,-999.000,-999.000,-999.000,-999.000,15.733,15.657,15.802,-13.342,-8.668,-11.285,-4.152,0.690,0.692,0.696,0.750,0.686,0.688,0.696,0.749,0.553,,,,,,,,
2023-10-15,12,9.314,8.559,10.242,9.277,8.545,10.208,9.356,8.600,10.420,9.331,8.580,10.320,11.678,8.317,15.731,9.193,77.544,248.927,63.657,306.477,368.485,123.261,151.537,182.512,309.255,3.194,7776.600,0.000,-999.000,-999.000,102.197,0.200,0.200,3.899,7.060,277.446,3.012,5.420,276.459,0.415,12.515,12.389,12.667,13.878,13.842,13.922,14.833,14.787,14.874,-999.000,-999.000,-999.000,15.266,14.247,12.414,12.024,12.704,-999.000,-999.000,-999.000,-999.000,-999.000,-999.000,15.714,15.652,15.774,-10.014,-8.201,-7.788,-0.723,0.691,0.692,0.696,0.751,0.687,0.688,0.696,0.750,0.553,,,,,,,,
2023-10-15,13,10.059,9.223,10.559,9.979,9.189,10.472,10.106,9.370,10.530,10.080,9.310,10.520,13.538,11.504,15.297,9.911,72.830,472.444,137.822,280.232,380.495,234.359,76.661,796.518,275.790,10.000,7672.117,0.000,-999.000,-999.000,102.204,0.200,0.200,4.006,6.960,274.779,3.172,6.330,274.902,0.412,12.763,12.633,12.887,13.825,13.778,13.869,14.768,14.716,14.816,-999.000,-999.000,-999.000,15.266,14.249,12.848,12.047,13.404,-999.000,-999.000,-999.000,-999.000,-999.000,-999.000,15.687,15.620,15.776,-6.753,-7.538,-4.874,-4.155,0.691,0.692,0.696,0.751,0.687,0.689,0.696,0.750,0.553,,,,,,,,
2023-10-15,14,10.432,9.608,11.251,10.388,9.591,11.227,10.444,9.660,11.280,10.427,9.670,11.250,13.270,9.884,16.018,10.307,74.215,323.517,94.757,303.085,375.388,156.457,119.789,479.684,301.010,6.805,7414.967,0.000,-999.000,-999.000,102.244,0.200,0.200,4.871,7.950,280.689,3.617,6.590,281.151,0.410,13.005,12.879,13.136,13.810,13.785,13.843,14.708,14.646,14.752,-999.000,-999.000,-999.000,15.266,14.251,13.446,13.167,13.742,-999.000,-999.000,-999.000,-999.000,-999.000,-999.000,15.665,15.588,15.754,-4.596,-6.879,-2.728,-1.512,0.691,0.693,0.695,0.751,0.687,0.689,0.695,0.750,0.553,,,,,,,,
2023-10-15,15,10.337,9.654,10.869,10.293,9.626,10.885,10.358,9.650,11.070,10.351,9.660,11.050,12.664,11.098,14.321,10.246,73.451,240.312,71.999,292.078,369.365,91.026,104.486,409.029,291.295,7.250,7719.717,0.000,-999.000,-999.000,102.272,0.200,0.200,4.437,7.200,282.834,3.319,6.180,282.269,0.409,13.277,13.142,13.401,13.813,13.781,13.850,14.645,14.615,14.682,-999.000,-999.000,-999.000,15.262,14.243,13.036,12.696,13.233,-999.000,-999.000,-999.000,-999.000,-999.000,-999.000,15.648,15.567,15.731,-2.683,-6.216,-1.127,-4.642,0.692,0.693,0.694,0.752,0.687,0.689,0.695,0.751,0.553,,,,,,,,
2023-10-15,16,9.836,9.457,10.090,9.815,9.463,10.063,9.884,9.540,10.190,9.887,9.530,10.180,13.124,9.824,14.554,9.810,72.309,133.942,46.186,279.667,359.377,8.046,48.379,443.532,278.970,9.472,7536.417,0.000,-999.000,-999.000,102.287,0.200,0.200,3.918,6.030,287.351,2.864,4.690,286.796,0.408,13.440,13.362,13.504,13.841,13.789,13.874,14.606,14.564,14.642,-999.000,-999.000,-999.000,15.267,14.254,12.219,11.626,12.677,-999.000,-999.000,-999.000,-999.000,-999.000,-999.000,15.628,15.525,15.712,-2.361,-5.703,-1.566,-9.395,0.692,0.693,0.694,0.752,0.687,0.689,0.695,0.751,0.553,,,,,,,,
2023-10-15,17,8.479,7.824,9.493,8.430,7.796,9.420,8.534,7.948,9.490,8.531,7.951,9.480,9.950,7.976,11.580,8.428,81.238,12.224,2.467,273.963,344.992,-58.510,9.700,56.094,274.627,2.611,7397.400,0.000,-999.000,-999.000,102.313,0.200,0.200,3.011,4.440,272.818,1.949,3.270,270.605,0.406,13.487,13.431,13.531,13.886,13.849,13.924,14.568,14.531,14.601,-999.000,-999.000,-999.000,15.267,14.254,11.009,10.447,11.596,-999.000,-999.000,-999.000,-999.000,-999.000,-999.000,15.605,15.522,15.666,-3.517,-5.449,-3.411,-15.304,0.691,0.693,0.694,0.751,0.687,0.689,0.695,0.750,0.553,,,,,,,,
2023-10-15,18,7.123,6.464,7.937,7.132,6.497,7.986,7.170,6.480,8.140,7.175,6.501,8.150,10.113,6.521,12.621,7.103,85.848,0.000,0.000,269.563,334.032,-62.982,0.000,0.000,270.057,0.000,7908.283,0.000,-999.000,-999.000,102.347,0.200,0.200,2.536,4.540,274.003,1.386,3.930,273.872,0.405,13.397,13.311,13.491,13.915,13.869,13.953,14.534,14.491,14.578,-999.000,-999.000,-999.000,15.263,14.247,9.980,9.515,10.423,-999.000,-999.000,-999.000,-999.000,-999.000,-999.000,15.583,15.510,15.648,-6.051,-5.457,-6.240,-19.910,0.689,0.692,0.695,0.751,0.687,0.688,0.695,0.749,0.552,,,,,,,,
2023-10-15,19,6.855,6.405,7.175,6.881,6.411,7.185,6.911,6.448,7.219,6.897,6.426,7.202,11.308,9.425,13.076,6.853,88.750,0.000,0.000,280.520,336.837,-54.338,0.000,0.000,280.808,0.000,7854.700,0.000,-999.000,-999.000,102.376,0.200,0.200,2.452,4.390,256.556,1.556,3.110,251.259,0.403,13.187,13.087,13.298,13.935,13.904,13.969,14.524,14.491,14.551,-999.000,-999.000,-999.000,15.287,14.265,9.237,8.982,9.526,-999.000,-999.000,-999.000,-999.000,-999.000,-999.000,15.541,15.486,15.636,-9.096,-5.732,-9.274,-22.171,0.690,0.692,0.695,0.751,0.687,0.688,0.695,0.750,0.552,,,,,,,,
2023-10-15,20,6.171,5.820,6.503,6.195,5.837,6.506,6.185,5.835,6.514,6.201,5.843,6.503,7.523,5.410,10.662,6.157,89.877,0.000,0.000,268.903,331.018,-60.746,0.000,0.000,269.558,0.000,7934.200,0.000,-999.000,-999.000,102.387,0.200,0.200,2.535,3.940,249.626,1.461,2.820,244.295,0.401,12.984,12.852,13.109,13.919,13.882,13.961,14.483,14.446,14.536,-999.000,-999.000,-999.000,15.256,14.249,8.658,8.383,8.976,-999.000,-999.000,-999.000,-999.000,-999.000,-999.000,15.529,15.460,15.588,-11.709,-6.306,-11.686,-23.409,0.689,0.691,0.695,0.750,0.686,0.688,0.695,0.749,0.552,,,,,,,,
2023-10-15,21,5.894,5.627,6.423,5.909,5.663,6.443,5.940,5.682,6.555,5.946,5.686,6.567,4.861,4.509,5.875,5.877,90.318,0.000,0.000,270.338,329.682,-57.969,0.000,0.000,270.795,0.000,7961.550,0.000,-999.000,-999.000,102.409,0.200,0.200,2.551,3.990,245.816,1.402,2.800,240.261,0.400,12.723,12.585,12.849,13.891,13.856,13.921,14.474,14.447,14.497,-999.000,-999.000,-999.000,15.275,14.254,8.168,7.945,8.373,-999.000,-999.000,-999.000,-999.000,-999.000,-999.000,15.497,15.436,15.556,-13.804,-6.974,-13.620,-24.222,0.689,0.691,0.695,0.750,0.686,0.688,0.695,0.749,0.552,,,,,,,,
2023-10-15,22,5.897,5.624,6.625,5.887,5.620,6.651,5.944,5.634,6.595,5.949,5.610,6.603,4.646,4.213,5.721,5.863,91.078,0.000,0.000,280.347,334.565,-52.481,0.000,0.000,280.058,0.000,7955.233,0.000,-999.000,-999.000,102.397,0.200,0.200,3.269,4.840,235.153,1.983,3.470,232.855,0.398,12.491,12.342,12.619,13.832,13.768,13.889,14.466,14.426,14.487,-999.000,-999.000,-999.000,15.270,14.261,7.744,7.617,7.942,-999.000,-999.000,-999.000,-999.000,-999.000,-999.000,15.479,15.396,15.523,-15.496,-7.662,-15.070,-24.546,0.688,0.691,0.695,0.749,0.686,0.687,0.695,0.748,0.552,,,,,,,,
2023-10-15,23,6.818,6.529,7.146,6.819,6.542,7.152,6.821,6.506,7.165,6.836,6.525,7.179,5.776,5.251,6.405,6.775,89.938,0.000,0.000,300.823,342.205,-38.738,0.000,0.000,299.755,0.000,7941.383,0.000,-999.000,-999.000,102.379,0.200,0.200,2.991,4.890,244.908,2.153,3.490,243.567,0.397,12.266,12.156,12.362,13.753,13.693,13.791,14.421,14.376,14.446,-999.000,-999.000,-999.000,15.258,14.246,7.605,7.569,7.663,-999.000,-999.000,-999.000,-999.000,-999.000,-999.000,15.439,15.329,15.503,-16.742,-8.238,-15.974,-22.609,0.687,0.690,0.695,0.749,0.685,0.687,0.695,0.748,0.551,,,,,,,,
2023-10-15,24,6.237,5.701,6.861,6.232,5.721,6.891,6.156,5.575,6.993,6.141,5.566,7.010,4.308,3.760,5.712,6.059,90.745,0.000,0.000,272.257,327.410,-53.873,0.000,0.000,273.047,0.000,7991.533,0.000,-999.000,-999.000,102.370,0.200,0.200,1.052,3.140,214.418,0.790,-999.000,188.757,0.395,12.073,11.985,12.157,13.674,13.617,13.716,14.392,14.357,14.433,-999.000,-999.000,-999.000,15.257,14.245,7.476,7.246,7.669,-999.000,-999.000,-999.000,-999.000,-999.000,-999.000,15.419,15.369,15.460,-17.227,-8.534,-16.180,-21.750,0.687,0.690,0.695,0.749,0.685,0.687,0.695,0.748,0.551,,,,,,,,
