2023-04-12,01,8.307,8.109,8.683,8.300,8.108,8.679,8.362,8.180,8.710,8.347,8.170,8.730,7.650,7.522,7.769,8.281,89.292,0.000,0.000,349.015,354.565,-2.512,0.000,0.000,343.110,0.000,7986.033,0.650,-999.000,-999.000,100.506,0.200,0.200,7.093,10.710,173.481,5.249,8.730,171.605,0.380,9.598,9.539,9.658,9.391,9.357,9.419,9.044,9.021,9.057,-999.000,-999.000,-999.000,8.474,9.135,8.832,8.747,8.921,-999.000,-999.000,-999.000,-999.000,-999.000,-999.000,9.183,9.177,9.203,-0.382,0.066,-0.458,-11.332,0.587,0.638,0.690,0.708,0.649,0.696,0.688,0.735,0.501,,,,,,,,
2023-04-12,02,8.010,7.934,8.089,8.014,7.944,8.089,8.091,7.996,8.170,8.084,7.996,8.170,7.428,7.344,7.499,7.977,91.672,0.000,0.000,346.598,353.817,-4.241,0.000,0.000,335.903,0.000,7990.783,0.260,-999.000,-999.000,100.338,0.200,0.200,7.344,11.400,160.503,5.644,9.500,159.191,0.380,9.494,9.448,9.549,9.348,9.334,9.365,9.034,9.021,9.069,-999.000,-999.000,-999.000,8.456,9.105,8.658,8.582,8.747,-999.000,-999.000,-999.000,-999.000,-999.000,-999.000,9.177,9.177,9.184,-0.645,-0.247,-0.830,-10.877,0.587,0.637,0.689,0.708,0.650,0.695,0.688,0.735,0.506,,,,,,,,
2023-04-12,03,7.978,7.904,8.076,7.999,7.891,8.139,8.054,7.953,8.190,8.059,7.941,8.210,7.378,7.294,7.453,7.956,90.640,0.000,0.000,346.832,353.443,-3.541,0.000,0.000,337.502,0.000,7999.000,0.140,-999.000,-999.000,100.168,0.200,0.200,8.144,12.620,151.933,6.123,10.090,152.022,0.380,9.426,9.375,9.468,9.320,9.295,9.355,9.068,9.052,9.082,-999.000,-999.000,-999.000,8.485,9.125,8.492,8.430,8.585,-999.000,-999.000,-999.000,-999.000,-999.000,-999.000,9.181,9.177,9.190,-0.882,-0.477,-1.168,-10.689,0.587,0.638,0.689,0.709,0.652,0.694,0.687,0.735,0.508,,,,,,,,
2023-04-12,04,7.804,7.673,7.895,7.803,7.660,7.904,7.842,7.716,7.947,7.851,7.710,7.961,7.253,7.226,7.272,7.767,91.382,0.000,0.000,349.720,352.852,-0.211,0.000,0.000,340.988,0.000,7946.250,0.990,-999.000,-999.000,100.012,0.200,0.200,7.713,12.140,153.044,5.882,9.810,152.559,0.380,9.360,9.324,9.400,9.320,9.294,9.340,9.089,9.069,9.103,-999.000,-999.000,-999.000,8.504,9.144,8.359,8.275,8.433,-999.000,-999.000,-999.000,-999.000,-999.000,-999.000,9.204,9.177,9.235,-1.124,-0.652,-1.485,-10.566,0.588,0.638,0.689,0.709,0.654,0.693,0.687,0.736,0.511,,,,,,,,
2023-04-12,05,7.651,7.584,7.686,7.654,7.587,7.679,7.694,7.652,7.733,7.703,7.644,7.731,7.273,7.242,7.332,7.606,93.847,0.000,0.000,349.273,353.102,-1.012,0.314,0.000,342.392,0.000,7649.750,1.620,-999.000,-999.000,99.905,0.200,0.200,7.542,11.240,155.663,5.723,9.220,154.672,0.380,9.267,9.231,9.330,9.266,9.261,9.303,9.102,9.096,9.103,-999.000,-999.000,-999.000,8.514,9.151,8.256,8.203,8.302,-999.000,-999.000,-999.000,-999.000,-999.000,-999.000,9.219,9.201,9.232,-1.408,-0.841,-1.809,-10.605,0.592,0.641,0.689,0.709,0.666,0.692,0.688,0.736,0.522,,,,,,,,
2023-04-12,06,7.745,7.650,7.891,7.748,7.643,7.891,7.790,7.672,7.930,7.798,7.682,7.926,7.417,7.295,7.542,7.728,94.898,5.006,0.000,351.208,354.393,3.890,5.868,0.000,345.930,0.000,7958.300,2.010,-999.000,-999.000,99.850,0.200,0.200,6.303,9.590,165.760,4.783,8.680,164.690,0.380,9.180,9.125,9.241,9.239,9.197,9.261,9.096,9.075,9.103,-999.000,-999.000,-999.000,8.505,9.147,8.207,8.192,8.239,-999.000,-999.000,-999.000,-999.000,-999.000,-999.000,9.206,9.180,9.228,-1.796,-1.083,-2.142,-9.893,0.605,0.653,0.690,0.710,0.682,0.686,0.685,0.735,0.531,,,,,,,,
2023-04-12,07,8.066,7.888,8.274,8.072,7.891,8.267,8.125,7.934,8.320,8.120,7.924,8.310,7.774,7.545,7.971,8.062,95.052,16.847,0.807,351.925,356.463,11.697,17.630,0.000,349.097,0.000,7910.717,2.230,-999.000,-999.000,99.825,0.200,0.200,5.759,8.530,182.011,4.276,7.480,180.657,0.379,9.069,9.040,9.135,9.157,9.126,9.207,9.041,9.021,9.086,-999.000,-999.000,-999.000,8.460,9.117,8.298,8.222,8.390,-999.000,-999.000,-999.000,-999.000,-999.000,-999.000,9.198,9.173,9.216,-2.061,-1.310,-2.312,-8.216,0.634,0.676,0.690,0.711,0.685,0.687,0.686,0.745,0.534,,,,,,,,
2023-04-12,08,8.578,8.264,8.993,8.578,8.264,9.002,8.627,8.300,9.030,8.605,8.290,9.020,8.869,7.977,9.821,8.587,94.488,99.780,21.023,352.047,362.903,67.900,100.899,0.000,358.788,0.000,7910.617,0.780,-999.000,-999.000,99.820,0.200,0.200,3.367,5.670,213.672,2.577,5.070,212.180,0.379,9.032,8.981,9.050,9.121,9.077,9.139,9.028,8.998,9.044,-999.000,-999.000,-999.000,8.477,9.127,8.584,8.387,8.955,-999.000,-999.000,-999.000,-999.000,-999.000,-999.000,9.211,9.174,9.229,-2.067,-1.390,-2.210,-5.380,0.678,0.684,0.690,0.710,0.687,0.688,0.688,0.744,0.537,,,,,,,,
2023-04-12,09,9.382,8.737,10.256,9.407,8.831,10.242,9.447,8.820,10.330,9.423,8.830,10.320,10.306,9.358,12.289,9.428,89.342,237.506,54.734,349.167,372.035,159.904,230.338,8.393,359.703,0.222,7865.350,0.030,-999.000,-999.000,99.807,0.200,0.200,3.224,5.080,214.319,2.496,4.460,212.747,0.379,9.041,9.020,9.089,9.080,9.035,9.106,9.022,9.000,9.051,-999.000,-999.000,-999.000,8.477,9.130,9.476,8.972,10.107,-999.000,-999.000,-999.000,-999.000,-999.000,-999.000,9.214,9.200,9.239,-1.649,-1.134,-1.568,2.924,0.679,0.685,0.690,0.710,0.688,0.689,0.688,0.744,0.537,,,,,,,,
2023-04-12,10,10.610,10.110,11.812,10.618,10.128,11.853,10.676,10.110,11.680,10.657,10.070,11.660,12.308,11.789,14.361,10.585,80.356,394.881,94.394,348.052,382.168,266.370,367.175,27.838,342.398,0.639,7795.050,0.000,-999.000,-999.000,99.802,0.200,0.200,3.898,6.390,224.756,3.025,5.580,225.041,0.379,9.149,9.069,9.244,9.053,9.016,9.091,9.008,8.986,9.038,-999.000,-999.000,-999.000,8.480,9.132,11.147,10.127,11.973,-999.000,-999.000,-999.000,-999.000,-999.000,-999.000,9.224,9.198,9.260,-0.718,-0.611,-0.067,16.975,0.681,0.686,0.690,0.710,0.689,0.690,0.689,0.746,0.538,,,,,,,,
2023-04-12,11,10.632,9.767,11.837,10.626,9.687,11.866,10.694,9.740,11.650,10.665,9.700,11.560,12.192,10.286,14.298,10.540,75.281,345.760,81.773,352.293,377.437,238.844,313.435,34.150,351.215,0.611,7646.033,0.230,-999.000,-999.000,99.785,0.200,0.200,4.256,7.760,246.616,3.243,6.760,246.867,0.379,9.362,9.247,9.471,9.033,9.008,9.058,8.991,8.972,9.012,-999.000,-999.000,-999.000,8.481,9.134,12.581,12.026,13.144,-999.000,-999.000,-999.000,-999.000,-999.000,-999.000,9.232,9.215,9.254,0.774,0.275,2.328,27.425,0.681,0.686,0.690,0.710,0.689,0.690,0.689,0.746,0.539,,,,,,,,
2023-04-12,12,10.605,9.627,11.048,10.608,9.669,11.020,10.689,9.660,11.150,10.671,9.670,11.140,10.875,9.303,12.511,10.563,70.437,226.943,52.093,348.510,372.413,150.947,221.877,0.662,340.652,0.000,7770.767,0.000,-999.000,-999.000,99.793,0.200,0.200,4.252,9.630,235.690,3.157,10.480,235.073,0.379,9.591,9.467,9.717,9.032,9.006,9.062,8.984,8.953,9.008,-999.000,-999.000,-999.000,8.488,9.135,13.285,13.084,13.436,-999.000,-999.000,-999.000,-999.000,-999.000,-999.000,9.237,9.216,9.259,2.252,1.334,4.540,29.078,0.683,0.687,0.690,0.710,0.689,0.691,0.690,0.747,0.539,,,,,,,,
2023-04-12,13,11.650,10.898,12.940,11.652,10.906,12.994,11.678,10.960,12.770,11.641,10.940,12.710,12.491,10.755,14.802,11.529,58.477,476.984,116.390,332.200,378.333,314.461,343.371,165.421,323.762,1.833,7916.617,0.000,-999.000,-999.000,99.804,0.200,0.200,6.869,11.480,247.304,5.163,10.150,247.472,0.379,9.769,9.709,9.846,9.064,9.036,9.107,8.971,8.945,8.998,-999.000,-999.000,-999.000,8.491,9.144,13.554,13.090,14.079,-999.000,-999.000,-999.000,-999.000,-999.000,-999.000,9.243,9.219,9.270,3.166,2.233,5.828,24.556,0.686,0.688,0.689,0.710,0.690,0.691,0.690,0.753,0.540,,,,,,,,
2023-04-12,14,10.675,9.856,11.821,10.672,9.841,11.820,10.728,9.880,11.840,10.702,9.870,11.790,11.125,9.830,13.080,10.610,58.188,335.956,80.844,332.677,369.430,218.358,296.259,47.238,325.723,1.167,7967.200,0.000,-999.000,-999.000,99.829,0.200,0.200,7.232,12.480,246.915,5.534,11.560,246.465,0.379,9.927,9.839,9.999,9.088,9.062,9.128,8.962,8.945,8.977,-999.000,-999.000,-999.000,8.490,9.133,13.878,13.641,14.080,-999.000,-999.000,-999.000,-999.000,-999.000,-999.000,9.248,9.219,9.270,3.689,2.859,6.747,25.240,0.689,0.689,0.689,0.710,0.690,0.691,0.689,0.756,0.540,,,,,,,,
2023-04-12,15,9.553,9.284,9.839,9.551,9.241,9.839,9.584,9.280,9.900,9.573,9.290,9.880,9.001,8.297,9.785,9.500,65.577,111.758,23.989,329.972,360.072,57.669,109.202,0.009,321.585,0.000,7986.717,0.000,-999.000,-999.000,99.818,0.200,0.200,5.700,9.510,238.218,4.152,7.770,238.264,0.379,10.020,9.983,10.059,9.149,9.108,9.194,8.964,8.937,8.985,-999.000,-999.000,-999.000,8.495,9.139,13.003,12.375,13.618,-999.000,-999.000,-999.000,-999.000,-999.000,-999.000,9.255,9.228,9.282,3.830,3.239,7.063,14.066,0.690,0.690,0.689,0.710,0.690,0.691,0.689,0.756,0.541,,,,,,,,
2023-04-12,16,8.295,7.741,9.193,8.293,7.760,9.195,8.324,7.794,9.230,8.307,7.765,9.230,7.826,7.390,8.358,8.265,71.760,111.142,25.315,326.108,355.532,56.403,103.177,14.279,318.018,0.000,7999.000,0.000,-999.000,-999.000,99.849,0.200,0.200,5.449,9.570,204.619,4.036,8.010,203.611,0.378,9.990,9.945,10.030,9.205,9.166,9.248,8.964,8.939,8.978,-999.000,-999.000,-999.000,8.500,9.141,11.765,11.318,12.353,-999.000,-999.000,-999.000,-999.000,-999.000,-999.000,9.260,9.230,9.279,3.307,3.161,6.094,1.182,0.690,0.690,0.690,0.710,0.691,0.691,0.689,0.757,0.541,,,,,,,,
2023-04-12,17,8.371,7.892,9.010,8.368,7.899,8.993,8.417,7.934,9.010,8.395,7.888,8.990,8.763,7.142,10.334,8.364,72.723,183.388,46.657,301.787,359.220,79.298,133.507,157.840,290.278,2.528,7990.183,0.000,-999.000,-999.000,99.835,0.200,0.200,4.136,6.640,189.837,3.089,5.390,188.616,0.378,9.891,9.847,9.939,9.247,9.219,9.263,8.969,8.946,8.985,-999.000,-999.000,-999.000,8.507,9.142,11.349,11.311,11.435,-999.000,-999.000,-999.000,-999.000,-999.000,-999.000,9.258,9.230,9.276,2.458,2.701,4.586,-1.968,0.690,0.690,0.690,0.710,0.691,0.691,0.689,0.757,0.541,,,,,,,,
2023-04-12,18,7.922,7.456,8.435,7.906,7.449,8.408,7.929,7.438,8.450,7.920,7.429,8.440,6.938,5.993,7.743,7.863,81.316,85.694,23.264,279.500,351.358,-9.429,42.099,259.918,265.243,6.694,7999.000,0.000,-999.000,-999.000,99.801,0.200,0.200,4.426,6.440,168.220,3.164,5.140,166.846,0.378,9.836,9.790,9.876,9.271,9.247,9.313,8.982,8.961,9.013,-999.000,-999.000,-999.000,8.503,9.146,10.866,10.340,11.363,-999.000,-999.000,-999.000,-999.000,-999.000,-999.000,9.259,9.234,9.276,1.948,2.253,3.587,-3.476,0.690,0.690,0.690,0.710,0.691,0.691,0.689,0.757,0.541,,,,,,,,
2023-04-12,19,6.829,6.425,7.453,6.814,6.282,7.446,6.823,6.305,7.409,6.823,6.272,7.413,5.069,4.621,5.944,6.748,87.232,4.846,0.075,273.400,342.652,-59.861,3.816,5.073,259.028,0.000,7999.000,0.000,-999.000,-999.000,99.781,0.200,0.200,4.231,6.020,142.280,2.811,5.870,140.462,0.377,9.752,9.690,9.803,9.291,9.258,9.316,9.001,8.981,9.026,-999.000,-999.000,-999.000,8.502,9.146,9.666,9.052,10.316,-999.000,-999.000,-999.000,-999.000,-999.000,-999.000,9.268,9.236,9.296,1.531,1.858,2.413,-13.506,0.690,0.690,0.690,0.710,0.691,0.691,0.689,0.758,0.541,,,,,,,,
2023-04-12,20,6.614,6.253,7.005,6.576,6.220,7.018,6.569,6.170,7.079,6.561,6.165,7.093,4.671,4.349,4.946,6.493,89.567,0.000,0.000,271.690,341.030,-65.067,0.000,0.000,258.260,0.000,7999.000,0.000,-999.000,-999.000,99.758,0.200,0.200,4.427,6.110,134.698,3.029,5.350,136.374,0.377,9.597,9.536,9.690,9.282,9.244,9.306,9.001,8.981,9.033,-999.000,-999.000,-999.000,8.494,9.136,8.498,8.013,9.043,-999.000,-999.000,-999.000,-999.000,-999.000,-999.000,9.253,9.213,9.285,0.712,1.291,0.853,-20.831,0.690,0.690,0.690,0.710,0.691,0.691,0.689,0.760,0.540,,,,,,,,
2023-04-12,21,6.524,6.309,6.726,6.562,6.339,6.765,6.520,6.302,6.708,6.537,6.305,6.720,4.692,4.422,4.956,6.487,85.213,0.000,0.000,269.357,341.033,-67.966,0.000,0.000,255.955,0.000,7999.000,0.000,-999.000,-999.000,99.687,0.200,0.200,5.770,8.350,146.287,4.130,7.570,145.938,0.377,9.444,9.349,9.534,9.305,9.299,9.306,9.029,9.029,9.029,-999.000,-999.000,-999.000,8.526,9.156,7.627,7.274,7.994,-999.000,-999.000,-999.000,-999.000,-999.000,-999.000,9.249,9.230,9.265,-0.313,0.606,-0.693,-24.065,0.690,0.690,0.690,0.710,0.691,0.691,0.689,0.763,0.540,,,,,,,,
2023-04-12,22,6.739,6.464,7.076,6.750,6.467,7.082,6.728,6.458,7.037,6.740,6.467,7.057,4.763,4.418,5.415,6.682,76.396,0.000,0.000,291.178,341.250,-46.260,0.000,0.000,279.952,0.000,7999.000,0.000,-999.000,-999.000,99.589,0.200,0.200,6.884,10.600,155.469,5.248,8.940,154.712,0.376,9.271,9.156,9.336,9.271,9.238,9.303,9.029,9.001,9.049,-999.000,-999.000,-999.000,8.519,9.149,6.978,6.785,7.274,-999.000,-999.000,-999.000,-999.000,-999.000,-999.000,9.245,9.220,9.269,-1.314,-0.087,-2.014,-25.423,0.690,0.690,0.689,0.710,0.691,0.691,0.689,0.765,0.540,,,,,,,,
2023-04-12,23,6.933,6.536,7.250,6.929,6.529,7.260,6.974,6.638,7.277,6.964,6.586,7.276,5.645,5.355,5.909,6.882,77.141,0.000,0.000,333.123,345.275,-8.963,0.008,0.000,324.140,0.000,7753.217,0.330,-999.000,-999.000,99.524,0.200,0.200,9.338,15.590,164.703,7.033,13.180,164.093,0.376,9.072,9.009,9.165,9.220,9.178,9.255,9.026,9.013,9.034,-999.000,-999.000,-999.000,8.495,9.144,6.825,6.795,6.867,-999.000,-999.000,-999.000,-999.000,-999.000,-999.000,9.262,9.255,9.265,-2.256,-0.797,-3.114,-23.067,0.690,0.690,0.689,0.710,0.691,0.691,0.689,0.763,0.540,,,,,,,,
2023-04-12,24,6.444,6.273,6.619,6.446,6.279,6.641,6.524,6.351,6.735,6.503,6.329,6.729,5.516,5.467,5.609,6.437,83.400,0.000,0.000,338.202,344.812,-4.350,0.001,0.000,330.078,0.000,7948.583,0.600,-999.000,-999.000,99.445,0.200,0.200,8.382,13.410,177.057,6.358,11.240,175.077,0.376,8.903,8.825,8.996,9.161,9.135,9.178,9.028,9.014,9.044,-999.000,-999.000,-999.000,8.480,9.112,6.868,6.854,6.874,-999.000,-999.000,-999.000,-999.000,-999.000,-999.000,9.263,9.255,9.275,-3.034,-1.469,-3.925,-18.868,0.690,0.690,0.690,0.710,0.691,0.691,0.689,0.756,0.541,,,,,,,,
