2023-11-12,01,6.360,5.101,7.267,6.361,5.055,7.280,6.363,4.438,7.290,6.341,4.378,7.289,4.818,3.095,6.117,6.286,91.690,0.000,0.000,284.222,335.563,-49.063,0.000,0.000,286.040,0.000,7999.000,0.000,-999.000,-999.000,100.538,0.200,0.200,2.879,4.760,209.158,1.917,4.050,201.973,0.345,8.651,8.622,8.679,9.334,9.303,9.359,9.913,9.876,9.942,-999.000,-999.000,-999.000,13.331,13.543,6.503,6.104,6.672,-999.000,-999.000,-999.000,-999.000,-999.000,-999.000,10.994,10.919,11.042,-6.474,-4.139,-6.053,-10.475,0.689,0.689,0.689,0.753,0.684,0.685,0.684,0.745,0.571,,,,,,,,
2023-11-12,02,4.637,4.373,4.972,4.614,4.310,5.009,4.579,4.190,4.881,4.557,4.147,4.822,2.381,2.088,2.947,4.466,97.238,0.000,0.000,264.172,320.730,-54.585,0.000,0.000,267.233,0.000,6681.167,0.000,-999.000,-999.000,100.507,0.200,0.200,2.030,3.490,152.097,1.490,2.430,124.635,0.344,8.614,8.539,8.655,9.303,9.260,9.342,9.890,9.855,9.935,-999.000,-999.000,-999.000,13.337,13.546,5.596,5.181,6.111,-999.000,-999.000,-999.000,-999.000,-999.000,-999.000,10.966,10.918,11.026,-6.575,-4.131,-6.205,-20.757,0.689,0.689,0.689,0.753,0.684,0.685,0.684,0.745,0.571,,,,,,,,
2023-11-12,03,4.893,4.616,5.112,4.877,4.593,5.092,4.873,4.575,5.074,4.870,4.575,5.090,2.586,2.250,2.801,4.798,97.652,0.000,0.000,270.538,324.160,-50.278,0.000,0.000,273.072,0.000,7813.017,0.000,-999.000,-999.000,100.485,0.200,0.200,2.131,3.240,164.130,1.576,2.390,147.719,0.344,8.538,8.487,8.576,9.301,9.281,9.324,9.896,9.854,9.924,-999.000,-999.000,-999.000,13.319,13.527,4.923,4.686,5.175,-999.000,-999.000,-999.000,-999.000,-999.000,-999.000,10.962,10.919,11.015,-7.463,-4.252,-7.063,-25.294,0.689,0.689,0.689,0.753,0.684,0.685,0.684,0.745,0.571,,,,,,,,
2023-11-12,04,5.039,4.223,5.770,5.015,4.243,5.742,4.983,4.153,5.750,4.988,4.153,5.752,2.883,2.168,3.978,4.936,97.807,0.000,0.000,289.940,330.142,-36.270,0.000,0.000,291.478,0.000,7999.000,0.000,-999.000,-999.000,100.488,0.200,0.200,2.740,5.240,169.866,1.682,4.020,160.622,0.344,8.443,8.390,8.501,9.271,9.216,9.311,9.877,9.839,9.911,-999.000,-999.000,-999.000,13.319,13.531,4.539,4.469,4.667,-999.000,-999.000,-999.000,-999.000,-999.000,-999.000,10.953,10.904,10.996,-8.685,-4.662,-8.133,-25.580,0.689,0.689,0.689,0.753,0.684,0.684,0.684,0.745,0.571,,,,,,,,
2023-11-12,05,5.091,4.565,5.656,5.097,4.579,5.660,5.051,4.461,5.666,5.056,4.448,5.682,3.272,2.444,3.935,5.031,97.075,0.000,0.000,278.888,327.112,-44.874,0.000,0.000,281.565,0.000,7994.083,0.000,-999.000,-999.000,100.488,0.200,0.200,2.199,4.140,167.048,1.425,2.750,153.127,0.344,8.356,8.295,8.427,9.246,9.218,9.279,9.878,9.839,9.908,-999.000,-999.000,-999.000,13.308,13.522,4.590,4.352,4.691,-999.000,-999.000,-999.000,-999.000,-999.000,-999.000,10.954,10.897,10.996,-9.667,-5.199,-8.891,-20.987,0.689,0.688,0.689,0.753,0.683,0.684,0.684,0.745,0.571,,,,,,,,
2023-11-12,06,4.406,4.176,4.658,4.396,4.176,4.688,4.429,4.143,4.809,4.417,4.120,4.748,2.502,2.076,2.999,4.351,98.123,0.000,0.000,280.552,323.393,-39.761,0.000,0.000,282.868,0.000,7987.217,0.000,-999.000,-999.000,100.518,0.200,0.200,1.960,3.180,153.377,1.225,2.090,126.272,0.344,8.239,8.192,8.304,9.195,9.157,9.243,9.839,9.810,9.888,-999.000,-999.000,-999.000,13.320,13.537,4.238,4.083,4.348,-999.000,-999.000,-999.000,-999.000,-999.000,-999.000,10.914,10.858,10.962,-10.112,-5.619,-9.221,-23.250,0.689,0.688,0.689,0.752,0.683,0.684,0.684,0.745,0.570,,,,,,,,
2023-11-12,07,3.918,3.427,4.296,3.907,3.328,4.269,3.950,3.378,4.381,3.927,3.359,4.372,1.998,1.835,2.181,3.842,98.520,0.337,0.000,272.220,317.902,-42.099,1.129,0.000,272.987,0.000,6033.433,0.000,-999.000,-999.000,100.537,0.200,0.200,1.913,3.330,140.430,1.308,2.080,125.745,0.344,8.155,8.096,8.214,9.169,9.137,9.209,9.839,9.806,9.872,-999.000,-999.000,-999.000,13.319,13.542,3.774,3.579,4.069,-999.000,-999.000,-999.000,-999.000,-999.000,-999.000,10.921,10.864,10.956,-10.602,-5.928,-9.663,-25.887,0.688,0.688,0.688,0.752,0.683,0.684,0.684,0.745,0.570,,,,,,,,
2023-11-12,08,4.630,3.940,5.170,4.617,3.877,5.157,4.663,3.899,5.152,4.650,3.915,5.128,3.537,2.076,4.998,4.573,98.427,23.837,1.599,306.520,334.247,-4.521,25.674,0.181,306.833,0.000,7930.100,0.000,-999.000,-999.000,100.575,0.200,0.200,2.624,3.610,150.817,1.735,3.130,144.763,0.344,8.043,7.987,8.123,9.120,9.074,9.179,9.818,9.769,9.848,-999.000,-999.000,-999.000,13.311,13.532,3.851,3.585,4.200,-999.000,-999.000,-999.000,-999.000,-999.000,-999.000,10.907,10.838,10.996,-11.215,-6.264,-10.319,-22.384,0.688,0.688,0.688,0.752,0.683,0.684,0.684,0.745,0.570,,,,,,,,
2023-11-12,09,5.518,5.131,5.984,5.515,5.127,5.967,5.517,5.149,5.942,5.516,5.145,5.957,5.920,5.050,6.886,5.491,97.302,80.608,16.121,317.773,344.715,37.545,81.826,0.000,317.967,0.000,7946.483,0.000,-999.000,-999.000,100.627,0.200,0.200,2.938,4.950,165.793,2.360,3.970,165.768,0.344,7.930,7.873,8.017,9.066,9.019,9.121,9.790,9.744,9.829,-999.000,-999.000,-999.000,13.298,13.525,4.815,4.226,5.480,-999.000,-999.000,-999.000,-999.000,-999.000,-999.000,10.890,10.821,10.956,-11.526,-6.621,-10.525,-9.369,0.688,0.688,0.688,0.752,0.683,0.684,0.684,0.745,0.571,,,,,,,,
2023-11-12,10,6.253,5.864,6.564,6.276,5.867,6.559,6.248,5.877,6.605,6.277,5.889,6.629,7.376,6.873,8.009,6.264,94.683,186.444,49.284,303.933,351.087,90.007,173.490,23.911,306.363,0.972,7949.417,0.000,-999.000,-999.000,100.660,0.200,0.200,3.808,5.940,175.350,3.023,4.880,173.864,0.345,7.882,7.826,7.926,9.018,8.961,9.079,9.774,9.738,9.803,-999.000,-999.000,-999.000,13.290,13.514,6.324,5.500,7.092,-999.000,-999.000,-999.000,-999.000,-999.000,-999.000,10.891,10.811,10.950,-10.736,-6.780,-9.736,5.789,0.688,0.687,0.688,0.752,0.683,0.684,0.684,0.745,0.571,,,,,,,,
2023-11-12,11,7.315,6.452,7.746,7.310,6.440,7.736,7.354,6.462,7.832,7.350,6.478,7.825,9.009,8.081,9.840,7.297,90.080,273.551,80.031,291.463,358.890,126.093,180.560,242.423,294.992,5.667,7950.450,0.000,-999.000,-999.000,100.692,0.200,0.200,3.084,4.860,171.338,2.646,4.130,167.685,0.344,7.891,7.830,7.943,8.960,8.923,8.994,9.745,9.702,9.779,-999.000,-999.000,-999.000,13.291,13.513,7.959,7.151,8.929,-999.000,-999.000,-999.000,-999.000,-999.000,-999.000,10.862,10.804,10.930,-8.964,-6.622,-8.217,19.080,0.688,0.688,0.688,0.752,0.683,0.684,0.684,0.745,0.571,,,,,,,,
2023-11-12,12,6.429,5.718,7.691,6.416,5.708,7.650,6.505,5.825,7.659,6.453,5.777,7.633,8.136,7.051,9.818,6.371,94.002,213.986,57.792,297.273,353.327,100.141,148.311,168.698,299.823,2.639,7959.583,0.000,-999.000,-999.000,100.696,0.200,0.200,4.374,5.890,181.338,3.455,5.130,179.308,0.345,7.996,7.910,8.069,8.929,8.897,8.956,9.732,9.699,9.760,-999.000,-999.000,-999.000,13.298,13.528,9.345,8.974,9.633,-999.000,-999.000,-999.000,-999.000,-999.000,-999.000,10.876,10.812,10.957,-6.543,-6.213,-6.241,27.519,0.688,0.688,0.688,0.753,0.684,0.684,0.684,0.745,0.572,,,,,,,,
2023-11-12,13,5.975,5.650,6.419,5.972,5.633,6.442,6.019,5.717,6.421,5.998,5.666,6.425,7.545,6.962,8.323,5.945,96.863,121.230,27.695,337.380,351.052,79.863,120.003,0.000,336.992,0.000,7905.167,0.000,-999.000,-999.000,100.733,0.200,0.200,3.903,6.130,200.480,3.160,5.490,199.265,0.345,8.150,8.064,8.237,8.907,8.873,8.941,9.715,9.682,9.747,-999.000,-999.000,-999.000,13.298,13.525,8.865,8.751,9.004,-999.000,-999.000,-999.000,-999.000,-999.000,-999.000,10.882,10.821,10.949,-4.071,-5.642,-4.381,14.913,0.688,0.688,0.688,0.753,0.684,0.685,0.684,0.745,0.571,,,,,,,,
2023-11-12,14,6.105,5.851,6.392,6.125,5.880,6.409,6.132,5.883,6.409,6.137,5.879,6.433,7.422,6.713,8.300,6.068,94.630,91.835,17.361,318.613,349.305,43.782,90.236,0.077,320.340,0.000,7985.183,0.000,-999.000,-999.000,100.728,0.200,0.200,2.151,4.800,231.030,1.861,4.210,229.338,0.345,8.285,8.221,8.350,8.910,8.870,8.947,9.692,9.674,9.718,-999.000,-999.000,-999.000,13.277,13.509,8.875,8.650,9.019,-999.000,-999.000,-999.000,-999.000,-999.000,-999.000,10.872,10.830,10.919,-2.836,-5.067,-3.409,11.379,0.689,0.688,0.689,0.753,0.684,0.685,0.683,0.746,0.571,,,,,,,,
2023-11-12,15,5.849,5.717,5.971,5.849,5.707,5.967,5.913,5.766,6.051,5.897,5.747,6.045,6.590,6.388,6.885,5.830,95.280,34.479,2.571,334.682,346.087,20.523,34.795,0.000,334.562,0.000,7991.917,0.000,-999.000,-999.000,100.743,0.200,0.200,2.579,4.640,183.204,2.111,3.960,178.442,0.345,8.367,8.330,8.445,8.900,8.865,8.954,9.656,9.623,9.694,-999.000,-999.000,-999.000,13.296,13.529,8.336,8.054,8.640,-999.000,-999.000,-999.000,-999.000,-999.000,-999.000,10.847,10.805,10.907,-2.291,-4.593,-2.828,2.705,0.689,0.689,0.689,0.753,0.684,0.685,0.683,0.746,0.571,,,,,,,,
2023-11-12,16,5.478,5.174,5.763,5.483,5.167,5.767,5.509,5.164,5.801,5.504,5.147,5.802,5.230,4.094,6.500,5.460,95.518,8.114,0.039,297.102,335.118,-25.190,8.784,0.000,299.055,0.000,7992.067,0.000,-999.000,-999.000,100.762,0.200,0.200,1.817,3.640,207.718,1.267,3.070,208.509,0.345,8.439,8.409,8.478,8.917,8.878,8.943,9.637,9.612,9.668,-999.000,-999.000,-999.000,13.282,13.519,7.662,7.171,8.062,-999.000,-999.000,-999.000,-999.000,-999.000,-999.000,10.837,10.789,10.884,-2.327,-4.236,-2.786,-5.201,0.689,0.689,0.689,0.753,0.684,0.685,0.683,0.746,0.571,,,,,,,,
2023-11-12,17,4.867,4.661,5.198,4.868,4.647,5.207,4.875,4.674,5.179,4.843,4.642,5.105,3.606,2.922,4.280,4.779,96.868,0.000,0.000,292.187,326.130,-27.717,0.000,0.000,295.155,0.000,7999.000,0.000,-999.000,-999.000,100.777,0.200,0.200,0.626,1.360,152.104,0.553,1.010,115.713,0.345,8.447,8.418,8.490,8.927,8.890,8.974,9.622,9.585,9.663,-999.000,-999.000,-999.000,13.290,13.523,6.703,6.335,7.141,-999.000,-999.000,-999.000,-999.000,-999.000,-999.000,10.822,10.781,10.864,-2.972,-4.017,-3.309,-15.322,0.689,0.689,0.689,0.753,0.685,0.685,0.683,0.746,0.570,,,,,,,,
2023-11-12,18,4.438,4.206,4.708,4.438,4.149,4.687,4.429,4.159,4.675,4.419,4.145,4.622,3.068,2.813,3.293,4.324,98.233,0.000,0.000,297.415,325.142,-21.390,0.000,0.000,299.408,0.000,7175.750,0.000,-999.000,-999.000,100.780,0.200,0.200,1.129,1.480,132.781,0.750,1.070,127.696,0.345,8.426,8.377,8.483,8.948,8.912,8.992,9.605,9.571,9.650,-999.000,-999.000,-999.000,13.288,13.525,6.060,5.845,6.325,-999.000,-999.000,-999.000,-999.000,-999.000,-999.000,10.806,10.755,10.871,-4.281,-4.041,-4.551,-19.174,0.689,0.689,0.689,0.753,0.684,0.685,0.683,0.746,0.570,,,,,,,,
2023-11-12,19,3.973,3.813,4.183,3.944,3.800,4.179,3.994,3.824,4.300,3.984,3.792,4.210,3.014,2.141,3.474,3.931,98.615,0.000,0.000,292.603,323.238,-24.108,0.000,0.000,290.212,0.000,4476.517,0.000,-999.000,-999.000,100.814,0.200,0.200,0.834,1.750,150.173,0.467,1.050,121.455,0.345,8.344,8.283,8.387,8.951,8.912,8.981,9.596,9.568,9.634,-999.000,-999.000,-999.000,13.274,13.512,5.613,5.280,5.855,-999.000,-999.000,-999.000,-999.000,-999.000,-999.000,10.793,10.756,10.831,-5.724,-4.365,-5.905,-20.073,0.689,0.688,0.689,0.753,0.684,0.685,0.683,0.745,0.570,,,,,,,,
2023-11-12,20,2.704,1.600,3.952,2.705,1.614,4.005,2.717,1.514,4.199,2.696,1.513,4.141,1.947,1.667,2.270,2.637,98.640,0.000,0.000,295.150,315.278,-15.001,0.000,0.000,271.070,0.000,2798.667,0.000,-999.000,-999.000,100.794,0.200,0.200,1.162,1.860,168.418,0.723,1.350,194.348,0.345,8.268,8.201,8.324,8.952,8.921,8.983,9.590,9.557,9.626,-999.000,-999.000,-999.000,13.276,13.517,4.847,4.491,5.254,-999.000,-999.000,-999.000,-999.000,-999.000,-999.000,10.785,10.732,10.843,-6.938,-4.837,-7.025,-25.403,0.689,0.688,0.689,0.753,0.684,0.685,0.683,0.746,0.570,,,,,,,,
2023-11-12,21,1.602,1.379,1.868,1.596,1.353,1.882,1.698,1.366,2.005,1.667,1.371,1.910,1.735,1.331,2.163,1.595,99.372,0.000,0.000,305.290,314.618,-3.254,0.000,0.000,276.905,0.000,3100.633,0.000,-999.000,-999.000,100.797,0.200,0.200,0.995,1.670,172.122,0.477,0.830,122.760,0.345,8.142,8.058,8.209,8.937,8.914,8.976,9.581,9.557,9.606,-999.000,-999.000,-999.000,13.280,13.523,4.210,3.987,4.498,-999.000,-999.000,-999.000,-999.000,-999.000,-999.000,10.763,10.716,10.815,-8.228,-5.359,-8.336,-28.461,0.689,0.688,0.689,0.753,0.684,0.684,0.683,0.745,0.570,,,,,,,,
2023-11-12,22,1.717,1.389,2.020,1.729,1.393,2.051,1.755,1.403,2.117,1.744,1.375,2.102,1.562,1.305,1.955,1.641,99.497,0.000,0.000,309.765,315.445,0.747,0.000,0.000,280.317,0.000,2661.450,0.000,-999.000,-999.000,100.795,0.200,0.200,1.412,2.480,155.735,0.682,1.810,186.087,0.345,7.998,7.922,8.078,8.935,8.908,8.965,9.583,9.569,9.605,-999.000,-999.000,-999.000,13.269,13.514,3.798,3.630,3.974,-999.000,-999.000,-999.000,-999.000,-999.000,-999.000,10.746,10.710,10.776,-9.563,-5.919,-9.648,-28.460,0.688,0.688,0.689,0.753,0.684,0.684,0.684,0.745,0.570,,,,,,,,
2023-11-12,23,2.352,1.898,2.615,2.352,1.902,2.619,2.405,1.940,2.619,2.396,1.962,2.611,1.993,1.642,2.285,2.319,99.692,0.003,0.000,319.020,319.352,6.920,0.000,0.000,299.910,0.000,4570.083,0.000,-999.000,-999.000,100.826,0.200,0.200,1.722,2.470,141.714,0.720,1.260,162.790,0.345,7.854,7.785,7.942,8.898,8.874,8.942,9.566,9.544,9.588,-999.000,-999.000,-999.000,13.269,13.520,3.674,3.630,3.696,-999.000,-999.000,-999.000,-999.000,-999.000,-999.000,10.730,10.702,10.770,-10.609,-6.473,-10.602,-25.963,0.688,0.687,0.688,0.753,0.684,0.684,0.684,0.745,0.570,,,,,,,,
2023-11-12,24,3.276,2.424,3.990,3.328,2.414,4.076,3.468,2.636,4.076,3.442,2.591,4.060,2.065,1.571,2.440,3.374,98.840,0.000,0.000,315.575,319.275,2.599,0.000,0.000,281.108,0.000,6583.133,0.000,-999.000,-999.000,100.779,0.200,0.200,2.347,3.320,135.464,1.058,1.810,143.241,0.346,7.733,7.675,7.782,8.848,8.812,8.890,9.548,9.528,9.572,-999.000,-999.000,-999.000,13.250,13.498,3.556,3.325,3.692,-999.000,-999.000,-999.000,-999.000,-999.000,-999.000,10.720,10.663,10.765,-11.261,-6.980,-11.083,-23.963,0.688,0.687,0.688,0.753,0.684,0.684,0.684,0.745,0.570,,,,,,,,
