2023-06-26,01,19.822,18.926,20.540,19.837,18.871,20.562,19.896,18.920,20.670,19.918,18.880,20.690,16.656,15.865,17.495,19.886,79.999,0.000,0.000,365.373,399.040,-26.697,0.000,0.000,359.962,0.000,7999.000,0.000,-999.000,-999.000,101.155,0.200,0.200,2.589,3.390,189.967,1.189,1.910,189.672,0.814,22.099,21.886,22.329,21.847,21.774,21.904,20.491,20.474,20.504,-999.000,-999.000,-999.000,13.550,11.602,24.755,24.382,25.171,-999.000,-999.000,-999.000,-999.000,-999.000,-999.000,20.435,20.417,20.456,-0.168,0.207,-1.661,-30.228,0.221,0.308,0.316,0.560,0.242,0.335,0.394,0.699,0.452,,,,,,,,
2023-06-26,02,20.913,19.927,21.965,20.904,19.917,21.955,20.934,19.980,21.950,20.941,19.930,21.970,18.519,17.187,19.788,20.919,72.475,0.000,0.000,372.045,406.892,-29.011,0.000,0.000,366.258,0.000,7999.000,0.000,-999.000,-999.000,101.157,0.200,0.200,4.473,9.980,235.332,3.084,7.790,232.061,0.815,21.770,21.638,21.893,21.704,21.629,21.784,20.517,20.491,20.554,-999.000,-999.000,-999.000,13.552,11.603,24.114,23.902,24.378,-999.000,-999.000,-999.000,-999.000,-999.000,-999.000,20.455,20.430,20.492,-0.977,-0.765,-2.809,-28.880,0.221,0.307,0.316,0.560,0.241,0.334,0.394,0.699,0.449,,,,,,,,
2023-06-26,03,20.182,19.471,21.196,20.170,19.440,21.194,20.202,19.480,21.280,20.191,19.490,21.300,18.688,18.027,19.519,20.160,74.040,0.000,0.000,362.777,406.790,-38.253,0.000,0.000,356.575,0.000,7999.000,0.000,-999.000,-999.000,101.203,0.200,0.263,4.606,9.780,254.171,3.549,7.250,254.361,0.815,21.555,21.431,21.662,21.572,21.500,21.649,20.516,20.495,20.534,-999.000,-999.000,-999.000,13.556,11.614,23.626,23.339,23.885,-999.000,-999.000,-999.000,-999.000,-999.000,-999.000,20.479,20.450,20.506,-1.504,-1.179,-3.231,-27.521,0.221,0.306,0.316,0.560,0.241,0.334,0.393,0.699,0.447,,,,,,,,
2023-06-26,04,19.178,19.012,19.564,19.186,19.043,19.564,19.218,19.030,19.540,19.212,19.030,19.550,17.932,17.638,18.215,19.155,80.814,10.182,0.032,358.845,403.913,-30.374,9.654,1.797,352.405,0.000,7999.000,0.000,-999.000,-999.000,101.236,0.200,0.200,3.260,7.100,253.344,2.488,5.280,254.280,0.816,21.364,21.245,21.451,21.413,21.354,21.500,20.522,20.498,20.544,-999.000,-999.000,-999.000,13.572,11.602,23.096,22.873,23.340,-999.000,-999.000,-999.000,-999.000,-999.000,-999.000,20.498,20.457,20.548,-1.945,-1.418,-3.541,-28.199,0.220,0.306,0.315,0.561,0.240,0.333,0.393,0.699,0.445,,,,,,,,
2023-06-26,05,19.254,19.099,19.411,19.260,19.096,19.396,19.306,19.170,19.450,19.300,19.170,19.440,18.623,18.212,19.360,19.238,82.228,69.116,11.746,356.518,408.352,5.537,45.592,105.806,350.160,3.389,7999.000,0.000,-999.000,-999.000,101.290,0.200,0.200,4.592,8.570,256.048,3.531,8.310,256.390,0.816,21.173,21.073,21.255,21.279,21.220,21.355,20.501,20.456,20.531,-999.000,-999.000,-999.000,13.578,11.605,22.791,22.704,22.876,-999.000,-999.000,-999.000,-999.000,-999.000,-999.000,20.519,20.484,20.552,-2.204,-1.587,-3.784,-25.275,0.220,0.305,0.315,0.561,0.240,0.332,0.393,0.699,0.443,,,,,,,,
2023-06-26,06,19.664,19.398,19.992,19.653,19.435,19.950,19.716,19.450,19.980,19.702,19.440,19.970,19.915,19.388,20.948,19.641,76.186,215.794,51.351,349.462,415.492,98.413,90.035,374.993,340.705,9.222,7999.000,0.000,-999.000,-999.000,101.374,0.200,0.200,4.846,7.910,273.579,3.471,7.720,272.733,0.817,21.066,21.034,21.103,21.146,21.081,21.206,20.454,20.426,20.501,-999.000,-999.000,-999.000,13.576,11.619,22.996,22.780,23.274,-999.000,-999.000,-999.000,-999.000,-999.000,-999.000,20.546,20.497,20.608,-2.237,-1.553,-3.464,-17.871,0.220,0.305,0.314,0.562,0.239,0.332,0.393,0.699,0.442,,,,,,,,
2023-06-26,07,20.417,19.912,20.829,20.392,19.880,20.814,20.466,19.900,20.910,20.442,19.850,20.910,21.425,19.920,22.375,20.369,68.665,350.754,79.187,354.865,427.062,199.370,139.870,439.294,344.550,8.222,7999.000,0.000,-999.000,-999.000,101.461,0.200,0.263,4.625,9.420,281.415,3.361,6.440,279.692,0.817,21.109,21.043,21.185,21.032,20.970,21.106,20.416,20.368,20.462,-999.000,-999.000,-999.000,13.572,11.615,23.886,23.303,24.514,-999.000,-999.000,-999.000,-999.000,-999.000,-999.000,20.579,20.548,20.617,-2.022,-1.106,-2.312,-4.679,0.219,0.304,0.313,0.562,0.239,0.331,0.392,0.698,0.442,,,,,,,,
2023-06-26,08,20.584,20.020,21.259,20.551,19.988,21.300,20.629,20.050,21.480,20.614,20.040,21.440,21.778,20.163,24.257,20.548,69.603,398.527,85.373,380.622,434.748,259.027,234.929,249.544,371.987,4.389,7999.000,0.000,-999.000,-999.000,101.535,0.200,0.200,5.221,9.530,280.398,3.809,7.400,277.551,0.818,21.310,21.182,21.406,20.922,20.874,20.981,20.368,20.331,20.400,-999.000,-999.000,-999.000,13.580,11.621,24.919,24.530,25.514,-999.000,-999.000,-999.000,-999.000,-999.000,-999.000,20.594,20.558,20.629,-1.509,-0.297,-0.323,6.582,0.219,0.304,0.312,0.562,0.239,0.331,0.392,0.698,0.444,,,,,,,,
2023-06-26,09,20.673,20.079,21.209,20.644,20.049,21.250,20.718,20.080,21.310,20.698,20.040,21.300,22.238,20.296,24.402,20.623,68.046,491.411,102.847,371.862,440.045,320.381,238.095,332.202,362.173,5.333,7999.000,0.000,-999.000,-999.000,101.586,0.200,0.200,6.243,10.010,264.833,4.707,10.330,264.389,0.818,21.540,21.403,21.668,20.853,20.816,20.906,20.318,20.278,20.357,-999.000,-999.000,-999.000,13.578,11.617,26.120,25.581,26.616,-999.000,-999.000,-999.000,-999.000,-999.000,-999.000,20.634,20.606,20.676,-0.768,0.639,1.954,17.431,0.220,0.304,0.310,0.562,0.239,0.331,0.391,0.697,0.445,,,,,,,,
2023-06-26,10,21.003,20.074,21.558,20.974,19.998,21.538,21.090,20.020,21.940,21.067,20.010,21.940,23.052,19.992,25.028,20.998,60.596,646.110,132.815,366.490,449.575,430.210,210.567,517.395,353.595,6.778,7999.000,0.000,-999.000,-999.000,101.651,0.200,0.200,6.235,10.440,272.444,4.760,9.940,270.395,0.819,21.837,21.670,21.997,20.809,20.779,20.844,20.283,20.247,20.324,-999.000,-999.000,-999.000,13.593,11.631,27.287,26.618,27.776,-999.000,-999.000,-999.000,-999.000,-999.000,-999.000,20.670,20.634,20.714,0.077,1.629,4.458,26.091,0.220,0.304,0.307,0.561,0.240,0.331,0.391,0.695,0.447,,,,,,,,
2023-06-26,11,21.403,20.641,21.947,21.359,20.550,21.957,21.501,20.630,22.060,21.472,20.570,22.070,24.044,20.844,25.159,21.388,54.191,824.420,167.984,360.415,460.360,556.490,237.168,643.906,345.495,8.555,7999.000,0.000,-999.000,-999.000,101.707,0.200,0.200,7.182,11.750,268.364,5.554,10.370,266.495,0.820,22.133,21.972,22.307,20.794,20.763,20.825,20.238,20.180,20.290,-999.000,-999.000,-999.000,13.602,11.626,28.798,27.840,29.534,-999.000,-999.000,-999.000,-999.000,-999.000,-999.000,20.684,20.643,20.726,0.830,2.497,6.921,38.927,0.220,0.305,0.304,0.561,0.240,0.331,0.390,0.694,0.450,,,,,,,,
2023-06-26,12,21.654,20.753,22.620,21.601,20.646,22.613,21.673,20.690,22.700,21.646,20.660,22.650,24.232,20.975,26.750,21.562,51.642,814.934,166.245,362.203,462.122,548.770,303.762,544.342,348.892,7.944,7999.000,0.000,-999.000,-999.000,101.756,0.200,0.200,7.135,12.260,274.766,5.210,9.770,273.668,0.820,22.466,22.307,22.587,20.815,20.778,20.874,20.201,20.165,20.230,-999.000,-999.000,-999.000,13.602,11.631,29.938,29.558,30.767,-999.000,-999.000,-999.000,-999.000,-999.000,-999.000,20.708,20.660,20.758,1.707,3.391,9.654,42.975,0.220,0.305,0.305,0.559,0.241,0.331,0.390,0.692,0.453,,,,,,,,
2023-06-26,13,21.827,21.247,22.219,21.778,21.153,22.197,21.883,21.100,22.430,21.861,21.070,22.440,24.734,21.662,26.056,21.780,48.631,887.240,180.330,362.635,466.855,602.690,282.040,665.977,346.737,9.055,7999.000,0.000,-999.000,-999.000,101.820,0.200,0.200,7.558,12.630,277.909,5.498,9.620,277.640,0.821,22.769,22.594,22.928,20.866,20.828,20.902,20.170,20.133,20.199,-999.000,-999.000,-999.000,13.592,11.635,31.229,30.807,31.627,-999.000,-999.000,-999.000,-999.000,-999.000,-999.000,20.751,20.720,20.788,2.525,4.216,11.627,51.022,0.220,0.305,0.304,0.558,0.241,0.331,0.389,0.690,0.456,,,,,,,,
2023-06-26,14,21.818,21.409,22.179,21.769,21.338,22.150,21.890,21.580,22.310,21.860,21.530,22.290,24.695,23.148,25.473,21.775,45.671,906.883,188.440,360.462,466.885,612.020,216.474,801.318,342.200,9.805,7999.000,0.000,-999.000,-999.000,101.843,0.200,0.200,7.611,11.890,269.505,5.930,10.020,267.889,0.821,23.023,22.905,23.155,20.902,20.865,20.946,20.137,20.106,20.173,-999.000,-999.000,-999.000,13.612,11.633,31.977,31.644,32.241,-999.000,-999.000,-999.000,-999.000,-999.000,-999.000,20.760,20.726,20.791,3.255,4.946,12.956,50.516,0.221,0.305,0.305,0.556,0.242,0.332,0.388,0.687,0.459,,,,,,,,
2023-06-26,15,21.154,20.534,22.141,21.119,20.437,22.105,21.171,20.470,21.960,21.155,20.440,21.930,22.880,20.941,25.276,21.104,48.311,589.449,122.306,356.908,447.073,376.977,256.604,420.021,344.617,7.583,7999.000,0.000,-999.000,-999.000,101.878,0.200,0.200,7.139,11.620,288.943,4.863,9.170,289.238,0.822,23.196,23.141,23.244,20.967,20.903,21.025,20.123,20.098,20.151,-999.000,-999.000,-999.000,13.612,11.641,31.908,31.335,32.338,-999.000,-999.000,-999.000,-999.000,-999.000,-999.000,20.777,20.729,20.819,3.518,5.273,13.051,39.229,0.221,0.305,0.305,0.555,0.243,0.332,0.388,0.685,0.461,,,,,,,,
2023-06-26,16,21.179,20.517,21.505,21.157,20.517,21.487,21.186,20.450,21.490,21.181,20.420,21.490,23.206,20.933,24.378,21.165,47.672,579.048,126.570,357.783,447.387,362.875,200.396,588.474,344.825,8.250,7999.000,0.000,-999.000,-999.000,101.890,0.200,0.200,6.438,9.240,297.103,4.404,8.920,295.951,0.823,23.142,23.077,23.192,21.066,21.006,21.109,20.133,20.116,20.159,-999.000,-999.000,-999.000,13.605,11.650,31.163,31.074,31.332,-999.000,-999.000,-999.000,-999.000,-999.000,-999.000,20.817,20.789,20.844,3.030,4.713,10.916,26.308,0.221,0.305,0.305,0.554,0.242,0.332,0.387,0.683,0.461,,,,,,,,
2023-06-26,17,20.501,19.650,21.634,20.488,19.675,21.661,20.495,19.680,21.740,20.489,19.700,21.740,21.168,18.787,23.644,20.485,48.651,335.659,71.350,348.720,428.243,184.786,136.351,375.423,337.945,5.389,7999.000,0.000,-999.000,-999.000,101.882,0.200,0.200,5.888,10.270,301.908,3.983,8.080,300.627,0.823,23.021,22.898,23.093,21.112,21.066,21.167,20.136,20.114,20.177,-999.000,-999.000,-999.000,13.619,11.645,30.599,29.701,31.120,-999.000,-999.000,-999.000,-999.000,-999.000,-999.000,20.825,20.798,20.858,2.444,4.031,8.767,18.302,0.220,0.304,0.304,0.553,0.242,0.332,0.387,0.681,0.460,,,,,,,,
2023-06-26,18,19.899,19.311,20.713,19.872,19.243,20.665,19.884,19.250,20.580,19.884,19.240,20.610,19.928,18.100,21.987,19.885,50.775,209.245,45.544,351.030,417.633,97.099,113.534,275.554,342.807,4.639,7999.000,0.000,-999.000,-999.000,101.902,0.200,0.200,4.793,8.040,299.509,3.189,6.150,297.969,0.824,22.658,22.466,22.902,21.159,21.117,21.200,20.150,20.120,20.171,-999.000,-999.000,-999.000,13.617,11.649,28.940,28.296,29.665,-999.000,-999.000,-999.000,-999.000,-999.000,-999.000,20.840,20.791,20.870,1.433,2.962,5.809,-2.407,0.220,0.304,0.304,0.552,0.242,0.332,0.387,0.680,0.458,,,,,,,,
2023-06-26,19,19.168,18.570,19.668,19.156,18.518,19.643,19.182,18.540,19.680,19.178,18.560,19.650,18.589,17.786,19.758,19.150,55.517,123.182,29.102,332.718,405.415,21.383,51.839,338.578,324.677,8.500,7999.000,0.000,-999.000,-999.000,101.932,0.200,0.200,3.913,6.370,299.013,2.453,5.530,297.313,0.825,22.259,22.014,22.461,21.153,21.125,21.183,20.166,20.142,20.194,-999.000,-999.000,-999.000,13.634,11.652,27.561,26.869,28.277,-999.000,-999.000,-999.000,-999.000,-999.000,-999.000,20.852,20.811,20.889,0.140,1.537,2.920,-12.239,0.219,0.304,0.304,0.551,0.241,0.331,0.388,0.678,0.455,,,,,,,,
2023-06-26,20,17.314,15.998,18.511,17.278,16.045,18.434,17.256,15.980,18.480,17.270,15.980,18.480,15.574,13.286,17.975,17.207,66.677,25.971,3.083,327.947,384.358,-29.800,15.773,76.932,321.452,2.917,7999.000,0.000,-999.000,-999.000,101.952,0.200,0.200,2.376,5.040,289.571,1.188,3.560,292.390,0.825,21.793,21.544,22.004,21.126,21.091,21.169,20.179,20.151,20.217,-999.000,-999.000,-999.000,13.639,11.652,26.082,25.294,26.846,-999.000,-999.000,-999.000,-999.000,-999.000,-999.000,20.862,20.817,20.916,-0.960,0.180,0.381,-24.586,0.219,0.303,0.303,0.551,0.240,0.331,0.388,0.677,0.452,,,,,,,,
2023-06-26,21,15.111,14.486,15.955,15.128,14.457,15.953,15.052,14.320,15.900,15.051,14.310,15.900,12.357,11.586,13.358,15.063,76.892,0.201,0.000,330.955,369.863,-30.615,0.028,0.000,325.637,0.000,7999.000,0.000,-999.000,-999.000,101.972,0.200,0.200,1.499,2.310,292.567,0.554,1.220,309.336,0.826,21.217,20.934,21.546,21.057,20.985,21.113,20.196,20.154,20.225,-999.000,-999.000,-999.000,13.639,11.658,24.507,23.874,25.268,-999.000,-999.000,-999.000,-999.000,-999.000,-999.000,20.878,20.840,20.906,-1.990,-1.724,-2.145,-33.781,0.218,0.303,0.303,0.551,0.240,0.330,0.388,0.677,0.448,,,,,,,,
2023-06-26,22,14.310,14.032,14.560,14.298,13.999,14.559,14.320,14.020,14.620,14.320,14.020,14.600,12.075,11.627,12.450,14.329,83.372,0.000,0.000,340.153,372.857,-24.657,0.000,0.000,335.838,0.000,7999.000,0.000,-999.000,-999.000,101.969,0.200,0.200,1.665,2.220,267.112,0.505,0.920,242.704,0.827,20.626,20.384,20.927,20.949,20.877,21.009,20.198,20.179,20.229,-999.000,-999.000,-999.000,13.654,11.665,23.350,22.900,23.854,-999.000,-999.000,-999.000,-999.000,-999.000,-999.000,20.894,20.859,20.925,-3.187,-3.965,-4.834,-36.510,0.217,0.302,0.302,0.552,0.239,0.330,0.388,0.678,0.445,,,,,,,,
2023-06-26,23,14.024,13.656,14.357,14.025,13.631,14.339,13.868,13.490,14.220,13.895,13.460,14.280,11.729,10.772,12.484,13.888,88.048,0.000,0.000,334.348,369.363,-27.022,0.000,0.000,329.902,0.000,7999.000,0.000,-999.000,-999.000,101.958,0.200,0.200,0.747,1.380,238.094,0.496,1.230,151.125,0.828,20.163,19.941,20.372,20.805,20.725,20.884,20.194,20.169,20.217,-999.000,-999.000,-999.000,13.649,11.674,22.491,22.052,22.881,-999.000,-999.000,-999.000,-999.000,-999.000,-999.000,20.895,20.869,20.922,-4.010,-5.324,-6.580,-36.205,0.216,0.302,0.301,0.552,0.238,0.329,0.388,0.678,0.442,,,,,,,,
2023-06-26,24,13.356,12.524,13.872,13.361,12.579,13.960,13.071,12.460,13.540,13.058,12.460,13.530,10.818,10.127,11.215,13.018,90.193,0.000,0.000,330.397,365.017,-27.029,0.000,0.000,325.985,0.000,7999.000,0.000,-999.000,-999.000,101.940,0.200,0.200,1.193,1.820,144.317,0.577,1.050,127.090,0.829,19.744,19.536,19.938,20.646,20.555,20.742,20.172,20.143,20.200,-999.000,-999.000,-999.000,13.650,11.665,21.647,21.249,22.042,-999.000,-999.000,-999.000,-999.000,-999.000,-999.000,20.923,20.892,20.950,-4.577,-6.339,-7.895,-37.872,0.216,0.301,0.300,0.552,0.237,0.329,0.388,0.678,0.439,,,,,,,,
