2023-09-10,01,16.561,16.266,16.809,16.551,16.211,16.830,16.642,16.320,16.830,16.625,16.310,16.820,14.356,14.083,14.572,16.591,98.357,0.000,0.000,361.020,386.100,-16.470,0.000,0.000,362.608,0.000,3570.433,0.000,-999.000,-999.000,101.734,0.200,0.200,0.484,0.890,272.591,0.330,0.640,64.944,0.536,20.007,19.876,20.131,19.728,19.683,19.775,18.872,18.853,18.890,-999.000,-999.000,-999.000,15.509,13.977,20.842,20.599,21.105,-999.000,-999.000,-999.000,-999.000,-999.000,-999.000,18.897,18.858,18.952,-1.356,-1.616,-2.567,-25.823,0.385,0.565,0.687,0.747,0.474,0.620,0.697,0.750,0.403,,,,,,,,
2023-09-10,02,16.321,16.046,16.538,16.317,16.018,16.529,16.353,16.150,16.590,16.325,16.110,16.580,14.522,14.286,14.824,16.281,98.382,0.000,0.000,361.858,385.815,-15.474,0.000,0.000,362.890,0.000,4639.700,0.000,-999.000,-999.000,101.738,0.200,0.200,0.713,1.280,307.389,0.438,0.900,305.379,0.536,19.794,19.679,19.897,19.666,19.631,19.710,18.877,18.857,18.894,-999.000,-999.000,-999.000,15.518,13.980,20.368,20.166,20.592,-999.000,-999.000,-999.000,-999.000,-999.000,-999.000,18.905,18.860,18.939,-1.987,-2.324,-3.304,-25.088,0.385,0.565,0.688,0.747,0.474,0.620,0.697,0.750,0.402,,,,,,,,
2023-09-10,03,16.216,16.003,16.443,16.201,15.954,16.425,16.248,15.980,16.440,16.236,15.940,16.420,14.231,14.012,14.444,16.194,98.500,0.000,0.000,362.635,385.832,-14.921,0.000,0.000,363.758,0.000,4643.617,0.000,-999.000,-999.000,101.748,0.200,0.200,0.520,0.840,269.148,0.356,1.010,105.847,0.537,19.603,19.507,19.692,19.591,19.522,19.643,18.886,18.870,18.914,-999.000,-999.000,-999.000,15.518,13.982,19.975,19.789,20.169,-999.000,-999.000,-999.000,-999.000,-999.000,-999.000,18.920,18.873,18.966,-2.414,-2.776,-3.789,-24.240,0.383,0.565,0.687,0.747,0.473,0.620,0.697,0.750,0.401,,,,,,,,
2023-09-10,04,16.199,15.937,16.387,16.198,15.965,16.378,16.220,15.980,16.370,16.209,15.930,16.390,14.198,14.006,14.381,16.170,98.553,0.000,0.000,363.113,385.923,-14.045,0.000,0.000,364.207,0.000,4264.967,0.000,-999.000,-999.000,101.732,0.200,0.200,0.357,0.660,248.945,0.314,0.550,272.129,0.537,19.424,19.345,19.511,19.517,19.467,19.550,18.885,18.864,18.901,-999.000,-999.000,-999.000,15.518,13.988,19.635,19.492,19.793,-999.000,-999.000,-999.000,-999.000,-999.000,-999.000,18.938,18.876,18.989,-2.759,-3.176,-4.167,-23.541,0.383,0.564,0.687,0.747,0.473,0.620,0.696,0.750,0.400,,,,,,,,
2023-09-10,05,16.426,16.102,16.802,16.408,16.087,16.781,16.437,16.140,16.880,16.436,16.150,16.870,14.390,14.018,14.605,16.382,98.317,0.101,0.000,364.765,385.935,-12.711,0.242,0.000,364.812,0.000,7914.533,0.000,-999.000,-999.000,101.719,0.200,0.200,0.747,1.870,167.575,0.614,1.050,239.164,0.538,19.262,19.189,19.345,19.429,19.369,19.497,18.874,18.854,18.904,-999.000,-999.000,-999.000,15.517,13.984,19.344,19.142,19.499,-999.000,-999.000,-999.000,-999.000,-999.000,-999.000,18.964,18.916,19.012,-3.041,-3.500,-4.475,-22.588,0.382,0.564,0.687,0.747,0.472,0.620,0.696,0.750,0.400,,,,,,,,
2023-09-10,06,16.750,16.175,17.153,16.742,16.207,17.228,16.836,16.120,17.820,16.825,16.110,17.770,15.405,14.652,17.139,16.790,97.522,29.384,3.717,366.592,393.675,1.374,23.952,12.426,368.695,0.694,7999.000,0.000,-999.000,-999.000,101.744,0.200,0.200,0.651,2.580,87.369,0.505,1.030,300.752,0.539,19.136,19.067,19.182,19.355,19.305,19.392,18.872,18.837,18.896,-999.000,-999.000,-999.000,15.506,13.975,19.104,19.047,19.283,-999.000,-999.000,-999.000,-999.000,-999.000,-999.000,18.993,18.937,19.036,-3.231,-3.703,-4.656,-20.002,0.381,0.563,0.687,0.747,0.472,0.619,0.696,0.750,0.399,,,,,,,,
2023-09-10,07,19.434,17.203,21.060,19.658,17.281,21.164,19.969,17.930,21.490,19.909,17.890,21.250,19.553,17.247,21.233,19.831,88.278,143.301,38.960,373.310,416.992,60.659,77.125,191.771,373.480,10.000,7999.000,0.000,-999.000,-999.000,101.787,0.200,0.200,2.313,3.620,136.255,1.565,2.970,141.401,0.540,19.036,18.994,19.081,19.272,19.214,19.320,18.847,18.818,18.894,-999.000,-999.000,-999.000,15.504,13.981,19.987,19.275,20.815,-999.000,-999.000,-999.000,-999.000,-999.000,-999.000,19.007,18.971,19.051,-3.062,-3.549,-4.393,-7.506,0.382,0.563,0.687,0.747,0.472,0.620,0.696,0.750,0.400,,,,,,,,
2023-09-10,08,22.064,21.116,23.180,22.165,21.201,23.276,22.488,21.570,23.560,22.330,21.340,23.480,22.997,21.223,24.595,22.107,80.719,290.502,81.075,379.045,433.182,155.291,113.197,432.527,377.860,10.000,7999.000,0.000,-999.000,-999.000,101.825,0.200,0.200,2.380,3.860,139.004,2.003,3.370,142.448,0.541,19.058,19.013,19.112,19.200,19.166,19.244,18.826,18.788,18.851,-999.000,-999.000,-999.000,15.507,13.977,22.061,20.851,23.349,-999.000,-999.000,-999.000,-999.000,-999.000,-999.000,19.025,18.980,19.073,-1.951,-2.547,-3.030,12.423,0.381,0.563,0.687,0.747,0.472,0.617,0.696,0.750,0.402,,,,,,,,
2023-09-10,09,24.202,23.196,25.372,24.259,23.243,25.391,24.416,23.480,25.550,24.314,23.290,25.450,26.516,24.651,28.084,24.191,73.944,432.215,117.360,387.132,449.210,252.778,127.123,562.825,384.357,10.000,7999.000,0.000,-999.000,-999.000,101.826,0.200,0.200,2.925,4.410,138.141,2.350,3.800,139.287,0.541,19.211,19.099,19.313,19.147,19.089,19.192,18.812,18.780,18.847,-999.000,-999.000,-999.000,15.516,13.988,24.778,23.405,26.170,-999.000,-999.000,-999.000,-999.000,-999.000,-999.000,19.056,19.005,19.096,0.066,-0.819,-0.687,32.370,0.380,0.562,0.686,0.748,0.472,0.614,0.695,0.751,0.405,,,,,,,,
2023-09-10,10,26.548,25.332,27.332,26.583,25.314,27.340,26.482,25.550,27.380,26.444,25.440,27.350,29.020,28.023,29.807,26.436,64.874,551.061,143.125,397.258,463.060,342.135,135.669,638.314,393.005,10.000,7999.000,0.000,-999.000,-999.000,101.806,0.200,0.200,3.195,6.150,131.174,2.622,5.070,132.656,0.542,19.495,19.317,19.691,19.116,19.080,19.151,18.789,18.766,18.811,-999.000,-999.000,-999.000,15.509,13.981,27.546,26.203,28.819,-999.000,-999.000,-999.000,-999.000,-999.000,-999.000,19.077,19.017,19.128,2.602,1.313,2.436,49.387,0.379,0.561,0.685,0.749,0.472,0.611,0.694,0.751,0.408,,,,,,,,
2023-09-10,11,28.067,27.417,28.526,28.064,27.424,28.523,27.976,27.390,28.540,27.951,27.350,28.530,30.727,29.626,31.734,27.989,56.974,632.747,159.692,404.508,472.305,405.259,137.442,692.483,400.657,10.000,7999.000,0.000,-999.000,-999.000,101.769,0.200,0.200,3.449,5.440,140.715,2.807,4.670,139.411,0.542,19.893,19.674,20.147,19.104,19.076,19.136,18.754,18.731,18.773,-999.000,-999.000,-999.000,15.520,13.994,29.992,28.868,31.060,-999.000,-999.000,-999.000,-999.000,-999.000,-999.000,19.095,19.040,19.154,5.350,3.627,6.221,61.496,0.377,0.558,0.684,0.750,0.471,0.611,0.693,0.752,0.413,,,,,,,,
2023-09-10,12,29.055,28.489,29.746,29.020,28.467,29.689,28.958,28.400,29.490,28.963,28.390,29.550,32.719,31.231,34.118,29.016,54.090,646.257,160.226,411.278,481.643,415.666,156.398,659.043,406.217,10.000,7442.517,0.000,-999.000,-999.000,101.749,0.200,0.200,2.587,4.700,157.389,2.146,4.240,158.174,0.542,20.373,20.137,20.581,19.129,19.093,19.171,18.740,18.708,18.772,-999.000,-999.000,-999.000,15.511,13.983,32.053,31.100,32.940,-999.000,-999.000,-999.000,-999.000,-999.000,-999.000,19.110,19.064,19.172,8.018,5.897,10.104,70.192,0.374,0.556,0.682,0.749,0.470,0.611,0.693,0.752,0.417,,,,,,,,
2023-09-10,13,29.817,29.466,30.254,29.786,29.421,30.225,29.765,29.230,30.240,29.778,29.270,30.270,33.594,32.720,34.571,29.808,53.784,608.515,150.153,416.717,485.402,389.677,201.228,554.390,414.580,10.000,7999.000,0.000,-999.000,-999.000,101.722,0.200,0.200,1.968,4.030,168.969,1.691,3.370,171.181,0.543,20.836,20.584,21.069,19.198,19.135,19.245,18.719,18.698,18.732,-999.000,-999.000,-999.000,15.514,13.981,33.470,32.947,33.944,-999.000,-999.000,-999.000,-999.000,-999.000,-999.000,19.123,19.079,19.191,10.651,7.959,13.747,72.809,0.370,0.555,0.680,0.750,0.468,0.612,0.691,0.753,0.421,,,,,,,,
2023-09-10,14,30.674,29.977,31.315,30.642,29.980,31.346,30.430,29.950,31.120,30.468,29.930,31.140,33.659,32.545,34.614,30.529,49.575,564.495,140.653,418.590,486.637,355.795,146.309,625.906,416.088,10.000,7999.000,0.000,-999.000,-999.000,101.686,0.200,0.200,1.399,3.120,160.465,1.228,2.870,160.562,0.543,21.291,21.078,21.515,19.288,19.218,19.353,18.712,18.687,18.733,-999.000,-999.000,-999.000,15.521,13.991,34.281,33.957,34.418,-999.000,-999.000,-999.000,-999.000,-999.000,-999.000,19.150,19.099,19.190,13.014,9.698,16.767,69.710,0.367,0.557,0.680,0.750,0.467,0.613,0.691,0.753,0.424,,,,,,,,
2023-09-10,15,30.556,30.111,31.075,30.512,30.094,31.077,30.266,30.060,30.530,30.314,30.060,30.600,31.820,30.345,33.079,30.396,51.415,414.232,105.992,419.247,478.155,249.331,151.511,463.304,419.000,10.000,7999.000,0.000,-999.000,-999.000,101.657,0.200,0.200,1.761,3.530,149.779,1.423,3.360,147.194,0.544,21.700,21.518,21.874,19.408,19.330,19.487,18.719,18.697,18.745,-999.000,-999.000,-999.000,15.511,13.984,33.916,33.352,34.333,-999.000,-999.000,-999.000,-999.000,-999.000,-999.000,19.154,19.113,19.188,14.613,10.898,18.665,56.141,0.365,0.555,0.679,0.750,0.466,0.613,0.690,0.754,0.425,,,,,,,,
2023-09-10,16,30.065,29.720,30.565,30.027,29.708,30.480,30.031,29.710,30.290,30.026,29.690,30.310,30.273,29.636,31.090,30.069,54.858,275.403,68.532,416.543,470.750,152.665,150.408,270.457,419.117,10.000,6854.600,0.000,-999.000,-999.000,101.616,0.200,0.200,1.378,2.300,166.300,1.073,2.310,163.560,0.544,22.017,21.870,22.145,19.553,19.471,19.624,18.737,18.705,18.754,-999.000,-999.000,-999.000,15.521,13.989,32.600,31.930,33.336,-999.000,-999.000,-999.000,-999.000,-999.000,-999.000,19.175,19.142,19.217,15.049,11.436,18.956,39.194,0.363,0.554,0.679,0.751,0.466,0.613,0.690,0.755,0.424,,,,,,,,
2023-09-10,17,29.871,29.465,30.165,29.823,29.373,30.119,29.840,29.220,30.190,29.826,29.260,30.150,29.483,27.674,30.368,29.866,57.203,195.993,50.103,414.792,466.235,94.446,106.897,300.659,419.018,10.000,7531.883,0.000,-999.000,-999.000,101.579,0.200,0.200,0.997,1.520,156.857,0.734,1.250,155.347,0.545,22.204,22.138,22.260,19.707,19.614,19.780,18.769,18.727,18.802,-999.000,-999.000,-999.000,15.506,13.992,31.295,30.486,31.900,-999.000,-999.000,-999.000,-999.000,-999.000,-999.000,19.173,19.126,19.220,14.665,11.354,18.052,27.605,0.361,0.555,0.679,0.752,0.465,0.612,0.691,0.755,0.421,,,,,,,,
2023-09-10,18,27.655,25.772,29.528,27.525,25.781,29.427,27.340,25.760,29.150,27.327,25.750,29.190,24.386,21.687,27.578,27.364,69.972,37.744,3.305,403.362,440.197,0.449,25.619,58.096,406.570,0.111,7952.067,0.000,-999.000,-999.000,101.561,0.200,0.200,1.323,1.930,127.763,0.754,1.340,143.599,0.545,22.286,22.255,22.318,19.849,19.760,19.930,18.805,18.763,18.843,-999.000,-999.000,-999.000,15.519,13.990,29.414,28.365,30.450,-999.000,-999.000,-999.000,-999.000,-999.000,-999.000,19.192,19.149,19.226,13.880,10.941,16.688,10.308,0.362,0.553,0.679,0.752,0.465,0.609,0.691,0.755,0.419,,,,,,,,
2023-09-10,19,24.043,22.821,25.813,24.050,22.852,25.810,24.131,22.860,25.730,24.095,22.870,25.730,20.337,19.379,21.604,24.120,81.226,0.446,0.000,392.932,419.158,-15.443,0.169,0.000,395.142,0.000,7999.000,0.000,-999.000,-999.000,101.569,0.200,0.200,1.410,2.530,137.173,0.497,1.100,179.491,0.546,22.210,22.109,22.293,19.977,19.900,20.038,18.846,18.815,18.875,-999.000,-999.000,-999.000,15.521,13.987,27.387,26.562,28.330,-999.000,-999.000,-999.000,-999.000,-999.000,-999.000,19.204,19.157,19.256,11.807,10.012,13.825,-6.841,0.361,0.550,0.679,0.753,0.464,0.606,0.691,0.754,0.414,,,,,,,,
2023-09-10,20,22.423,21.848,22.901,22.423,21.889,22.925,22.427,21.830,22.890,22.417,21.850,22.910,18.864,18.441,19.274,22.417,84.827,0.000,0.000,387.670,412.165,-15.243,0.000,0.000,389.425,0.000,7999.000,0.000,-999.000,-999.000,101.571,0.200,0.200,1.131,2.020,142.885,0.498,0.900,205.157,0.546,21.990,21.836,22.140,20.086,20.016,20.151,18.902,18.865,18.953,-999.000,-999.000,-999.000,15.520,13.989,25.852,25.260,26.543,-999.000,-999.000,-999.000,-999.000,-999.000,-999.000,19.209,19.158,19.259,8.817,8.230,10.022,-14.915,0.359,0.548,0.680,0.752,0.463,0.606,0.691,0.753,0.411,,,,,,,,
2023-09-10,21,21.520,21.001,21.894,21.525,21.018,21.899,21.558,21.060,21.850,21.557,21.060,21.880,18.338,18.138,18.701,21.569,87.422,0.000,0.000,384.877,409.463,-15.342,0.000,0.000,386.660,0.000,7999.000,0.000,-999.000,-999.000,101.555,0.200,0.200,1.502,2.540,144.182,0.554,1.180,189.486,0.547,21.715,21.565,21.839,20.151,20.112,20.186,18.952,18.917,19.008,-999.000,-999.000,-999.000,15.524,13.993,24.776,24.322,25.242,-999.000,-999.000,-999.000,-999.000,-999.000,-999.000,19.220,19.183,19.289,6.229,6.232,6.806,-17.884,0.358,0.547,0.680,0.751,0.462,0.605,0.692,0.752,0.408,,,,,,,,
2023-09-10,22,20.800,20.366,21.176,20.810,20.357,21.169,20.845,20.380,21.230,20.842,20.350,21.250,18.060,17.668,18.480,20.829,89.570,0.000,0.000,381.465,407.987,-18.103,0.000,0.000,383.030,0.000,7999.000,0.000,-999.000,-999.000,101.523,0.200,0.200,2.033,3.030,161.982,0.752,1.620,214.751,0.547,21.436,21.322,21.558,20.181,20.160,20.210,18.991,18.975,19.016,-999.000,-999.000,-999.000,15.527,13.993,23.929,23.605,24.315,-999.000,-999.000,-999.000,-999.000,-999.000,-999.000,19.234,19.183,19.279,4.315,4.562,4.442,-19.178,0.359,0.547,0.680,0.751,0.461,0.605,0.692,0.752,0.407,,,,,,,,
2023-09-10,23,20.102,19.814,20.390,20.096,19.820,20.397,20.186,19.900,20.430,20.174,19.880,20.440,17.814,17.195,18.454,20.167,90.737,0.000,0.000,377.357,405.213,-20.252,0.000,0.000,377.768,0.000,7999.000,0.000,-999.000,-999.000,101.484,0.200,0.200,1.893,2.610,152.126,0.718,1.360,187.928,0.548,21.217,21.093,21.320,20.193,20.150,20.214,19.045,19.000,19.097,-999.000,-999.000,-999.000,15.512,13.984,23.230,22.889,23.576,-999.000,-999.000,-999.000,-999.000,-999.000,-999.000,19.228,19.176,19.286,2.943,3.338,2.765,-19.604,0.359,0.547,0.681,0.750,0.460,0.605,0.692,0.752,0.405,,,,,,,,
2023-09-10,24,19.951,19.409,20.193,19.960,19.417,20.237,20.007,19.480,20.260,20.004,19.460,20.270,17.678,17.281,17.954,19.979,91.408,0.000,0.000,376.243,404.317,-21.173,0.000,0.000,376.272,0.000,7999.000,0.000,-999.000,-999.000,101.441,0.200,0.200,2.062,2.800,154.797,1.103,1.660,183.616,0.548,20.988,20.900,21.093,20.145,20.115,20.170,19.079,19.067,19.093,-999.000,-999.000,-999.000,15.523,13.976,22.603,22.335,22.882,-999.000,-999.000,-999.000,-999.000,-999.000,-999.000,19.271,19.225,19.318,1.901,2.491,1.512,-19.454,0.356,0.546,0.681,0.750,0.460,0.605,0.692,0.751,0.403,,,,,,,,
