2023-11-22,01,3.041,2.334,4.055,3.053,2.351,4.055,3.141,2.389,4.151,3.126,2.380,4.160,2.039,1.334,3.178,3.048,95.252,0.000,0.000,253.565,317.543,-59.121,0.000,0.000,262.920,0.000,6952.450,0.000,-999.000,-999.000,102.760,0.200,0.200,2.053,3.300,333.542,1.214,2.540,314.066,0.326,8.840,8.764,8.896,9.494,9.444,9.533,9.779,9.736,9.808,-999.000,-999.000,-999.000,12.512,13.106,4.080,3.752,4.347,-999.000,-999.000,-999.000,-999.000,-999.000,-999.000,10.333,10.292,10.390,-9.393,-4.327,-8.021,-28.818,0.696,0.693,0.696,0.751,0.692,0.691,0.688,0.750,0.574,,,,,,,,
2023-11-22,02,2.055,1.598,2.629,2.056,1.608,2.599,2.129,1.684,2.659,2.115,1.668,2.687,1.300,0.995,1.714,2.035,98.043,0.000,0.000,249.128,314.093,-59.435,0.000,0.000,257.348,0.000,6555.550,0.000,-999.000,-999.000,102.817,0.200,0.200,2.365,3.470,327.427,1.265,2.140,310.044,0.327,8.709,8.629,8.784,9.451,9.413,9.495,9.770,9.739,9.798,-999.000,-999.000,-999.000,12.512,13.112,3.422,3.149,3.745,-999.000,-999.000,-999.000,-999.000,-999.000,-999.000,10.342,10.295,10.404,-10.030,-4.765,-8.663,-33.260,0.696,0.693,0.696,0.751,0.692,0.691,0.687,0.750,0.574,,,,,,,,
2023-11-22,03,1.658,1.135,2.117,1.662,1.142,2.121,1.747,1.175,2.206,1.724,1.160,2.209,1.124,0.804,1.493,1.613,99.022,0.000,0.000,259.702,310.967,-45.488,0.000,0.000,256.440,0.000,4909.250,0.000,-999.000,-999.000,102.842,0.200,0.200,2.034,2.600,333.031,1.125,1.830,318.053,0.327,8.553,8.442,8.639,9.393,9.352,9.440,9.753,9.727,9.780,-999.000,-999.000,-999.000,12.510,13.112,2.878,2.651,3.139,-999.000,-999.000,-999.000,-999.000,-999.000,-999.000,10.344,10.296,10.376,-10.854,-5.234,-9.552,-35.248,0.696,0.692,0.695,0.752,0.692,0.691,0.687,0.750,0.574,,,,,,,,
2023-11-22,04,1.141,0.408,1.721,1.148,0.422,1.715,1.176,0.380,1.714,1.168,0.372,1.744,0.685,0.434,0.946,1.085,99.383,0.000,0.000,276.345,307.990,-26.006,0.000,0.000,255.912,0.000,932.675,0.000,-999.000,-999.000,102.867,0.200,0.200,1.269,2.320,331.318,0.785,1.670,292.687,0.327,8.377,8.278,8.469,9.327,9.274,9.386,9.736,9.699,9.765,-999.000,-999.000,-999.000,12.523,13.119,2.395,2.153,2.648,-999.000,-999.000,-999.000,-999.000,-999.000,-999.000,10.336,10.290,10.368,-11.743,-5.756,-10.468,-36.217,0.695,0.693,0.695,0.752,0.692,0.691,0.687,0.749,0.574,,,,,,,,
2023-11-22,05,0.044,-0.441,0.537,0.034,-0.477,0.511,-0.002,-0.394,0.379,-0.014,-0.409,0.382,0.325,-0.718,0.837,-0.097,99.122,0.000,0.000,283.572,305.210,-15.822,0.000,0.008,257.900,0.000,1039.753,0.000,-999.000,-999.000,102.944,0.200,0.200,1.009,1.440,358.268,0.648,1.320,17.144,0.328,8.204,8.098,8.284,9.277,9.207,9.312,9.730,9.702,9.764,-999.000,-999.000,-999.000,12.506,13.103,1.967,1.757,2.163,-999.000,-999.000,-999.000,-999.000,-999.000,-999.000,10.351,10.308,10.387,-12.625,-6.323,-11.437,-36.474,0.695,0.694,0.695,0.752,0.692,0.691,0.687,0.749,0.574,,,,,,,,
2023-11-22,06,-0.605,-0.861,-0.345,-0.604,-0.860,-0.325,-0.556,-0.875,-0.236,-0.571,-0.886,-0.248,-0.111,-0.572,0.279,-0.682,99.317,0.000,0.000,292.557,306.363,-7.559,0.000,0.000,275.515,0.000,1986.300,0.000,-999.000,-999.000,102.940,0.200,0.200,1.107,2.100,51.058,0.552,1.060,25.373,0.328,8.003,7.906,8.108,9.180,9.134,9.247,9.693,9.662,9.722,-999.000,-999.000,-999.000,12.491,13.094,1.677,1.618,1.760,-999.000,-999.000,-999.000,-999.000,-999.000,-999.000,10.333,10.282,10.378,-13.498,-6.923,-12.457,-35.599,0.695,0.694,0.695,0.752,0.691,0.691,0.687,0.749,0.573,,,,,,,,
2023-11-22,07,0.037,-0.329,0.190,0.054,-0.245,0.188,0.164,-0.156,0.355,0.152,-0.180,0.334,0.750,0.283,1.342,0.072,99.365,0.634,0.000,304.518,311.348,1.278,0.652,0.000,292.392,0.000,4572.517,0.000,-999.000,-999.000,102.980,0.200,0.200,0.646,1.240,255.183,0.550,1.190,245.358,0.328,7.809,7.699,7.909,9.112,9.046,9.161,9.673,9.636,9.702,-999.000,-999.000,-999.000,12.497,13.100,1.798,1.707,1.862,-999.000,-999.000,-999.000,-999.000,-999.000,-999.000,10.341,10.278,10.391,-14.261,-7.531,-13.335,-30.425,0.694,0.694,0.694,0.752,0.691,0.691,0.687,0.749,0.573,,,,,,,,
2023-11-22,08,0.334,0.038,0.864,0.338,0.045,0.917,0.443,0.119,1.047,0.421,0.094,1.050,1.191,1.002,1.391,0.314,99.513,32.504,4.519,303.423,314.343,18.739,26.073,12.103,289.780,1.694,6142.133,0.000,-999.000,-999.000,102.994,0.200,0.200,0.627,1.310,204.480,0.392,1.380,272.945,0.329,7.621,7.519,7.708,9.016,8.957,9.075,9.638,9.611,9.662,-999.000,-999.000,-999.000,12.496,13.102,2.008,1.859,2.198,-999.000,-999.000,-999.000,-999.000,-999.000,-999.000,10.331,10.270,10.361,-14.613,-8.097,-13.778,-25.730,0.694,0.694,0.694,0.752,0.691,0.691,0.687,0.749,0.573,,,,,,,,
2023-11-22,09,1.725,0.897,2.502,1.725,0.931,2.529,1.758,1.066,2.502,1.746,1.069,2.477,1.497,1.302,1.647,1.666,98.842,78.944,15.810,301.593,319.090,45.637,72.400,8.651,285.070,0.889,6743.667,0.110,-999.000,-999.000,103.062,0.200,0.200,1.763,2.580,166.147,1.100,2.090,177.343,0.330,7.454,7.407,7.536,8.908,8.845,8.982,9.592,9.554,9.649,-999.000,-999.000,-999.000,12.477,13.086,2.521,2.221,2.860,-999.000,-999.000,-999.000,-999.000,-999.000,-999.000,10.317,10.252,10.374,-14.496,-8.538,-13.788,-19.086,0.694,0.693,0.694,0.752,0.691,0.691,0.686,0.749,0.573,,,,,,,,
2023-11-22,10,3.257,2.548,3.967,3.260,2.512,3.991,3.281,2.526,3.973,3.273,2.531,3.952,3.400,1.684,4.929,3.219,97.483,131.405,30.323,295.528,334.287,62.324,124.586,7.017,293.675,0.000,7129.200,0.030,-999.000,-999.000,103.077,0.200,0.200,2.323,3.610,149.876,1.972,3.190,149.304,0.330,7.350,7.297,7.420,8.818,8.741,8.885,9.558,9.508,9.600,-999.000,-999.000,-999.000,12.476,13.087,3.495,2.886,4.203,-999.000,-999.000,-999.000,-999.000,-999.000,-999.000,10.312,10.256,10.361,-13.945,-8.812,-13.363,-8.934,0.694,0.693,0.694,0.752,0.691,0.691,0.686,0.749,0.574,,,,,,,,
2023-11-22,11,4.364,3.977,4.834,4.420,3.991,4.863,4.291,3.929,4.886,4.331,3.983,4.901,5.255,4.911,5.824,4.404,90.755,155.418,36.658,297.682,341.417,75.026,145.110,22.498,303.907,0.000,7387.683,0.000,-999.000,-999.000,103.076,0.200,0.200,3.166,5.300,171.977,2.580,4.320,171.727,0.330,7.281,7.247,7.333,8.716,8.647,8.790,9.509,9.463,9.561,-999.000,-999.000,-999.000,12.468,13.078,4.786,4.220,5.415,-999.000,-999.000,-999.000,-999.000,-999.000,-999.000,10.295,10.224,10.365,-12.836,-8.901,-12.282,3.616,0.694,0.693,0.694,0.752,0.691,0.691,0.686,0.748,0.574,,,,,,,,
2023-11-22,12,4.761,4.437,5.146,4.765,4.480,5.119,4.800,4.435,5.180,4.790,4.432,5.184,5.812,5.261,6.467,4.727,88.033,189.742,48.886,283.752,342.408,82.200,159.034,82.133,292.138,0.000,7252.167,0.000,-999.000,-999.000,102.995,0.200,0.200,3.804,5.480,171.708,3.059,4.690,170.724,0.330,7.298,7.271,7.342,8.650,8.614,8.689,9.476,9.437,9.512,-999.000,-999.000,-999.000,12.459,13.066,5.907,5.461,6.256,-999.000,-999.000,-999.000,-999.000,-999.000,-999.000,10.305,10.246,10.378,-11.077,-8.696,-10.565,10.269,0.694,0.693,0.694,0.752,0.691,0.691,0.686,0.748,0.574,,,,,,,,
2023-11-22,13,5.265,4.726,5.794,5.281,4.766,5.804,5.316,4.772,5.950,5.311,4.752,5.948,5.927,5.231,6.809,5.259,85.660,182.940,48.863,282.370,344.113,72.333,145.553,112.569,291.328,2.778,7080.700,0.000,-999.000,-999.000,102.941,0.200,0.200,3.448,4.840,187.395,2.760,4.340,186.669,0.331,7.360,7.321,7.412,8.578,8.532,8.627,9.431,9.391,9.469,-999.000,-999.000,-999.000,12.467,13.074,6.391,6.108,6.802,-999.000,-999.000,-999.000,-999.000,-999.000,-999.000,10.294,10.230,10.352,-9.148,-8.199,-8.828,10.092,0.694,0.693,0.694,0.752,0.691,0.691,0.686,0.748,0.573,,,,,,,,
2023-11-22,14,5.425,5.271,5.669,5.425,5.251,5.643,5.478,5.335,5.691,5.463,5.295,5.711,5.643,4.961,6.601,5.406,85.332,73.813,14.189,320.257,341.930,37.951,72.036,2.094,322.460,0.000,7044.250,0.000,-999.000,-999.000,102.879,0.200,0.200,4.153,6.250,194.550,3.185,5.600,193.699,0.331,7.442,7.386,7.504,8.529,8.479,8.568,9.391,9.354,9.430,-999.000,-999.000,-999.000,12.479,13.092,6.627,6.330,6.832,-999.000,-999.000,-999.000,-999.000,-999.000,-999.000,10.295,10.223,10.385,-7.504,-7.569,-7.435,9.317,0.694,0.693,0.694,0.752,0.691,0.691,0.686,0.748,0.573,,,,,,,,
2023-11-22,15,5.099,4.718,5.295,5.099,4.738,5.322,5.146,4.791,5.361,5.131,4.762,5.345,4.796,4.366,5.018,5.067,89.800,19.802,0.000,326.383,339.008,8.202,19.679,0.000,326.595,0.000,7062.100,0.000,-999.000,-999.000,102.840,0.200,0.200,4.085,7.670,203.590,3.180,6.390,202.068,0.331,7.514,7.465,7.556,8.486,8.448,8.537,9.345,9.291,9.388,-999.000,-999.000,-999.000,12.468,13.081,6.072,5.864,6.324,-999.000,-999.000,-999.000,-999.000,-999.000,-999.000,10.288,10.217,10.365,-6.300,-6.926,-6.404,-1.356,0.694,0.693,0.694,0.752,0.691,0.691,0.686,0.748,0.573,,,,,,,,
2023-11-22,16,4.609,4.491,4.765,4.609,4.515,4.758,4.666,4.608,4.804,4.657,4.591,4.777,4.176,4.007,4.352,4.585,93.000,3.437,0.000,325.043,336.322,-3.204,3.468,0.000,325.945,0.000,7056.967,0.000,-999.000,-999.000,102.817,0.200,0.200,5.295,8.300,202.345,4.004,7.220,201.321,0.331,7.537,7.503,7.568,8.450,8.414,8.481,9.296,9.234,9.337,-999.000,-999.000,-999.000,12.475,13.083,5.569,5.354,5.838,-999.000,-999.000,-999.000,-999.000,-999.000,-999.000,10.262,10.185,10.342,-5.970,-6.364,-6.071,-7.670,0.694,0.693,0.694,0.752,0.692,0.691,0.686,0.748,0.573,,,,,,,,
2023-11-22,17,4.637,4.541,4.773,4.642,4.551,4.789,4.684,4.619,4.800,4.689,4.619,4.804,4.179,4.119,4.255,4.628,92.875,0.000,0.000,329.155,336.640,-2.272,0.000,0.000,327.422,0.000,7081.750,0.000,-999.000,-999.000,102.749,0.200,0.200,4.972,8.120,195.716,3.896,7.060,194.450,0.331,7.524,7.492,7.555,8.414,8.371,8.444,9.254,9.222,9.289,-999.000,-999.000,-999.000,12.480,13.088,5.268,5.182,5.360,-999.000,-999.000,-999.000,-999.000,-999.000,-999.000,10.226,10.153,10.296,-6.254,-5.950,-6.214,-10.476,0.694,0.693,0.694,0.751,0.692,0.691,0.686,0.748,0.572,,,,,,,,
2023-11-22,18,4.922,4.743,5.205,4.929,4.766,5.192,4.967,4.804,5.255,4.977,4.824,5.274,4.153,3.928,4.350,4.919,90.322,0.000,0.000,323.540,336.832,-8.039,0.000,0.000,323.188,0.000,7089.133,0.000,-999.000,-999.000,102.701,0.200,0.200,4.671,7.490,199.646,3.485,6.830,197.894,0.331,7.505,7.483,7.526,8.398,8.371,8.424,9.205,9.185,9.241,-999.000,-999.000,-999.000,12.485,13.091,5.093,5.004,5.192,-999.000,-999.000,-999.000,-999.000,-999.000,-999.000,10.211,10.150,10.282,-6.758,-5.679,-6.530,-10.926,0.694,0.693,0.694,0.751,0.692,0.691,0.686,0.748,0.572,,,,,,,,
2023-11-22,19,5.296,5.169,5.423,5.312,5.185,5.436,5.361,5.261,5.468,5.362,5.233,5.453,4.144,3.815,4.446,5.279,88.015,0.000,0.000,313.922,337.202,-17.967,0.000,0.000,314.770,0.000,7088.817,0.000,-999.000,-999.000,102.646,0.200,0.200,5.044,8.180,206.138,3.908,6.630,204.472,0.331,7.485,7.452,7.516,8.396,8.365,8.441,9.191,9.165,9.221,-999.000,-999.000,-999.000,12.471,13.086,4.951,4.858,5.043,-999.000,-999.000,-999.000,-999.000,-999.000,-999.000,10.212,10.157,10.279,-7.186,-5.508,-6.799,-11.414,0.694,0.693,0.694,0.751,0.692,0.691,0.686,0.748,0.572,,,,,,,,
2023-11-22,20,5.461,5.086,6.078,5.475,5.156,6.071,5.518,5.233,6.107,5.516,5.211,6.118,3.949,3.446,4.900,5.432,88.638,0.071,0.000,305.980,336.725,-25.437,0.000,0.000,308.518,0.000,7187.850,0.000,-999.000,-999.000,102.583,0.200,0.200,4.362,7.380,214.185,3.382,6.140,212.386,0.331,7.451,7.406,7.482,8.379,8.351,8.421,9.158,9.125,9.191,-999.000,-999.000,-999.000,12.469,13.084,4.711,4.631,4.868,-999.000,-999.000,-999.000,-999.000,-999.000,-999.000,10.203,10.147,10.269,-7.494,-5.393,-7.000,-13.461,0.694,0.692,0.694,0.751,0.692,0.691,0.686,0.748,0.572,,,,,,,,
2023-11-22,21,6.574,6.071,6.813,6.570,6.101,6.796,6.598,6.119,6.856,6.596,6.125,6.842,5.364,4.916,5.615,6.502,86.547,0.260,0.000,342.302,343.990,4.469,0.000,0.000,339.298,0.000,6859.567,0.000,-999.000,-999.000,102.552,0.200,0.200,5.663,9.040,226.275,4.368,8.150,225.114,0.331,7.389,7.353,7.422,8.346,8.306,8.407,9.129,9.086,9.172,-999.000,-999.000,-999.000,12.437,13.058,5.098,4.829,5.341,-999.000,-999.000,-999.000,-999.000,-999.000,-999.000,10.179,10.104,10.246,-7.759,-5.310,-7.200,-8.181,0.694,0.692,0.694,0.751,0.692,0.691,0.686,0.748,0.571,,,,,,,,
2023-11-22,22,6.671,6.542,6.793,6.682,6.548,6.816,6.725,6.626,6.837,6.713,6.596,6.808,5.842,5.608,6.010,6.615,92.095,0.000,0.000,344.862,345.533,4.568,0.000,0.000,341.637,0.000,6482.167,0.080,-999.000,-999.000,102.511,0.200,0.200,5.676,9.260,226.585,4.423,8.300,226.675,0.332,7.363,7.333,7.390,8.319,8.281,8.358,9.115,9.051,9.165,-999.000,-999.000,-999.000,12.441,13.063,5.538,5.322,5.737,-999.000,-999.000,-999.000,-999.000,-999.000,-999.000,10.163,10.049,10.235,-7.731,-5.241,-7.118,-3.036,0.694,0.693,0.694,0.751,0.692,0.691,0.686,0.748,0.571,,,,,,,,
2023-11-22,23,6.793,6.690,6.955,6.774,6.683,6.943,6.812,6.732,6.971,6.800,6.727,6.981,6.108,5.987,6.280,6.740,95.128,0.000,0.000,345.722,346.647,4.276,0.006,0.000,342.963,0.000,6224.733,0.120,-999.000,-999.000,102.451,0.200,0.200,5.597,9.740,222.150,4.323,7.180,220.818,0.332,7.349,7.316,7.379,8.290,8.257,8.350,9.079,9.044,9.117,-999.000,-999.000,-999.000,12.455,13.078,5.881,5.724,6.017,-999.000,-999.000,-999.000,-999.000,-999.000,-999.000,10.143,10.072,10.208,-7.286,-5.144,-6.752,-0.704,0.694,0.693,0.694,0.751,0.692,0.691,0.686,0.748,0.572,,,,,,,,
2023-11-22,24,7.239,6.971,7.587,7.231,6.940,7.531,7.293,6.975,7.596,7.288,6.981,7.595,6.521,6.277,6.791,7.215,95.208,0.000,0.000,348.192,348.880,4.859,0.142,0.000,346.183,0.000,6294.483,0.150,-999.000,-999.000,102.424,0.200,0.200,5.343,7.770,229.707,4.075,6.770,229.112,0.332,7.383,7.356,7.409,8.270,8.237,8.297,9.052,9.027,9.080,-999.000,-999.000,-999.000,12.439,13.061,6.136,6.034,6.302,-999.000,-999.000,-999.000,-999.000,-999.000,-999.000,10.130,10.061,10.220,-6.675,-5.012,-6.304,0.714,0.694,0.692,0.694,0.751,0.692,0.691,0.686,0.748,0.572,,,,,,,,
