2023-09-07,01,15.254,14.729,15.596,15.252,14.750,15.588,15.296,14.780,15.670,15.288,14.780,15.680,11.916,11.541,12.237,15.230,97.667,0.000,0.000,337.503,371.085,-25.706,0.000,0.000,337.428,0.000,7875.517,0.000,-999.000,-999.000,101.960,0.200,0.200,0.299,1.090,61.112,0.688,1.310,303.945,0.483,19.339,19.204,19.471,19.082,19.053,19.125,18.260,18.229,18.309,-999.000,-999.000,-999.000,15.506,13.961,18.488,18.213,18.807,-999.000,-999.000,-999.000,-999.000,-999.000,-999.000,17.767,17.727,17.824,-1.325,-2.195,-2.995,-30.785,0.502,0.625,0.687,0.752,0.506,0.620,0.700,0.751,0.411,,,,,,,,
2023-09-07,02,14.648,14.521,14.835,14.652,14.534,14.844,14.713,14.560,14.930,14.702,14.560,14.920,11.789,10.989,12.549,14.630,97.953,0.000,0.000,333.658,369.828,-28.978,0.000,0.000,333.650,0.000,7514.833,0.000,-999.000,-999.000,101.940,0.200,0.200,0.779,1.200,298.262,0.740,1.400,312.678,0.484,19.059,18.931,19.204,19.015,18.965,19.070,18.285,18.266,18.306,-999.000,-999.000,-999.000,15.516,13.953,17.917,17.624,18.197,-999.000,-999.000,-999.000,-999.000,-999.000,-999.000,17.792,17.732,17.843,-2.393,-3.337,-4.160,-30.753,0.502,0.625,0.687,0.752,0.505,0.620,0.700,0.751,0.410,,,,,,,,
2023-09-07,03,14.255,13.995,14.601,14.262,13.987,14.590,14.309,13.980,14.640,14.295,14.000,14.620,10.824,10.556,11.244,14.252,98.332,0.000,0.000,330.262,365.445,-27.421,0.000,0.000,330.717,0.000,3521.400,0.000,-999.000,-999.000,101.927,0.200,0.200,0.680,1.190,318.251,0.635,1.200,308.039,0.485,18.801,18.655,18.934,18.935,18.880,18.993,18.283,18.256,18.304,-999.000,-999.000,-999.000,15.512,13.967,17.291,16.999,17.624,-999.000,-999.000,-999.000,-999.000,-999.000,-999.000,17.808,17.768,17.853,-3.271,-4.304,-5.032,-31.722,0.501,0.624,0.687,0.752,0.505,0.619,0.700,0.751,0.408,,,,,,,,
2023-09-07,04,13.816,13.511,14.126,13.811,13.490,14.115,13.839,13.530,14.200,13.819,13.510,14.200,11.000,10.389,11.878,13.767,98.430,0.000,0.000,329.415,366.193,-29.638,0.000,0.000,328.775,0.000,7576.400,0.000,-999.000,-999.000,101.917,0.200,0.200,0.887,1.800,318.107,0.976,1.900,306.331,0.486,18.560,18.462,18.665,18.845,18.796,18.898,18.281,18.253,18.305,-999.000,-999.000,-999.000,15.500,13.960,16.707,16.477,16.995,-999.000,-999.000,-999.000,-999.000,-999.000,-999.000,17.811,17.757,17.853,-4.149,-5.287,-5.937,-31.932,0.500,0.624,0.687,0.752,0.504,0.619,0.700,0.750,0.407,,,,,,,,
2023-09-07,05,13.472,13.124,13.852,13.474,13.143,13.866,13.483,13.140,13.950,13.476,13.140,13.940,10.854,10.427,11.798,13.441,98.423,0.329,0.000,328.113,365.293,-29.426,0.462,0.000,327.965,0.000,7999.000,0.000,-999.000,-999.000,101.922,0.200,0.200,1.453,1.810,299.709,0.679,1.230,306.841,0.487,18.340,18.232,18.449,18.744,18.671,18.806,18.280,18.262,18.303,-999.000,-999.000,-999.000,15.501,13.950,16.262,16.055,16.470,-999.000,-999.000,-999.000,-999.000,-999.000,-999.000,17.837,17.785,17.886,-4.834,-6.002,-6.633,-31.180,0.499,0.623,0.688,0.752,0.504,0.619,0.700,0.750,0.406,,,,,,,,
2023-09-07,06,13.690,13.124,14.586,13.688,13.146,14.544,13.758,13.150,14.660,13.740,13.140,14.610,12.388,10.803,14.881,13.650,98.640,48.984,13.584,326.897,373.288,-9.902,18.012,86.701,326.867,6.889,7939.417,0.000,-999.000,-999.000,101.956,0.200,0.200,1.413,2.240,329.309,0.773,1.590,305.590,0.488,18.138,18.035,18.242,18.640,18.566,18.698,18.263,18.236,18.287,-999.000,-999.000,-999.000,15.505,13.951,15.978,15.932,16.117,-999.000,-999.000,-999.000,-999.000,-999.000,-999.000,17.860,17.798,17.911,-5.297,-6.417,-7.048,-28.885,0.499,0.622,0.688,0.751,0.503,0.619,0.700,0.750,0.406,,,,,,,,
2023-09-07,07,16.319,14.581,18.131,16.355,14.583,18.310,16.699,14.700,19.740,16.606,14.680,18.890,17.968,14.973,21.200,16.508,96.445,189.211,54.381,336.335,402.763,68.402,36.931,304.908,335.508,10.000,7999.000,0.000,-999.000,-999.000,102.025,0.200,0.200,0.660,2.760,328.152,0.518,1.840,286.392,0.489,17.972,17.904,18.046,18.537,18.478,18.595,18.237,18.201,18.276,-999.000,-999.000,-999.000,15.500,13.952,16.996,16.137,17.915,-999.000,-999.000,-999.000,-999.000,-999.000,-999.000,17.872,17.824,17.929,-5.461,-6.489,-7.048,-8.132,0.498,0.622,0.688,0.752,0.503,0.618,0.700,0.750,0.406,,,,,,,,
2023-09-07,08,20.474,18.100,23.106,20.899,18.243,23.146,21.951,20.120,22.970,21.801,19.100,22.920,22.173,20.287,24.384,21.594,69.185,344.214,95.606,351.043,428.972,170.680,47.409,735.035,347.397,10.000,7999.000,0.000,-999.000,-999.000,102.064,0.200,0.200,2.058,3.710,109.056,1.576,3.500,110.123,0.491,17.933,17.901,17.960,18.447,18.397,18.508,18.218,18.191,18.253,-999.000,-999.000,-999.000,15.502,13.958,19.320,17.953,20.656,-999.000,-999.000,-999.000,-999.000,-999.000,-999.000,17.904,17.826,17.961,-4.642,-5.497,-5.845,21.324,0.499,0.622,0.687,0.752,0.503,0.619,0.700,0.751,0.408,,,,,,,,
2023-09-07,09,24.048,23.185,24.714,24.083,23.216,24.798,23.608,23.000,23.990,23.589,22.990,23.990,25.139,23.987,26.229,23.534,60.425,489.598,131.212,357.838,440.478,275.746,53.564,810.927,352.310,10.000,7999.000,0.000,-999.000,-999.000,102.036,0.200,0.200,3.581,5.870,118.179,2.906,4.920,117.673,0.491,18.040,17.956,18.158,18.353,18.295,18.414,18.183,18.153,18.211,-999.000,-999.000,-999.000,15.500,13.966,21.862,20.693,23.003,-999.000,-999.000,-999.000,-999.000,-999.000,-999.000,17.923,17.874,17.966,-2.577,-3.650,-3.167,41.766,0.498,0.621,0.687,0.753,0.502,0.618,0.700,0.752,0.411,,,,,,,,
2023-09-07,10,25.538,24.638,26.504,25.575,24.655,26.522,24.881,23.900,25.780,24.889,23.910,25.800,26.826,25.768,27.607,24.891,56.853,609.709,156.622,364.312,452.263,365.136,59.466,850.657,355.790,10.000,7999.000,0.000,-999.000,-999.000,102.009,0.200,0.200,4.498,7.140,118.488,3.504,5.990,115.703,0.492,18.351,18.155,18.565,18.295,18.269,18.312,18.155,18.132,18.176,-999.000,-999.000,-999.000,15.509,13.952,24.224,23.056,25.344,-999.000,-999.000,-999.000,-999.000,-999.000,-999.000,17.944,17.890,17.998,-0.152,-1.222,0.219,57.558,0.497,0.620,0.686,0.754,0.502,0.617,0.699,0.753,0.415,,,,,,,,
2023-09-07,11,27.087,26.497,28.107,27.113,26.512,28.194,26.514,25.640,27.490,26.531,25.670,27.500,28.343,27.382,29.493,26.575,52.585,686.268,171.649,371.663,462.838,423.444,63.990,871.607,362.030,10.000,7999.000,0.000,-999.000,-999.000,101.967,0.200,0.200,4.592,7.570,120.083,3.643,6.960,118.290,0.492,18.789,18.565,19.041,18.269,18.231,18.308,18.121,18.098,18.154,-999.000,-999.000,-999.000,15.502,13.957,26.432,25.370,27.493,-999.000,-999.000,-999.000,-999.000,-999.000,-999.000,17.968,17.904,18.020,2.611,1.341,3.733,68.967,0.494,0.618,0.685,0.754,0.501,0.616,0.699,0.753,0.418,,,,,,,,
2023-09-07,12,28.374,27.535,28.789,28.397,27.451,28.826,27.631,27.250,28.170,27.674,27.250,28.200,29.164,28.411,29.758,27.685,48.521,711.504,175.402,376.933,468.010,445.025,69.124,869.143,366.812,10.000,7999.000,0.000,-999.000,-999.000,101.934,0.200,0.200,5.027,8.530,110.692,3.902,7.760,110.231,0.493,19.303,19.034,19.571,18.285,18.261,18.320,18.093,18.062,18.130,-999.000,-999.000,-999.000,15.488,13.962,28.428,27.519,28.965,-999.000,-999.000,-999.000,-999.000,-999.000,-999.000,17.972,17.899,18.037,5.519,3.834,7.227,75.963,0.493,0.617,0.684,0.754,0.501,0.616,0.697,0.752,0.421,,,,,,,,
2023-09-07,13,28.664,28.267,29.278,28.678,28.213,29.326,28.222,27.960,28.600,28.233,27.960,28.630,29.071,28.671,29.714,28.308,44.321,692.585,171.694,376.652,469.558,427.985,69.517,866.017,366.763,10.000,7999.000,0.000,-999.000,-999.000,101.896,0.200,0.200,5.179,8.140,125.114,4.059,6.960,124.554,0.494,19.828,19.580,20.066,18.339,18.293,18.396,18.065,18.041,18.085,-999.000,-999.000,-999.000,15.486,13.958,29.404,28.988,29.806,-999.000,-999.000,-999.000,-999.000,-999.000,-999.000,17.987,17.928,18.041,8.094,6.103,10.340,70.423,0.487,0.616,0.684,0.749,0.500,0.615,0.696,0.752,0.423,,,,,,,,
2023-09-07,14,29.426,29.086,29.659,29.439,29.037,29.746,28.718,28.390,28.960,28.744,28.440,28.990,29.154,28.746,29.729,28.812,43.796,624.310,156.515,378.752,469.328,377.219,69.549,841.090,369.465,10.000,7999.000,0.000,-999.000,-999.000,101.854,0.200,0.200,4.479,6.960,116.581,3.579,6.380,117.528,0.494,20.252,20.049,20.469,18.433,18.374,18.504,18.039,18.016,18.065,-999.000,-999.000,-999.000,15.497,13.972,30.058,29.823,30.183,-999.000,-999.000,-999.000,-999.000,-999.000,-999.000,18.006,17.961,18.053,9.928,7.776,12.380,64.679,0.482,0.615,0.684,0.749,0.499,0.616,0.695,0.751,0.425,,,,,,,,
2023-09-07,15,29.401,29.142,29.547,29.429,29.100,29.627,28.726,28.630,28.830,28.742,28.650,28.830,28.740,28.222,29.470,28.811,44.290,507.848,131.210,381.042,464.717,292.963,67.977,783.446,373.212,10.000,7999.000,0.000,-999.000,-999.000,101.825,0.200,0.200,4.178,6.450,117.126,3.275,5.520,117.075,0.495,20.635,20.476,20.792,18.565,18.484,18.623,18.054,18.032,18.091,-999.000,-999.000,-999.000,15.498,13.955,30.079,29.850,30.200,-999.000,-999.000,-999.000,-999.000,-999.000,-999.000,18.028,17.982,18.076,11.195,8.895,13.605,53.295,0.478,0.616,0.683,0.748,0.499,0.616,0.694,0.750,0.426,,,,,,,,
2023-09-07,16,29.328,29.111,29.571,29.356,29.131,29.625,28.604,28.440,28.800,28.636,28.490,28.830,27.904,27.148,28.710,28.639,46.606,364.061,98.404,381.377,456.757,190.278,58.326,709.886,375.368,10.000,7999.000,0.000,-999.000,-999.000,101.797,0.200,0.200,4.114,7.010,106.153,3.109,6.340,105.445,0.496,20.936,20.776,21.046,18.702,18.617,18.756,18.062,18.029,18.093,-999.000,-999.000,-999.000,15.502,13.960,29.426,28.839,29.844,-999.000,-999.000,-999.000,-999.000,-999.000,-999.000,18.039,17.977,18.081,11.693,9.381,13.802,38.036,0.475,0.616,0.683,0.748,0.498,0.616,0.694,0.750,0.426,,,,,,,,
2023-09-07,17,28.759,28.167,29.094,28.797,28.170,29.141,28.032,27.450,28.480,28.068,27.470,28.510,26.432,25.263,27.247,28.045,49.813,207.925,58.484,379.243,446.363,82.321,43.471,578.699,377.350,10.000,7999.000,0.000,-999.000,-999.000,101.763,0.200,0.200,3.367,6.440,97.888,2.559,5.620,97.104,0.497,21.134,21.038,21.203,18.837,18.740,18.915,18.084,18.051,18.115,-999.000,-999.000,-999.000,15.505,13.966,28.106,27.356,28.815,-999.000,-999.000,-999.000,-999.000,-999.000,-999.000,18.052,17.966,18.126,11.406,9.304,13.043,20.292,0.470,0.617,0.684,0.748,0.498,0.616,0.695,0.751,0.424,,,,,,,,
2023-09-07,18,26.917,25.720,28.164,26.952,25.756,28.153,26.197,25.200,27.450,26.238,25.210,27.460,22.678,19.280,25.207,26.198,56.042,60.824,14.495,372.017,426.145,-7.441,20.561,300.340,371.303,7.556,7999.000,0.000,-999.000,-999.000,101.750,0.200,0.200,2.883,5.380,92.145,1.752,3.320,90.580,0.498,21.179,21.141,21.210,18.972,18.900,19.040,18.119,18.093,18.140,-999.000,-999.000,-999.000,15.505,13.968,26.501,25.609,27.336,-999.000,-999.000,-999.000,-999.000,-999.000,-999.000,18.063,18.003,18.104,10.328,8.710,11.593,3.498,0.468,0.616,0.684,0.749,0.497,0.616,0.695,0.751,0.421,,,,,,,,
2023-09-07,19,23.844,21.545,25.651,23.869,21.595,25.684,23.524,21.270,25.230,23.521,21.260,25.230,17.395,15.739,19.115,23.476,64.433,1.073,0.000,363.507,401.225,-28.590,0.623,2.476,362.162,0.000,7999.000,0.000,-999.000,-999.000,101.756,0.200,0.200,2.342,3.410,89.078,1.097,2.580,69.594,0.498,21.069,20.951,21.167,19.095,19.035,19.165,18.152,18.116,18.194,-999.000,-999.000,-999.000,15.503,13.962,24.681,23.833,25.586,-999.000,-999.000,-999.000,-999.000,-999.000,-999.000,18.062,18.025,18.108,8.620,7.707,9.429,-13.135,0.467,0.615,0.685,0.749,0.497,0.615,0.696,0.751,0.418,,,,,,,,
2023-09-07,20,22.254,19.852,22.933,22.261,19.886,22.916,22.421,19.760,23.360,22.356,19.680,23.280,17.474,15.758,18.840,22.337,68.018,0.000,0.000,359.450,402.973,-36.729,0.000,0.000,358.525,0.000,7999.000,0.000,-999.000,-999.000,101.764,0.200,0.200,2.867,5.390,97.123,1.476,3.260,91.568,0.499,20.795,20.607,20.945,19.176,19.118,19.226,18.205,18.171,18.252,-999.000,-999.000,-999.000,15.499,13.962,23.223,22.660,23.813,-999.000,-999.000,-999.000,-999.000,-999.000,-999.000,18.069,18.026,18.108,6.122,6.046,6.408,-20.594,0.466,0.614,0.686,0.749,0.497,0.615,0.696,0.751,0.415,,,,,,,,
2023-09-07,21,18.208,17.495,19.670,18.235,17.491,19.681,18.280,17.510,19.570,18.269,17.510,19.480,14.844,13.741,15.960,18.225,87.569,0.000,0.000,348.187,384.648,-27.593,0.000,0.000,347.317,0.000,7999.000,0.000,-999.000,-999.000,101.768,0.200,0.200,0.629,2.180,52.839,0.786,1.600,284.499,0.499,20.484,20.327,20.611,19.229,19.193,19.272,18.246,18.202,18.293,-999.000,-999.000,-999.000,15.508,13.970,22.057,21.473,22.640,-999.000,-999.000,-999.000,-999.000,-999.000,-999.000,18.089,18.045,18.155,3.901,4.280,3.826,-24.758,0.464,0.614,0.686,0.749,0.497,0.614,0.696,0.751,0.413,,,,,,,,
2023-09-07,22,17.290,16.807,17.828,17.323,16.818,17.900,17.541,16.850,18.420,17.566,16.880,18.580,13.548,13.046,14.149,17.655,87.650,0.000,0.000,344.603,380.338,-27.927,0.000,0.000,343.602,0.000,7999.000,0.000,-999.000,-999.000,101.747,0.200,0.200,0.797,2.500,81.351,0.635,1.490,280.158,0.500,20.166,19.990,20.355,19.243,19.218,19.271,18.290,18.249,18.331,-999.000,-999.000,-999.000,15.501,13.962,20.964,20.503,21.464,-999.000,-999.000,-999.000,-999.000,-999.000,-999.000,18.095,18.022,18.157,2.006,2.304,1.536,-28.590,0.463,0.613,0.687,0.749,0.496,0.614,0.697,0.750,0.411,,,,,,,,
2023-09-07,23,17.295,16.615,17.805,17.311,16.480,17.833,17.344,16.560,18.120,17.366,16.590,18.140,13.555,13.092,14.038,17.434,86.098,0.000,0.000,344.265,381.735,-29.926,0.000,0.000,343.212,0.000,7999.000,0.000,-999.000,-999.000,101.726,0.200,0.200,0.624,2.620,323.154,0.808,1.680,266.626,0.501,19.841,19.691,19.993,19.218,19.176,19.253,18.321,18.294,18.339,-999.000,-999.000,-999.000,15.503,13.979,20.134,19.785,20.506,-999.000,-999.000,-999.000,-999.000,-999.000,-999.000,18.096,18.060,18.143,0.360,0.277,-0.488,-29.217,0.461,0.612,0.687,0.749,0.496,0.614,0.697,0.750,0.410,,,,,,,,
2023-09-07,24,18.944,17.490,19.665,18.996,17.522,19.772,19.405,17.540,20.080,19.374,17.510,20.100,14.743,13.038,15.651,19.309,77.447,0.000,0.000,344.053,391.163,-41.112,0.000,0.000,369.125,0.000,7999.000,0.000,-999.000,-999.000,101.713,0.200,0.200,2.471,4.640,128.880,1.381,3.530,139.358,0.502,19.560,19.424,19.691,19.177,19.130,19.209,18.353,18.329,18.382,-999.000,-999.000,-999.000,15.501,13.968,19.552,19.390,19.789,-999.000,-999.000,-999.000,-999.000,-999.000,-999.000,18.115,18.067,18.151,-0.793,-1.091,-1.914,-27.820,0.461,0.612,0.687,0.748,0.495,0.614,0.697,0.749,0.408,,,,,,,,
