2023-07-26,01,12.876,11.676,13.577,12.891,11.662,13.579,12.919,11.840,13.560,12.908,11.790,13.570,11.041,9.130,12.455,12.843,86.090,0.000,0.000,338.565,368.678,-24.789,0.000,0.000,327.258,0.000,7677.767,0.000,-999.000,-999.000,101.079,0.200,0.200,2.771,5.230,223.363,1.765,4.780,220.379,0.831,17.028,16.945,17.103,17.794,17.738,17.857,17.763,17.737,17.786,-999.000,-999.000,-999.000,14.987,13.063,15.992,15.351,16.332,-999.000,-999.000,-999.000,-999.000,-999.000,-999.000,18.667,18.643,18.686,-4.372,-4.613,-5.197,-30.198,0.190,0.248,0.221,0.583,0.231,0.313,0.355,0.601,0.423,,,,,,,,
2023-07-26,02,10.749,9.969,11.643,10.745,9.985,11.635,10.627,10.010,11.780,10.631,9.990,11.730,7.795,6.972,8.939,10.583,90.940,0.000,0.000,301.082,347.315,-39.412,0.000,0.000,296.408,0.000,7952.950,0.000,-999.000,-999.000,101.065,0.200,0.200,1.998,3.250,218.966,0.768,2.070,184.599,0.831,16.807,16.607,16.961,17.699,17.656,17.748,17.754,17.725,17.786,-999.000,-999.000,-999.000,14.994,13.065,14.601,14.060,15.335,-999.000,-999.000,-999.000,-999.000,-999.000,-999.000,18.675,18.646,18.707,-4.637,-4.621,-5.605,-39.783,0.190,0.248,0.221,0.584,0.231,0.312,0.355,0.601,0.421,,,,,,,,
2023-07-26,03,9.592,9.005,10.557,9.554,8.977,10.566,9.400,8.840,10.560,9.370,8.810,10.590,6.213,5.400,7.907,9.289,94.603,0.000,0.000,296.233,339.647,-36.574,0.000,0.000,291.807,0.000,6227.527,0.000,-999.000,-999.000,101.054,0.200,0.200,1.241,2.610,186.860,0.664,1.280,129.417,0.831,16.416,16.234,16.597,17.599,17.533,17.657,17.736,17.692,17.769,-999.000,-999.000,-999.000,14.997,13.070,13.542,13.039,14.044,-999.000,-999.000,-999.000,-999.000,-999.000,-999.000,18.672,18.640,18.705,-5.650,-5.681,-7.046,-43.224,0.189,0.248,0.221,0.584,0.231,0.312,0.355,0.601,0.418,,,,,,,,
2023-07-26,04,9.338,8.991,9.654,9.314,9.021,9.650,9.273,8.860,9.750,9.234,8.850,9.720,5.732,5.217,7.060,9.142,97.978,1.023,0.000,301.195,339.247,-30.332,1.285,0.000,296.430,0.000,3066.443,0.000,-999.000,-999.000,101.057,0.200,0.200,1.624,2.170,181.676,0.986,1.440,139.027,0.831,15.975,15.748,16.221,17.490,17.424,17.578,17.705,17.671,17.728,-999.000,-999.000,-999.000,14.998,13.070,12.764,12.581,13.023,-999.000,-999.000,-999.000,-999.000,-999.000,-999.000,18.665,18.638,18.690,-6.749,-7.117,-8.622,-43.381,0.189,0.247,0.221,0.585,0.230,0.311,0.355,0.600,0.416,,,,,,,,
2023-07-26,05,9.816,9.320,10.616,9.824,9.266,10.659,9.872,9.260,10.830,9.814,9.200,10.730,8.259,7.073,10.974,9.698,97.895,44.294,8.342,307.508,354.182,-10.231,28.192,42.011,303.003,4.278,6748.767,0.000,-999.000,-999.000,101.079,0.200,0.200,1.980,2.790,174.977,1.073,1.640,140.507,0.832,15.612,15.504,15.765,17.360,17.268,17.434,17.664,17.626,17.694,-999.000,-999.000,-999.000,14.998,13.074,12.725,12.637,12.975,-999.000,-999.000,-999.000,-999.000,-999.000,-999.000,18.665,18.636,18.709,-7.612,-8.278,-9.827,-37.050,0.189,0.246,0.221,0.586,0.230,0.311,0.355,0.600,0.414,,,,,,,,
2023-07-26,06,12.505,10.755,13.972,12.540,10.768,14.007,12.598,10.910,14.200,12.567,10.850,14.130,13.522,11.238,15.874,12.539,94.030,164.413,40.695,325.250,381.675,67.292,113.946,117.927,321.033,5.333,7368.250,0.000,-999.000,-999.000,101.117,0.200,0.200,2.122,3.080,176.628,1.466,2.800,170.944,0.832,15.466,15.434,15.506,17.205,17.118,17.286,17.617,17.580,17.653,-999.000,-999.000,-999.000,14.991,13.069,14.005,13.001,15.321,-999.000,-999.000,-999.000,-999.000,-999.000,-999.000,18.654,18.629,18.700,-7.652,-8.423,-9.715,-19.768,0.188,0.246,0.221,0.587,0.229,0.311,0.355,0.600,0.414,,,,,,,,
2023-07-26,07,14.167,13.706,14.667,14.173,13.724,14.662,14.248,13.810,14.750,14.226,13.760,14.720,14.525,13.162,16.480,14.154,88.387,85.319,16.380,373.725,387.492,55.762,82.714,0.994,368.848,0.000,7297.350,1.070,-999.000,-999.000,101.161,0.200,0.200,3.141,6.100,224.299,2.316,5.080,223.302,0.832,15.644,15.492,15.770,17.065,17.003,17.131,17.565,17.522,17.599,-999.000,-999.000,-999.000,14.993,13.068,15.729,15.249,16.076,-999.000,-999.000,-999.000,-999.000,-999.000,-999.000,18.654,18.626,18.681,-6.324,-7.337,-7.917,-0.795,0.189,0.245,0.221,0.587,0.229,0.310,0.355,0.600,0.416,,,,,,,,
2023-07-26,08,12.681,12.197,13.719,12.678,12.193,13.698,12.774,12.300,13.770,12.733,12.290,13.720,12.856,11.627,16.911,12.624,93.318,128.785,28.492,383.655,381.367,104.226,66.945,67.629,375.578,1.806,7504.833,3.980,-999.000,-999.000,101.224,0.200,0.200,3.252,6.720,206.168,2.436,6.460,204.814,0.830,15.769,15.702,15.834,16.935,16.859,17.017,17.515,17.480,17.559,-999.000,-999.000,-999.000,14.994,13.075,14.787,14.322,16.125,-999.000,-999.000,-999.000,-999.000,-999.000,-999.000,18.664,18.634,18.693,-4.616,-5.708,-6.222,-18.201,0.203,0.258,0.243,0.611,0.236,0.318,0.362,0.606,0.420,,,,,,,,
2023-07-26,09,15.297,13.393,16.487,15.318,13.465,16.492,15.394,13.570,16.640,15.333,13.430,16.600,19.747,16.976,20.777,15.254,83.601,653.348,154.948,386.977,419.655,465.721,135.165,696.782,324.427,10.000,7512.800,0.000,-999.000,-999.000,101.239,0.200,0.200,3.401,6.240,199.131,2.803,5.150,197.629,0.829,15.844,15.700,16.081,16.844,16.798,16.888,17.450,17.408,17.498,-999.000,-999.000,-999.000,14.992,13.069,19.545,16.279,21.785,-999.000,-999.000,-999.000,-999.000,-999.000,-999.000,18.661,18.633,18.702,-4.088,-4.833,-5.630,36.876,0.209,0.261,0.244,0.625,0.239,0.322,0.364,0.608,0.433,,,,,,,,
2023-07-26,10,17.200,16.440,17.929,17.174,16.423,17.950,17.268,16.310,18.390,17.236,16.280,18.360,21.769,16.882,24.535,17.130,75.120,625.330,145.529,355.897,428.473,407.225,226.472,496.661,345.258,7.000,6944.433,0.230,-999.000,-999.000,101.221,0.200,0.200,3.359,6.020,239.291,2.710,5.360,239.225,0.829,16.448,16.080,16.823,16.796,16.771,16.834,17.385,17.342,17.429,-999.000,-999.000,-999.000,14.992,13.072,23.254,21.825,24.514,-999.000,-999.000,-999.000,-999.000,-999.000,-999.000,18.652,18.619,18.700,-0.743,-2.947,-1.025,65.415,0.205,0.255,0.235,0.620,0.238,0.318,0.361,0.606,0.442,,,,,,,,
2023-07-26,11,17.260,16.345,18.711,17.247,16.273,18.676,17.320,16.300,18.810,17.300,16.290,18.780,20.112,16.426,23.948,17.190,77.982,548.549,125.230,406.602,424.858,405.063,258.921,324.101,368.037,4.528,7103.883,0.330,-999.000,-999.000,101.203,0.200,0.200,2.724,6.730,300.035,1.947,6.100,298.128,0.829,17.184,16.875,17.452,16.792,16.745,16.824,17.343,17.303,17.391,-999.000,-999.000,-999.000,14.998,13.076,22.844,21.587,25.012,-999.000,-999.000,-999.000,-999.000,-999.000,-999.000,18.669,18.627,18.706,3.591,-0.364,3.855,41.780,0.203,0.253,0.232,0.618,0.237,0.314,0.360,0.605,0.448,,,,,,,,
2023-07-26,12,19.168,18.427,20.168,19.116,18.320,20.175,19.162,18.360,20.010,19.137,18.330,19.940,22.542,19.504,24.564,19.045,60.781,756.217,176.171,370.793,434.923,515.917,375.914,407.800,362.103,5.222,6801.933,0.000,-999.000,-999.000,101.207,0.200,0.200,5.744,10.390,273.715,4.198,8.120,272.964,0.829,17.925,17.449,18.353,16.847,16.798,16.897,17.287,17.266,17.313,-999.000,-999.000,-999.000,14.998,13.073,25.119,24.402,25.822,-999.000,-999.000,-999.000,-999.000,-999.000,-999.000,18.654,18.606,18.688,6.528,1.398,6.617,61.249,0.202,0.253,0.231,0.618,0.238,0.312,0.359,0.603,0.451,,,,,,,,
2023-07-26,13,19.674,19.114,20.378,19.625,19.073,20.325,19.733,19.030,20.360,19.711,19.020,20.360,22.457,19.985,24.095,19.637,55.847,737.251,171.014,364.767,433.502,497.502,346.212,434.884,354.968,5.583,6878.817,0.000,-999.000,-999.000,101.230,0.200,0.200,6.565,10.930,276.303,4.881,8.820,275.598,0.829,18.682,18.370,18.951,16.963,16.886,17.039,17.252,17.220,17.276,-999.000,-999.000,-999.000,15.000,13.075,24.686,24.055,25.196,-999.000,-999.000,-999.000,-999.000,-999.000,-999.000,18.650,18.616,18.681,9.316,3.030,9.440,42.312,0.201,0.252,0.230,0.617,0.238,0.312,0.358,0.602,0.453,,,,,,,,
2023-07-26,14,19.964,19.094,20.466,19.915,19.020,20.384,19.968,19.100,20.610,19.938,19.050,20.590,22.684,19.511,24.265,19.864,53.275,713.853,167.980,350.527,433.778,462.622,202.559,610.587,336.357,7.889,6934.117,0.000,-999.000,-999.000,101.241,0.200,0.200,6.579,11.150,271.782,4.885,9.230,270.887,0.829,19.169,18.940,19.344,17.126,17.019,17.215,17.232,17.201,17.263,-999.000,-999.000,-999.000,14.994,13.078,24.439,23.672,25.124,-999.000,-999.000,-999.000,-999.000,-999.000,-999.000,18.636,18.592,18.675,9.655,3.827,10.347,34.384,0.201,0.252,0.229,0.615,0.238,0.313,0.357,0.602,0.452,,,,,,,,
2023-07-26,15,20.155,19.428,20.616,20.100,19.356,20.597,20.182,19.420,20.670,20.154,19.390,20.670,23.132,20.160,24.288,20.085,52.177,685.049,167.277,349.860,434.545,433.087,190.592,662.375,335.368,9.166,6828.317,0.000,-999.000,-999.000,101.262,0.200,0.200,6.179,9.860,270.872,4.659,8.410,269.054,0.829,19.471,19.337,19.605,17.296,17.215,17.397,17.227,17.195,17.248,-999.000,-999.000,-999.000,14.993,13.074,24.572,23.848,24.934,-999.000,-999.000,-999.000,-999.000,-999.000,-999.000,18.634,18.596,18.673,8.729,4.207,10.330,35.719,0.200,0.252,0.228,0.614,0.238,0.313,0.356,0.601,0.452,,,,,,,,
2023-07-26,16,20.207,19.682,20.524,20.171,19.651,20.482,20.229,19.760,20.720,20.202,19.730,20.680,22.584,20.301,23.648,20.157,51.337,546.501,137.212,339.808,428.562,320.536,118.495,683.022,325.590,9.555,7045.983,0.000,-999.000,-999.000,101.257,0.200,0.200,5.401,9.630,269.366,4.125,9.090,267.847,0.829,19.677,19.592,19.743,17.474,17.374,17.585,17.250,17.220,17.278,-999.000,-999.000,-999.000,15.001,13.070,24.294,23.868,24.725,-999.000,-999.000,-999.000,-999.000,-999.000,-999.000,18.643,18.601,18.674,8.424,4.382,10.150,32.446,0.200,0.252,0.228,0.613,0.239,0.314,0.355,0.600,0.452,,,,,,,,
2023-07-26,17,19.797,18.999,20.123,19.785,19.010,20.138,19.799,18.980,20.110,19.784,18.930,20.120,21.121,18.710,22.002,19.737,50.413,387.310,100.614,332.688,417.938,201.446,85.721,636.672,320.692,9.500,6931.083,0.000,-999.000,-999.000,101.227,0.200,0.200,4.911,7.960,267.018,3.689,7.490,266.390,0.828,19.699,19.608,19.758,17.633,17.549,17.711,17.285,17.252,17.310,-999.000,-999.000,-999.000,15.011,13.086,22.890,22.315,23.736,-999.000,-999.000,-999.000,-999.000,-999.000,-999.000,18.642,18.608,18.673,7.661,4.288,9.209,16.954,0.200,0.252,0.227,0.612,0.239,0.314,0.355,0.599,0.451,,,,,,,,
2023-07-26,18,19.358,18.984,19.724,19.326,18.910,19.739,19.350,18.930,19.760,19.341,18.900,19.730,19.824,18.331,21.313,19.312,51.410,230.510,62.366,328.368,407.367,89.146,64.131,501.903,318.568,9.778,7161.117,0.000,-999.000,-999.000,101.212,0.200,0.200,3.786,6.700,274.445,2.632,5.730,273.250,0.828,19.515,19.380,19.602,17.765,17.695,17.838,17.314,17.280,17.358,-999.000,-999.000,-999.000,14.999,13.088,21.504,20.699,22.258,-999.000,-999.000,-999.000,-999.000,-999.000,-999.000,18.613,18.582,18.649,6.084,3.673,7.246,3.860,0.200,0.252,0.227,0.611,0.238,0.315,0.355,0.599,0.449,,,,,,,,
2023-07-26,19,17.749,16.591,19.015,17.697,16.567,18.937,17.740,16.680,18.940,17.732,16.650,18.910,15.708,13.855,18.290,17.684,58.683,52.355,5.924,328.948,385.412,-8.972,36.979,55.568,323.365,0.944,7487.717,0.000,-999.000,-999.000,101.196,0.200,0.200,1.692,3.200,259.998,0.882,2.440,249.480,0.828,19.225,19.071,19.377,17.875,17.835,17.932,17.363,17.334,17.406,-999.000,-999.000,-999.000,15.003,13.089,19.770,18.989,20.679,-999.000,-999.000,-999.000,-999.000,-999.000,-999.000,18.609,18.559,18.651,4.241,2.767,5.013,-16.824,0.199,0.252,0.227,0.610,0.238,0.315,0.355,0.600,0.446,,,,,,,,
2023-07-26,20,15.300,14.272,16.370,15.280,14.294,16.418,15.057,14.310,16.590,15.045,14.310,16.510,12.723,11.790,13.852,15.020,78.058,6.274,0.000,341.013,373.105,-17.524,5.194,0.000,337.063,0.000,7140.333,0.000,-999.000,-999.000,101.179,0.200,0.200,1.165,2.100,170.888,0.621,1.200,140.086,0.828,18.789,18.547,19.058,17.934,17.899,17.965,17.408,17.363,17.445,-999.000,-999.000,-999.000,15.006,13.091,18.230,17.574,18.984,-999.000,-999.000,-999.000,-999.000,-999.000,-999.000,18.602,18.572,18.633,2.204,1.511,2.527,-29.954,0.199,0.251,0.227,0.610,0.238,0.315,0.355,0.600,0.443,,,,,,,,
2023-07-26,21,14.026,13.876,14.245,14.029,13.864,14.261,14.095,13.960,14.280,14.087,13.970,14.280,12.608,12.361,12.836,14.080,84.300,0.000,0.000,355.742,375.557,-12.826,0.000,0.000,351.195,0.000,6315.950,0.000,-999.000,-999.000,101.163,0.200,0.200,1.813,2.260,168.416,0.915,1.320,178.835,0.828,18.327,18.152,18.546,17.955,17.920,17.987,17.449,17.411,17.498,-999.000,-999.000,-999.000,15.004,13.092,17.248,16.926,17.562,-999.000,-999.000,-999.000,-999.000,-999.000,-999.000,18.591,18.568,18.619,0.261,0.037,0.151,-31.559,0.198,0.251,0.227,0.610,0.237,0.315,0.355,0.601,0.439,,,,,,,,
2023-07-26,22,13.903,13.543,14.072,13.915,13.561,14.064,13.969,13.660,14.180,13.976,13.620,14.210,12.296,11.815,12.761,13.934,84.038,0.000,0.000,352.423,374.287,-14.959,0.000,0.000,348.380,0.000,7177.433,0.000,-999.000,-999.000,101.091,0.200,0.200,2.120,2.870,156.578,0.959,1.440,164.003,0.828,17.989,17.832,18.159,17.926,17.890,17.962,17.503,17.460,17.522,-999.000,-999.000,-999.000,15.013,13.086,16.596,16.294,16.923,-999.000,-999.000,-999.000,-999.000,-999.000,-999.000,18.592,18.576,18.610,-1.026,-1.007,-1.387,-30.689,0.197,0.250,0.227,0.610,0.236,0.315,0.355,0.603,0.436,,,,,,,,
2023-07-26,23,13.492,13.269,13.684,13.502,13.278,13.718,13.575,13.350,13.810,13.571,13.310,13.840,11.896,11.115,12.686,13.533,86.500,0.000,0.000,354.823,373.990,-12.146,0.000,0.000,350.895,0.000,7348.733,0.000,-999.000,-999.000,101.026,0.200,0.200,2.019,3.400,156.871,0.937,2.360,170.594,0.828,17.697,17.578,17.829,17.880,17.842,17.922,17.520,17.499,17.540,-999.000,-999.000,-999.000,15.013,13.111,16.009,15.873,16.291,-999.000,-999.000,-999.000,-999.000,-999.000,-999.000,18.567,18.541,18.594,-1.860,-1.704,-2.411,-30.845,0.197,0.250,0.226,0.610,0.236,0.315,0.355,0.604,0.434,,,,,,,,
2023-07-26,24,13.936,13.593,14.325,13.957,13.595,14.339,14.035,13.690,14.380,14.049,13.690,14.440,13.144,12.353,13.710,14.012,85.147,0.000,0.000,373.447,381.560,-0.168,0.070,0.000,370.497,0.000,7263.367,0.000,-999.000,-999.000,100.970,0.200,0.200,1.057,1.740,170.042,0.441,0.940,181.486,0.827,17.489,17.416,17.575,17.812,17.762,17.849,17.553,17.522,17.588,-999.000,-999.000,-999.000,15.015,13.094,16.013,15.926,16.099,-999.000,-999.000,-999.000,-999.000,-999.000,-999.000,18.574,18.551,18.606,-2.479,-2.192,-3.130,-25.087,0.196,0.249,0.226,0.610,0.236,0.315,0.354,0.604,0.432,,,,,,,,
