2023-03-16,01,4.205,4.025,4.412,4.212,4.005,4.428,4.197,4.015,4.424,4.202,4.002,4.450,3.265,2.914,3.501,4.133,74.482,0.000,0.000,305.112,331.125,-21.371,0.000,0.000,296.060,0.000,7828.617,0.000,-999.000,-999.000,101.778,0.200,0.200,4.461,6.470,159.645,3.449,5.820,159.225,0.314,5.641,5.553,5.752,6.115,6.079,6.140,6.061,6.039,6.080,-999.000,-999.000,-999.000,7.530,9.041,3.618,3.604,3.651,-999.000,-999.000,-999.000,-999.000,-999.000,-999.000,6.318,6.301,6.336,-4.074,-3.349,-5.192,-19.846,0.684,0.684,0.683,0.705,0.690,0.691,0.683,0.753,0.536,,,,,,,,
2023-03-16,02,4.396,4.273,4.497,4.387,4.283,4.483,4.386,4.264,4.475,4.389,4.276,4.482,3.580,3.312,3.817,4.316,75.766,0.000,0.000,310.572,332.620,-17.414,0.000,0.000,301.908,0.000,7877.967,0.000,-999.000,-999.000,101.709,0.200,0.200,4.884,7.330,159.920,3.779,5.930,158.699,0.315,5.487,5.430,5.553,6.024,5.989,6.086,6.050,6.031,6.064,-999.000,-999.000,-999.000,7.521,9.050,3.616,3.604,3.627,-999.000,-999.000,-999.000,-999.000,-999.000,-999.000,6.322,6.295,6.334,-4.521,-3.636,-5.521,-17.166,0.684,0.684,0.683,0.705,0.690,0.691,0.683,0.754,0.536,,,,,,,,
2023-03-16,03,4.271,4.179,4.338,4.271,4.172,4.348,4.272,4.173,4.348,4.268,4.156,4.355,3.714,3.573,3.821,4.217,76.003,0.000,0.000,319.182,333.270,-9.414,0.000,0.000,311.342,0.000,7778.100,0.000,-999.000,-999.000,101.649,0.200,0.200,5.171,7.300,152.595,4.070,6.430,151.496,0.315,5.384,5.354,5.427,5.969,5.923,5.989,6.059,6.055,6.064,-999.000,-999.000,-999.000,7.524,9.036,3.611,3.590,3.633,-999.000,-999.000,-999.000,-999.000,-999.000,-999.000,6.334,6.334,6.334,-4.703,-3.764,-5.595,-14.980,0.683,0.684,0.683,0.705,0.690,0.691,0.683,0.754,0.536,,,,,,,,
2023-03-16,04,4.260,4.087,4.347,4.258,4.080,4.361,4.269,4.096,4.358,4.265,4.101,4.372,3.728,3.567,3.837,4.213,78.464,0.000,0.000,326.523,333.605,-3.321,0.000,0.000,318.687,0.000,7373.667,0.000,-999.000,-999.000,101.625,0.200,0.200,5.379,7.820,162.654,4.217,6.130,161.270,0.315,5.303,5.242,5.358,5.897,5.848,5.933,6.043,6.018,6.061,-999.000,-999.000,-999.000,7.522,9.033,3.672,3.587,3.723,-999.000,-999.000,-999.000,-999.000,-999.000,-999.000,6.334,6.334,6.334,-4.756,-3.800,-5.549,-12.979,0.683,0.684,0.683,0.705,0.690,0.691,0.683,0.754,0.536,,,,,,,,
2023-03-16,05,4.029,3.942,4.197,4.017,3.908,4.207,4.028,3.944,4.176,4.028,3.941,4.194,3.416,3.256,3.636,3.954,82.043,0.000,0.000,315.867,331.882,-12.465,0.000,0.000,308.322,0.000,7540.117,0.000,-999.000,-999.000,101.575,0.200,0.200,5.502,7.600,166.215,4.293,6.320,165.176,0.315,5.208,5.173,5.239,5.809,5.765,5.844,6.017,5.998,6.025,-999.000,-999.000,-999.000,7.521,9.049,3.698,3.647,3.726,-999.000,-999.000,-999.000,-999.000,-999.000,-999.000,6.333,6.321,6.338,-4.741,-3.781,-5.429,-11.723,0.683,0.684,0.683,0.705,0.690,0.691,0.683,0.754,0.536,,,,,,,,
2023-03-16,06,4.343,4.200,4.438,4.329,4.207,4.404,4.347,4.188,4.409,4.345,4.199,4.429,3.788,3.593,3.910,4.262,79.642,0.088,0.000,327.852,333.995,-1.371,0.287,0.000,320.083,0.000,7495.217,0.000,-999.000,-999.000,101.556,0.200,0.200,5.507,7.680,160.040,4.414,6.790,159.093,0.315,5.148,5.133,5.176,5.747,5.739,5.775,6.005,5.998,6.029,-999.000,-999.000,-999.000,7.521,9.049,3.679,3.647,3.726,-999.000,-999.000,-999.000,-999.000,-999.000,-999.000,6.334,6.331,6.338,-4.741,-3.766,-5.385,-11.331,0.683,0.684,0.683,0.705,0.690,0.691,0.683,0.754,0.536,,,,,,,,
2023-03-16,07,4.408,4.288,4.533,4.401,4.272,4.539,4.407,4.299,4.519,4.408,4.292,4.518,4.063,3.797,4.273,4.346,81.542,18.787,1.545,330.493,335.353,13.745,19.390,0.000,322.372,0.000,7568.533,0.030,-999.000,-999.000,101.537,0.200,0.200,5.251,7.600,153.441,4.233,7.130,153.606,0.315,5.108,5.083,5.136,5.706,5.676,5.742,5.997,5.992,5.998,-999.000,-999.000,-999.000,7.514,9.022,3.768,3.713,3.824,-999.000,-999.000,-999.000,-999.000,-999.000,-999.000,6.338,6.334,6.354,-4.722,-3.758,-5.313,-9.634,0.683,0.683,0.683,0.705,0.690,0.691,0.683,0.753,0.536,,,,,,,,
2023-03-16,08,4.848,4.466,5.091,4.853,4.486,5.094,4.853,4.473,5.105,4.859,4.472,5.114,4.562,4.236,4.780,4.771,81.685,47.140,7.182,332.270,337.925,34.302,47.941,0.000,323.400,0.000,7579.583,0.130,-999.000,-999.000,101.519,0.200,0.200,6.274,9.290,151.420,5.095,8.520,151.261,0.315,5.076,5.055,5.116,5.635,5.585,5.686,5.968,5.921,6.002,-999.000,-999.000,-999.000,7.537,9.040,4.048,3.841,4.259,-999.000,-999.000,-999.000,-999.000,-999.000,-999.000,6.345,6.332,6.370,-4.554,-3.652,-5.038,-6.497,0.683,0.683,0.683,0.705,0.690,0.691,0.683,0.753,0.536,,,,,,,,
2023-03-16,09,5.506,4.938,6.087,5.525,4.938,6.084,5.546,4.967,6.096,5.542,4.987,6.079,5.399,4.671,5.949,5.450,80.385,101.807,20.318,332.832,341.810,72.510,102.194,0.000,325.363,0.000,7411.233,0.030,-999.000,-999.000,101.496,0.200,0.200,7.007,10.700,148.057,5.710,8.680,148.472,0.316,5.082,5.057,5.111,5.578,5.551,5.602,5.918,5.872,5.937,-999.000,-999.000,-999.000,7.521,9.040,4.467,4.266,4.819,-999.000,-999.000,-999.000,-999.000,-999.000,-999.000,6.347,6.330,6.372,-4.161,-3.373,-4.439,-2.701,0.683,0.683,0.683,0.705,0.690,0.691,0.683,0.753,0.536,,,,,,,,
2023-03-16,10,6.292,6.071,6.740,6.299,6.084,6.717,6.321,6.101,6.717,6.310,6.079,6.699,6.152,5.955,6.720,6.238,76.352,109.231,21.846,334.513,345.083,76.815,108.414,0.000,328.095,0.000,7666.783,0.000,-999.000,-999.000,101.494,0.200,0.200,7.233,10.460,151.905,5.697,8.980,151.113,0.316,5.168,5.097,5.228,5.553,5.509,5.580,5.906,5.874,5.929,-999.000,-999.000,-999.000,7.526,9.029,5.113,4.832,5.345,-999.000,-999.000,-999.000,-999.000,-999.000,-999.000,6.352,6.328,6.382,-3.530,-2.890,-3.477,2.811,0.683,0.683,0.683,0.705,0.690,0.691,0.682,0.753,0.536,,,,,,,,
2023-03-16,11,8.113,6.674,9.033,8.122,6.717,9.030,8.187,6.691,9.110,8.152,6.688,9.060,8.957,6.743,10.173,8.074,69.836,408.910,101.839,313.750,359.775,261.046,306.575,161.159,305.677,5.389,7325.300,0.000,-999.000,-999.000,101.463,0.200,0.200,7.848,11.520,157.005,6.252,9.890,157.074,0.316,5.293,5.209,5.412,5.521,5.487,5.568,5.875,5.849,5.923,-999.000,-999.000,-999.000,7.517,9.029,6.066,5.345,7.117,-999.000,-999.000,-999.000,-999.000,-999.000,-999.000,6.364,6.322,6.407,-2.635,-2.175,-2.203,9.137,0.683,0.683,0.682,0.705,0.690,0.691,0.682,0.753,0.536,,,,,,,,
2023-03-16,12,9.364,9.027,9.919,9.365,9.019,9.918,9.393,9.030,9.950,9.366,8.980,9.910,9.552,9.160,9.973,9.314,64.298,304.825,74.217,313.930,361.695,182.843,280.268,31.313,305.923,0.000,6650.017,0.000,-999.000,-999.000,101.395,0.200,0.200,8.127,11.680,161.179,6.310,10.270,160.360,0.316,5.583,5.421,5.758,5.515,5.489,5.541,5.870,5.857,5.886,-999.000,-999.000,-999.000,7.517,9.027,7.685,7.156,7.947,-999.000,-999.000,-999.000,-999.000,-999.000,-999.000,6.375,6.335,6.393,-1.023,-1.147,0.126,23.373,0.683,0.683,0.682,0.705,0.690,0.691,0.682,0.753,0.536,,,,,,,,
2023-03-16,13,10.849,9.856,11.736,10.843,9.878,11.735,10.889,9.900,11.790,10.871,9.880,11.780,11.716,10.026,13.064,10.815,59.648,487.267,125.687,309.000,373.263,297.317,269.457,357.887,296.842,5.278,7160.367,0.000,-999.000,-999.000,101.335,0.200,0.200,7.915,11.340,160.618,6.203,9.510,159.869,0.317,5.925,5.761,6.114,5.519,5.487,5.559,5.830,5.802,5.866,-999.000,-999.000,-999.000,7.518,9.030,8.518,7.970,9.409,-999.000,-999.000,-999.000,-999.000,-999.000,-999.000,6.356,6.318,6.388,1.067,0.346,2.925,25.474,0.683,0.683,0.682,0.705,0.690,0.691,0.682,0.753,0.535,,,,,,,,
2023-03-16,14,12.180,11.649,12.690,12.173,11.648,12.678,12.195,11.680,12.700,12.185,11.670,12.700,12.973,12.378,13.528,12.156,54.228,507.378,136.184,297.262,378.878,289.577,188.316,573.145,280.055,10.000,7501.233,0.000,-999.000,-999.000,101.251,0.200,0.200,8.222,11.610,162.406,6.575,10.260,161.542,0.317,6.338,6.110,6.579,5.556,5.509,5.596,5.806,5.786,5.840,-999.000,-999.000,-999.000,7.518,9.030,10.146,9.461,10.654,-999.000,-999.000,-999.000,-999.000,-999.000,-999.000,6.362,6.344,6.392,3.144,1.915,5.477,35.956,0.671,0.682,0.680,0.705,0.690,0.692,0.681,0.740,0.533,,,,,,,,
2023-03-16,15,12.905,12.508,13.258,12.886,12.477,13.223,12.908,12.510,13.250,12.899,12.520,13.200,13.222,12.838,13.640,12.875,49.937,411.235,114.243,298.023,377.928,217.087,164.578,532.682,281.422,10.000,7494.617,0.000,-999.000,-999.000,101.168,0.200,0.200,8.166,12.750,165.631,6.274,9.950,163.881,0.317,6.825,6.582,7.043,5.630,5.596,5.678,5.797,5.786,5.809,-999.000,-999.000,-999.000,7.507,9.037,10.868,10.674,10.987,-999.000,-999.000,-999.000,-999.000,-999.000,-999.000,6.356,6.340,6.371,5.576,3.332,7.941,36.534,0.658,0.683,0.679,0.704,0.690,0.692,0.681,0.736,0.529,,,,,,,,
2023-03-16,16,12.979,12.810,13.107,12.965,12.792,13.090,12.989,12.840,13.120,12.982,12.810,13.100,12.782,12.287,13.186,12.946,48.930,297.016,86.354,297.180,374.518,133.324,128.702,494.923,280.705,10.000,7732.067,0.000,-999.000,-999.000,101.098,0.200,0.200,7.572,10.860,162.868,5.877,9.100,160.976,0.317,7.213,7.043,7.361,5.732,5.672,5.805,5.788,5.767,5.804,-999.000,-999.000,-999.000,7.514,9.028,10.941,10.804,11.031,-999.000,-999.000,-999.000,-999.000,-999.000,-999.000,6.366,6.347,6.405,7.158,4.508,9.207,30.976,0.649,0.685,0.679,0.704,0.689,0.692,0.680,0.740,0.528,,,,,,,,
2023-03-16,17,12.457,11.763,12.861,12.444,11.756,12.857,12.472,11.820,12.880,12.472,11.810,12.870,11.387,10.096,12.194,12.434,50.783,149.266,46.643,293.572,366.593,29.601,65.019,417.650,277.527,10.000,7959.550,0.000,-999.000,-999.000,101.050,0.200,0.200,6.434,9.910,163.994,4.661,8.430,162.332,0.318,7.437,7.371,7.497,5.861,5.781,5.933,5.796,5.782,5.811,-999.000,-999.000,-999.000,7.516,9.020,10.459,10.045,10.815,-999.000,-999.000,-999.000,-999.000,-999.000,-999.000,6.359,6.334,6.376,7.689,5.263,9.225,22.126,0.643,0.685,0.680,0.704,0.689,0.692,0.680,0.747,0.528,,,,,,,,
2023-03-16,18,10.276,9.159,11.695,10.264,9.096,11.670,10.254,9.070,11.770,10.262,9.060,11.780,8.001,5.867,10.000,10.216,61.392,14.735,1.713,287.222,351.368,-47.852,11.191,25.168,271.815,0.389,7935.050,0.000,-999.000,-999.000,101.035,0.200,0.200,4.867,7.090,155.177,3.090,5.370,154.410,0.318,7.512,7.468,7.535,5.985,5.920,6.044,5.813,5.789,5.844,-999.000,-999.000,-999.000,7.518,9.024,9.327,8.580,10.003,-999.000,-999.000,-999.000,-999.000,-999.000,-999.000,6.368,6.338,6.396,7.305,5.427,8.205,8.976,0.639,0.685,0.680,0.704,0.690,0.692,0.680,0.751,0.528,,,,,,,,
2023-03-16,19,9.164,8.740,9.681,9.145,8.696,9.720,9.174,8.760,9.680,9.175,8.760,9.680,7.363,6.908,8.002,9.105,66.807,0.000,0.000,286.973,348.253,-56.939,0.000,0.000,273.335,0.000,7993.600,0.000,-999.000,-999.000,101.012,0.200,0.200,5.322,6.840,141.445,3.575,5.730,141.400,0.318,7.412,7.330,7.482,6.099,6.031,6.160,5.837,5.808,5.872,-999.000,-999.000,-999.000,7.523,9.032,8.004,7.499,8.566,-999.000,-999.000,-999.000,-999.000,-999.000,-999.000,6.369,6.326,6.397,6.021,4.873,6.286,-2.819,0.636,0.684,0.680,0.704,0.690,0.691,0.680,0.754,0.528,,,,,,,,
2023-03-16,20,8.435,8.096,8.813,8.428,8.099,8.839,8.423,8.090,8.850,8.424,8.100,8.860,6.715,6.262,7.186,8.355,70.049,0.000,0.000,285.793,345.632,-55.511,0.000,0.000,272.603,0.000,7999.000,0.000,-999.000,-999.000,100.980,0.200,0.200,5.305,7.050,142.743,3.548,5.520,143.103,0.318,7.203,7.104,7.330,6.187,6.160,6.227,5.871,5.852,5.882,-999.000,-999.000,-999.000,7.516,9.029,7.069,6.698,7.473,-999.000,-999.000,-999.000,-999.000,-999.000,-999.000,6.364,6.326,6.392,4.395,3.838,4.146,-8.485,0.635,0.684,0.680,0.704,0.690,0.691,0.680,0.755,0.527,,,,,,,,
2023-03-16,21,8.479,8.010,8.827,8.480,8.003,8.843,8.472,7.992,8.880,8.482,7.990,8.900,7.017,6.193,7.540,8.411,68.888,0.000,0.000,292.832,346.563,-49.514,0.000,0.000,280.583,0.000,7989.467,0.000,-999.000,-999.000,100.939,0.200,0.200,5.384,7.920,148.192,3.808,6.480,146.906,0.318,7.005,6.885,7.118,6.236,6.220,6.257,5.892,5.866,5.912,-999.000,-999.000,-999.000,7.536,9.041,6.413,6.217,6.668,-999.000,-999.000,-999.000,-999.000,-999.000,-999.000,6.331,6.326,6.343,2.927,2.758,2.376,-10.933,0.634,0.684,0.680,0.704,0.689,0.691,0.681,0.756,0.527,,,,,,,,
2023-03-16,22,7.623,7.074,8.232,7.607,7.036,8.235,7.612,7.005,8.240,7.622,7.013,8.260,6.136,5.601,6.751,7.563,70.838,0.000,0.000,283.740,342.490,-54.308,0.000,0.000,270.650,0.000,7989.683,0.000,-999.000,-999.000,100.904,0.200,0.200,4.982,7.090,148.634,3.426,5.610,148.103,0.319,6.821,6.715,6.899,6.275,6.236,6.304,5.942,5.895,5.973,-999.000,-999.000,-999.000,7.526,9.025,5.948,5.701,6.187,-999.000,-999.000,-999.000,-999.000,-999.000,-999.000,6.356,6.326,6.401,1.790,1.819,1.068,-11.748,0.633,0.684,0.680,0.704,0.689,0.691,0.681,0.756,0.527,,,,,,,,
2023-03-16,23,7.325,7.137,7.507,7.336,7.136,7.526,7.306,7.112,7.527,7.319,7.133,7.547,6.072,5.750,6.499,7.250,73.068,0.000,0.000,294.115,342.578,-44.147,0.000,0.000,282.780,0.000,7991.883,0.000,-999.000,-999.000,100.862,0.200,0.200,5.261,7.220,149.921,3.754,6.550,149.420,0.319,6.648,6.568,6.736,6.285,6.271,6.298,5.979,5.950,6.000,-999.000,-999.000,-999.000,7.518,9.035,5.494,5.351,5.701,-999.000,-999.000,-999.000,-999.000,-999.000,-999.000,6.357,6.338,6.372,0.858,1.021,0.017,-13.190,0.631,0.684,0.679,0.705,0.689,0.691,0.681,0.756,0.527,,,,,,,,
2023-03-16,24,7.657,7.461,7.844,7.657,7.446,7.850,7.634,7.422,7.866,7.638,7.431,7.870,6.507,6.254,6.785,7.587,70.235,0.000,0.000,310.782,345.057,-29.826,0.000,0.000,300.955,0.000,7989.533,0.000,-999.000,-999.000,100.850,0.200,0.200,5.501,7.690,153.418,4.035,6.530,152.996,0.319,6.479,6.402,6.554,6.280,6.261,6.292,6.005,5.973,6.046,-999.000,-999.000,-999.000,7.517,9.030,5.337,5.318,5.348,-999.000,-999.000,-999.000,-999.000,-999.000,-999.000,6.377,6.348,6.394,0.053,0.325,-0.846,-12.144,0.630,0.683,0.679,0.705,0.689,0.691,0.681,0.757,0.526,,,,,,,,
