2023-03-11,01,0.666,0.474,0.953,0.681,0.485,1.004,0.778,0.586,1.123,0.776,0.568,1.136,-0.104,-0.338,0.296,0.702,79.049,0.000,0.000,258.690,318.320,-55.769,0.000,0.000,247.117,0.000,41.559,0.000,-999.000,-999.000,100.657,0.200,0.200,4.544,7.250,283.900,3.324,5.420,283.842,0.373,2.787,2.714,2.826,3.772,3.734,3.803,4.435,4.419,4.445,-999.000,-999.000,-999.000,7.669,9.134,0.858,0.832,0.875,-999.000,-999.000,-999.000,-999.000,-999.000,-999.000,5.439,5.424,5.454,-4.516,-6.694,-7.881,-12.892,0.679,0.680,0.679,0.704,0.685,0.686,0.678,0.751,0.528,,,,,,,,
2023-03-11,02,0.575,0.445,0.666,0.582,0.449,0.673,0.675,0.551,0.785,0.664,0.545,0.777,-0.158,-0.424,0.025,0.579,77.449,0.000,0.000,281.880,314.718,-28.462,0.000,0.000,272.412,0.000,46.800,0.000,-999.000,-999.000,100.717,0.200,0.200,4.043,5.480,288.536,2.842,4.630,288.097,0.371,2.686,2.644,2.730,3.719,3.671,3.764,4.426,4.406,4.440,-999.000,-999.000,-999.000,7.681,9.142,0.819,0.786,0.845,-999.000,-999.000,-999.000,-999.000,-999.000,-999.000,5.435,5.424,5.454,-4.761,-6.717,-7.892,-12.467,0.679,0.680,0.679,0.704,0.685,0.686,0.678,0.750,0.528,,,,,,,,
2023-03-11,03,0.749,0.653,0.782,0.759,0.693,0.799,0.840,0.801,0.892,0.841,0.781,0.895,0.039,-0.048,0.121,0.740,76.520,0.000,0.000,301.697,316.477,-10.152,0.000,0.000,293.442,0.000,52.633,0.000,-999.000,-999.000,100.746,0.200,0.200,3.689,5.370,282.046,2.580,4.370,281.843,0.370,2.621,2.571,2.644,3.655,3.624,3.678,4.394,4.383,4.410,-999.000,-999.000,-999.000,7.668,9.133,0.767,0.743,0.796,-999.000,-999.000,-999.000,-999.000,-999.000,-999.000,5.445,5.430,5.466,-4.993,-6.789,-7.962,-12.062,0.679,0.680,0.679,0.704,0.685,0.686,0.678,0.750,0.528,,,,,,,,
2023-03-11,04,-0.046,-1.052,0.719,-0.063,-1.071,0.676,0.032,-0.972,0.789,0.021,-0.964,0.767,-0.865,-2.037,-0.081,-0.067,80.514,0.000,0.000,260.937,311.498,-46.081,0.000,0.000,248.855,0.000,58.183,0.000,-999.000,-999.000,100.779,0.200,0.200,2.839,3.900,267.040,1.877,2.920,261.298,0.368,2.537,2.506,2.568,3.600,3.559,3.631,4.361,4.317,4.399,-999.000,-999.000,-999.000,7.669,9.138,0.744,0.726,0.770,-999.000,-999.000,-999.000,-999.000,-999.000,-999.000,5.442,5.414,5.470,-5.155,-6.818,-7.923,-11.640,0.679,0.679,0.679,0.704,0.685,0.686,0.678,0.749,0.528,,,,,,,,
2023-03-11,05,-1.165,-1.558,-0.864,-1.166,-1.560,-0.860,-1.082,-1.472,-0.798,-1.077,-1.495,-0.768,-2.227,-2.928,-1.790,-1.153,82.593,0.000,0.000,248.612,304.447,-51.734,0.000,0.000,236.293,0.000,54.589,0.000,-999.000,-999.000,100.834,0.200,0.200,2.568,3.730,261.060,1.674,2.910,256.796,0.367,2.473,2.434,2.526,3.539,3.504,3.570,4.323,4.293,4.362,-999.000,-999.000,-999.000,7.670,9.132,0.721,0.700,0.753,-999.000,-999.000,-999.000,-999.000,-999.000,-999.000,5.441,5.411,5.470,-5.308,-6.802,-7.831,-11.303,0.679,0.679,0.679,0.704,0.685,0.686,0.678,0.749,0.527,,,,,,,,
2023-03-11,06,-1.715,-1.869,-1.552,-1.715,-1.878,-1.561,-1.721,-1.899,-1.495,-1.691,-1.881,-1.516,-3.624,-4.509,-2.635,-1.695,84.445,0.310,0.000,241.387,295.242,-48.396,0.333,0.000,226.953,0.000,56.000,0.000,-999.000,-999.000,100.870,0.200,0.200,1.068,1.790,294.426,0.386,0.780,328.798,0.366,2.375,2.326,2.438,3.475,3.443,3.518,4.284,4.268,4.306,-999.000,-999.000,-999.000,7.665,9.129,0.703,0.664,0.734,-999.000,-999.000,-999.000,-999.000,-999.000,-999.000,5.427,5.395,5.472,-5.579,-6.879,-7.972,-11.043,0.679,0.678,0.679,0.704,0.685,0.686,0.678,0.748,0.526,,,,,,,,
2023-03-11,07,-1.745,-1.995,-1.026,-1.663,-1.994,-0.790,-1.351,-1.969,-0.435,-1.458,-1.978,-0.548,-2.931,-4.417,-0.619,-1.640,84.952,46.707,14.501,238.772,295.735,-23.869,23.818,226.555,223.037,7.278,56.261,0.000,-999.000,-999.000,100.940,0.200,0.200,0.820,1.550,270.153,0.474,1.010,216.064,0.365,2.277,2.220,2.343,3.432,3.373,3.480,4.249,4.204,4.280,-999.000,-999.000,-999.000,7.677,9.133,0.662,0.641,0.691,-999.000,-999.000,-999.000,-999.000,-999.000,-999.000,5.436,5.395,5.472,-5.944,-7.115,-8.547,-10.811,0.679,0.678,0.679,0.705,0.685,0.686,0.678,0.749,0.526,,,,,,,,
2023-03-11,08,0.323,-0.953,1.969,0.617,-0.747,2.270,1.487,-0.465,3.746,0.984,-0.555,3.182,1.452,-0.556,3.236,0.429,78.283,192.045,63.499,243.198,313.280,58.464,51.745,623.710,227.125,10.000,50.847,0.000,-999.000,-999.000,101.075,0.200,0.200,0.400,0.870,147.249,0.514,1.010,136.454,0.363,2.173,2.099,2.228,3.359,3.320,3.406,4.208,4.157,4.247,-999.000,-999.000,-999.000,7.657,9.121,0.645,0.602,0.680,-999.000,-999.000,-999.000,-999.000,-999.000,-999.000,5.409,5.375,5.444,-6.420,-7.507,-9.320,-10.619,0.679,0.679,0.679,0.705,0.685,0.686,0.678,0.748,0.528,,,,,,,,
2023-03-11,09,2.423,1.431,3.588,2.534,1.520,3.648,3.003,1.889,4.021,2.682,1.625,3.791,3.400,1.903,5.087,2.386,68.060,350.202,105.612,254.300,331.433,167.456,72.056,747.159,230.455,10.000,22.675,0.030,-999.000,-999.000,101.163,0.200,0.200,0.779,1.370,177.649,0.718,1.420,174.117,0.361,2.102,2.069,2.158,3.303,3.269,3.339,4.178,4.143,4.227,-999.000,-999.000,-999.000,7.657,9.122,0.647,0.618,0.687,-999.000,-999.000,-999.000,-999.000,-999.000,-999.000,5.412,5.380,5.441,-6.734,-7.783,-9.623,-10.238,0.679,0.678,0.679,0.704,0.685,0.686,0.678,0.748,0.529,,,,,,,,
2023-03-11,10,3.666,3.268,4.160,3.706,3.315,4.239,3.824,3.422,4.482,3.772,3.317,4.452,5.242,4.477,7.014,3.511,62.421,436.923,118.913,270.758,341.882,246.887,183.165,512.973,251.042,10.000,47.251,0.000,-999.000,-999.000,101.205,0.200,0.200,1.871,3.110,230.134,1.632,2.790,227.791,0.360,2.112,2.072,2.178,3.253,3.227,3.281,4.148,4.126,4.181,-999.000,-999.000,-999.000,7.661,9.132,1.253,0.683,2.192,-999.000,-999.000,-999.000,-999.000,-999.000,-999.000,5.410,5.393,5.447,-6.392,-7.768,-8.938,-4.947,0.679,0.679,0.679,0.704,0.685,0.686,0.678,0.748,0.529,,,,,,,,
2023-03-11,11,4.511,4.186,4.843,4.528,4.231,4.813,4.595,4.152,4.993,4.528,4.117,4.909,6.657,5.463,7.562,4.206,56.573,471.859,122.380,276.917,351.252,275.144,211.805,455.356,259.607,7.389,1675.308,0.000,-999.000,-999.000,101.228,0.200,0.200,2.024,4.420,260.469,1.762,3.670,260.474,0.358,2.316,2.162,2.523,3.202,3.163,3.247,4.114,4.090,4.141,-999.000,-999.000,-999.000,7.657,9.127,3.792,2.235,5.145,-999.000,-999.000,-999.000,-999.000,-999.000,-999.000,5.405,5.376,5.444,-4.489,-7.384,-6.707,20.203,0.679,0.680,0.679,0.704,0.685,0.686,0.678,0.749,0.530,,,,,,,,
2023-03-11,12,5.020,4.058,5.675,5.067,4.088,5.711,5.146,4.076,5.730,5.089,4.059,5.664,7.819,4.661,9.188,4.738,54.425,563.216,144.928,264.853,359.753,323.388,124.011,735.867,243.753,9.000,4565.983,0.000,-999.000,-999.000,101.230,0.200,0.200,2.198,4.670,256.557,1.852,4.390,255.769,0.357,2.788,2.533,3.049,3.167,3.143,3.203,4.076,4.036,4.111,-999.000,-999.000,-999.000,7.659,9.124,6.022,5.188,7.183,-999.000,-999.000,-999.000,-999.000,-999.000,-999.000,5.404,5.377,5.427,-1.465,-6.497,-3.198,36.130,0.679,0.680,0.679,0.704,0.685,0.686,0.678,0.749,0.529,,,,,,,,
2023-03-11,13,5.785,5.317,6.111,5.839,5.357,6.160,5.949,5.622,6.256,5.929,5.534,6.306,9.088,8.555,9.876,5.605,49.470,596.802,153.636,262.958,368.487,337.638,66.428,916.452,237.030,10.000,4622.467,0.000,-999.000,-999.000,101.231,0.200,0.200,2.619,5.180,224.561,2.244,5.020,225.796,0.355,3.383,3.048,3.723,3.173,3.143,3.193,4.036,4.015,4.059,-999.000,-999.000,-999.000,7.659,9.125,8.358,7.245,9.249,-999.000,-999.000,-999.000,-999.000,-999.000,-999.000,5.391,5.367,5.420,1.628,-5.266,0.617,48.270,0.679,0.680,0.679,0.704,0.685,0.686,0.678,0.749,0.530,,,,,,,,
2023-03-11,14,6.091,5.761,6.494,6.107,5.781,6.517,6.177,5.817,6.692,6.120,5.723,6.675,8.973,7.791,9.973,5.866,47.064,524.434,138.569,263.787,365.165,284.487,91.184,814.606,240.875,10.000,6677.450,0.000,-999.000,-999.000,101.212,0.200,0.200,3.066,5.840,236.544,2.535,5.280,236.237,0.354,4.092,3.733,4.409,3.236,3.186,3.293,4.017,3.994,4.036,-999.000,-999.000,-999.000,7.659,9.131,9.804,9.268,10.089,-999.000,-999.000,-999.000,-999.000,-999.000,-999.000,5.392,5.372,5.417,5.132,-3.797,4.776,52.035,0.680,0.680,0.679,0.704,0.685,0.687,0.678,0.749,0.530,,,,,,,,
2023-03-11,15,6.070,5.859,6.372,6.065,5.842,6.382,6.132,5.870,6.782,6.092,5.863,6.720,7.687,6.882,9.338,5.932,45.983,343.876,90.105,272.282,354.615,171.438,191.531,326.581,256.375,10.000,7232.033,0.000,-999.000,-999.000,101.218,0.200,0.200,3.428,5.780,247.174,2.841,4.760,247.428,0.352,4.687,4.419,4.914,3.354,3.289,3.437,3.993,3.955,4.021,-999.000,-999.000,-999.000,7.660,9.125,10.049,9.721,10.221,-999.000,-999.000,-999.000,-999.000,-999.000,-999.000,5.381,5.366,5.405,7.751,-2.168,7.697,44.921,0.680,0.681,0.679,0.704,0.686,0.687,0.678,0.749,0.530,,,,,,,,
2023-03-11,16,6.034,5.643,6.725,6.034,5.679,6.714,6.084,5.694,6.792,6.060,5.673,6.741,7.061,5.991,8.644,5.941,45.289,263.404,73.532,267.423,348.323,108.972,130.795,397.221,251.707,9.972,7295.500,0.000,-999.000,-999.000,101.216,0.200,0.200,3.116,5.160,235.174,2.528,5.120,234.818,0.351,5.051,4.911,5.167,3.512,3.431,3.597,3.989,3.950,4.012,-999.000,-999.000,-999.000,7.660,9.127,9.438,9.021,9.735,-999.000,-999.000,-999.000,-999.000,-999.000,-999.000,5.375,5.356,5.395,8.631,-0.727,8.743,31.919,0.680,0.681,0.680,0.704,0.686,0.687,0.678,0.749,0.530,,,,,,,,
2023-03-11,17,5.516,4.635,6.038,5.497,4.601,5.994,5.504,4.512,6.074,5.502,4.533,6.068,5.244,2.953,6.722,5.477,45.358,123.883,38.482,258.182,334.523,9.084,48.105,426.089,241.910,9.222,7484.417,0.000,-999.000,-999.000,101.205,0.200,0.200,2.791,4.970,237.435,2.088,4.290,236.643,0.349,5.199,5.171,5.229,3.680,3.611,3.755,3.998,3.956,4.033,-999.000,-999.000,-999.000,7.659,9.126,8.427,7.774,9.008,-999.000,-999.000,-999.000,-999.000,-999.000,-999.000,5.367,5.331,5.386,8.146,0.320,8.237,18.594,0.680,0.681,0.680,0.704,0.686,0.687,0.679,0.749,0.530,,,,,,,,
2023-03-11,18,3.980,3.007,4.837,3.955,2.994,4.843,4.000,2.956,4.864,4.010,3.020,4.904,0.642,-1.613,3.887,4.049,53.235,9.274,1.534,253.850,313.975,-47.123,4.178,44.612,237.177,1.750,7484.067,0.000,-999.000,-999.000,101.195,0.200,0.200,1.277,2.140,236.720,0.801,1.590,209.345,0.348,5.150,5.059,5.212,3.825,3.745,3.902,4.014,3.976,4.057,-999.000,-999.000,-999.000,7.660,9.124,6.887,6.002,7.754,-999.000,-999.000,-999.000,-999.000,-999.000,-999.000,5.358,5.316,5.383,6.691,0.765,6.301,2.675,0.680,0.681,0.680,0.704,0.686,0.687,0.679,0.750,0.530,,,,,,,,
2023-03-11,19,1.227,0.088,2.932,1.227,-0.001,2.925,1.263,0.046,2.831,1.262,0.010,2.893,-1.976,-2.375,-0.902,1.235,73.768,0.000,0.000,262.895,308.420,-39.587,0.000,0.000,249.055,0.000,7621.500,0.000,-999.000,-999.000,101.192,0.200,0.200,1.082,1.810,210.150,1.067,1.650,192.929,0.346,4.926,4.766,5.053,3.963,3.902,4.024,4.052,4.007,4.098,-999.000,-999.000,-999.000,7.665,9.127,5.200,4.497,5.982,-999.000,-999.000,-999.000,-999.000,-999.000,-999.000,5.351,5.319,5.384,4.430,0.228,3.105,-10.306,0.680,0.681,0.680,0.704,0.686,0.687,0.679,0.750,0.530,,,,,,,,
2023-03-11,20,0.788,0.398,1.149,0.786,0.445,1.172,0.764,0.446,1.209,0.794,0.462,1.244,-1.344,-2.442,-0.579,0.771,77.919,0.000,0.000,272.242,310.418,-32.307,0.000,0.000,259.330,0.000,7668.317,0.000,-999.000,-999.000,101.202,0.200,0.200,1.620,2.660,167.630,0.820,3.230,174.920,0.345,4.609,4.440,4.777,4.053,4.018,4.095,4.103,4.076,4.123,-999.000,-999.000,-999.000,7.654,9.116,4.075,3.659,4.474,-999.000,-999.000,-999.000,-999.000,-999.000,-999.000,5.338,5.312,5.371,1.901,-1.020,-0.188,-16.122,0.680,0.681,0.680,0.704,0.686,0.687,0.679,0.750,0.530,,,,,,,,
2023-03-11,21,0.912,0.504,1.351,0.891,0.521,1.358,0.863,0.432,1.346,0.896,0.459,1.395,-2.000,-2.664,-1.635,0.855,76.214,0.000,0.000,258.088,304.542,-41.162,0.000,0.000,244.517,0.000,7600.317,0.000,-999.000,-999.000,101.201,0.200,0.200,1.827,2.240,146.593,1.089,1.720,148.429,0.344,4.312,4.176,4.460,4.100,4.081,4.125,4.148,4.119,4.176,-999.000,-999.000,-999.000,7.671,9.134,3.165,2.734,3.642,-999.000,-999.000,-999.000,-999.000,-999.000,-999.000,5.327,5.313,5.346,-0.215,-2.279,-2.590,-18.946,0.680,0.681,0.680,0.704,0.686,0.687,0.679,0.750,0.530,,,,,,,,
2023-03-11,22,0.484,0.227,0.742,0.509,0.227,0.816,0.469,0.220,0.882,0.491,0.216,0.876,-2.354,-3.182,-1.852,0.438,80.756,0.000,0.000,277.972,308.168,-24.664,0.000,0.000,266.622,0.000,7259.917,0.000,-999.000,-999.000,101.193,0.200,0.200,2.153,2.580,150.963,1.307,2.820,154.704,0.343,4.049,3.885,4.189,4.151,4.115,4.166,4.212,4.176,4.243,-999.000,-999.000,-999.000,7.655,9.122,2.371,2.130,2.721,-999.000,-999.000,-999.000,-999.000,-999.000,-999.000,5.337,5.307,5.354,-1.916,-3.432,-4.543,-21.697,0.680,0.681,0.680,0.704,0.686,0.687,0.679,0.750,0.530,,,,,,,,
2023-03-11,23,0.603,0.369,1.040,0.624,0.386,1.034,0.615,0.348,1.046,0.629,0.375,1.076,-1.668,-2.548,-1.179,0.549,80.317,0.000,0.000,277.158,311.528,-28.927,0.000,0.000,265.750,0.000,7323.883,0.000,-999.000,-999.000,101.176,0.200,0.200,2.618,3.060,145.173,1.408,2.330,155.191,0.341,3.760,3.653,3.865,4.111,4.085,4.128,4.214,4.196,4.235,-999.000,-999.000,-999.000,7.660,9.138,1.975,1.783,2.127,-999.000,-999.000,-999.000,-999.000,-999.000,-999.000,5.317,5.300,5.336,-3.329,-4.456,-6.068,-20.809,0.680,0.681,0.680,0.704,0.686,0.687,0.679,0.751,0.530,,,,,,,,
2023-03-11,24,0.637,0.260,1.102,0.658,0.273,1.116,0.643,0.233,1.115,0.654,0.252,1.103,-1.127,-2.565,-0.061,0.556,78.822,0.000,0.000,296.742,313.357,-11.464,0.000,0.000,287.577,0.000,7451.250,0.000,-999.000,-999.000,101.154,0.200,0.200,3.050,3.330,143.191,1.693,3.810,145.443,0.340,3.547,3.474,3.666,4.077,4.051,4.095,4.244,4.222,4.274,-999.000,-999.000,-999.000,7.660,9.135,1.614,1.539,1.770,-999.000,-999.000,-999.000,-999.000,-999.000,-999.000,5.308,5.292,5.329,-4.323,-5.134,-6.895,-20.071,0.680,0.681,0.680,0.704,0.686,0.687,0.679,0.751,0.530,,,,,,,,
