2023-03-22,01,8.918,8.575,9.259,8.921,8.561,9.291,8.935,8.590,9.290,8.929,8.560,9.320,7.620,7.222,7.905,8.877,85.068,0.000,0.000,293.763,351.475,-53.317,0.000,0.000,281.045,0.000,7996.700,0.000,-999.000,-999.000,100.946,0.200,0.200,4.792,7.530,193.787,3.261,6.290,190.583,0.377,9.084,9.007,9.169,8.638,8.624,8.667,8.094,8.070,8.119,-999.000,-999.000,-999.000,7.594,8.912,7.884,7.688,8.093,-999.000,-999.000,-999.000,-999.000,-999.000,-999.000,7.816,7.810,7.830,1.307,1.998,1.040,-12.796,0.596,0.648,0.686,0.707,0.686,0.689,0.686,0.735,0.519,,,,,,,,
2023-03-22,02,8.366,7.954,8.979,8.359,7.947,8.981,8.363,7.950,8.980,8.360,7.945,8.980,6.930,6.087,7.654,8.313,86.605,0.000,0.000,304.903,349.510,-39.598,0.000,0.000,293.800,0.000,7992.383,0.000,-999.000,-999.000,100.859,0.200,0.200,4.242,7.410,176.483,2.582,4.410,173.180,0.377,8.938,8.899,9.010,8.614,8.584,8.636,8.090,8.070,8.131,-999.000,-999.000,-999.000,7.588,8.935,7.494,7.322,7.681,-999.000,-999.000,-999.000,-999.000,-999.000,-999.000,7.811,7.787,7.824,0.607,1.336,0.203,-13.647,0.596,0.647,0.686,0.707,0.686,0.689,0.686,0.736,0.519,,,,,,,,
2023-03-22,03,9.051,8.447,9.444,9.049,8.459,9.430,9.083,8.470,9.480,9.085,8.490,9.480,8.127,7.358,8.644,9.032,88.007,0.000,0.000,331.782,355.995,-19.312,0.000,0.000,322.955,0.000,7992.900,0.000,-999.000,-999.000,100.765,0.200,0.200,4.998,6.640,171.241,3.444,5.670,168.512,0.377,8.807,8.746,8.891,8.570,8.545,8.616,8.113,8.073,8.139,-999.000,-999.000,-999.000,7.597,8.937,7.383,7.315,7.479,-999.000,-999.000,-999.000,-999.000,-999.000,-999.000,7.821,7.794,7.853,-0.012,0.772,-0.512,-12.646,0.595,0.644,0.686,0.707,0.686,0.689,0.686,0.736,0.519,,,,,,,,
2023-03-22,04,9.676,9.396,9.856,9.676,9.386,9.855,9.688,9.440,9.850,9.685,9.410,9.860,8.800,8.591,8.972,9.640,88.172,0.000,0.000,319.708,357.737,-33.662,0.000,0.000,309.843,0.000,7994.433,0.000,-999.000,-999.000,100.715,0.200,0.200,5.773,8.500,183.983,4.178,7.030,182.519,0.377,8.685,8.651,8.762,8.540,8.516,8.571,8.132,8.107,8.155,-999.000,-999.000,-999.000,7.604,8.926,7.588,7.468,7.662,-999.000,-999.000,-999.000,-999.000,-999.000,-999.000,7.829,7.798,7.864,-0.340,0.408,-0.831,-8.660,0.594,0.642,0.686,0.706,0.686,0.689,0.686,0.736,0.519,,,,,,,,
2023-03-22,05,9.797,9.567,9.964,9.773,9.532,9.969,9.810,9.540,9.980,9.804,9.530,9.990,8.840,8.681,9.034,9.773,86.630,0.000,0.000,309.585,357.327,-43.615,0.000,0.000,298.408,0.000,7983.717,0.000,-999.000,-999.000,100.693,0.200,0.200,6.251,8.710,193.306,4.529,7.930,192.161,0.377,8.651,8.645,8.655,8.501,8.463,8.526,8.146,8.143,8.147,-999.000,-999.000,-999.000,7.609,8.923,7.647,7.635,7.662,-999.000,-999.000,-999.000,-999.000,-999.000,-999.000,7.848,7.844,7.857,-0.294,0.256,-0.743,-7.077,0.593,0.642,0.686,0.706,0.686,0.688,0.686,0.736,0.519,,,,,,,,
2023-03-22,06,9.528,9.240,9.752,9.503,9.209,9.737,9.579,9.290,9.810,9.572,9.250,9.840,8.641,8.351,9.004,9.532,86.225,2.018,0.000,309.107,356.382,-40.683,2.116,0.000,298.145,0.000,7998.067,0.000,-999.000,-999.000,100.657,0.200,0.200,6.355,9.360,191.645,4.641,7.620,190.738,0.377,8.624,8.595,8.651,8.458,8.433,8.466,8.146,8.140,8.147,-999.000,-999.000,-999.000,7.615,8.919,7.641,7.609,7.668,-999.000,-999.000,-999.000,-999.000,-999.000,-999.000,7.850,7.844,7.864,-0.186,0.192,-0.649,-6.607,0.594,0.641,0.686,0.706,0.686,0.688,0.686,0.736,0.519,,,,,,,,
2023-03-22,07,9.492,9.220,10.024,9.494,9.206,10.030,9.527,9.220,10.100,9.521,9.190,10.070,8.817,8.259,10.117,9.466,85.427,55.722,11.470,304.888,357.198,-6.748,47.141,42.428,294.625,1.528,7953.667,0.000,-999.000,-999.000,100.646,0.200,0.200,6.867,11.050,190.867,5.130,8.960,190.055,0.378,8.569,8.527,8.592,8.401,8.384,8.440,8.137,8.098,8.147,-999.000,-999.000,-999.000,7.603,8.922,7.567,7.521,7.670,-999.000,-999.000,-999.000,-999.000,-999.000,-999.000,7.859,7.826,7.867,-0.157,0.130,-0.624,-6.838,0.594,0.641,0.686,0.706,0.685,0.688,0.686,0.736,0.519,,,,,,,,
2023-03-22,08,10.347,10.054,10.654,10.355,10.090,10.622,10.396,10.110,10.690,10.388,10.110,10.660,10.035,9.757,10.435,10.342,80.771,88.469,17.259,355.008,364.155,62.063,88.127,0.137,348.508,0.000,7929.150,0.000,-999.000,-999.000,100.650,0.200,0.200,7.880,12.290,198.587,5.907,9.580,197.760,0.378,8.543,8.527,8.565,8.380,8.353,8.400,8.112,8.076,8.141,-999.000,-999.000,-999.000,7.615,8.933,8.111,7.673,8.446,-999.000,-999.000,-999.000,-999.000,-999.000,-999.000,7.866,7.840,7.890,-0.167,0.092,-0.548,-1.370,0.593,0.641,0.686,0.706,0.685,0.688,0.686,0.736,0.519,,,,,,,,
2023-03-22,09,11.038,10.673,11.449,11.038,10.655,11.434,11.069,10.710,11.460,11.058,10.680,11.430,11.023,10.505,11.597,11.011,77.648,195.842,43.338,342.265,368.945,125.824,192.631,2.292,335.777,0.000,7971.717,0.000,-999.000,-999.000,100.656,0.200,0.200,8.411,12.890,205.410,6.558,11.020,205.026,0.378,8.593,8.538,8.656,8.355,8.317,8.386,8.119,8.073,8.172,-999.000,-999.000,-999.000,7.626,8.928,8.892,8.455,9.379,-999.000,-999.000,-999.000,-999.000,-999.000,-999.000,7.880,7.844,7.900,0.260,0.465,0.297,5.481,0.592,0.640,0.686,0.706,0.685,0.688,0.686,0.737,0.519,,,,,,,,
2023-03-22,10,11.503,11.365,11.755,11.507,11.344,11.731,11.551,11.420,11.780,11.545,11.400,11.760,11.350,10.971,12.004,11.470,73.575,167.263,35.743,355.577,370.525,116.572,165.468,0.496,348.970,0.000,7953.050,0.000,-999.000,-999.000,100.647,0.200,0.200,8.737,15.210,209.161,6.745,12.740,208.783,0.379,8.725,8.662,8.820,8.332,8.315,8.358,8.106,8.098,8.126,-999.000,-999.000,-999.000,7.627,8.942,9.785,9.395,9.958,-999.000,-999.000,-999.000,-999.000,-999.000,-999.000,7.902,7.879,7.931,1.087,1.242,1.722,12.352,0.593,0.640,0.686,0.706,0.685,0.687,0.685,0.737,0.518,,,,,,,,
2023-03-22,11,11.067,10.661,11.359,11.058,10.647,11.351,11.098,10.690,11.400,11.081,10.670,11.380,10.623,10.137,10.975,11.041,77.614,96.406,17.698,361.285,367.758,72.235,97.471,0.000,351.632,0.000,7964.833,0.110,-999.000,-999.000,100.639,0.200,0.200,8.618,14.990,212.383,6.579,13.050,212.061,0.379,8.860,8.820,8.923,8.319,8.287,8.339,8.097,8.063,8.118,-999.000,-999.000,-999.000,7.626,8.930,9.923,9.883,9.962,-999.000,-999.000,-999.000,-999.000,-999.000,-999.000,7.900,7.887,7.918,2.043,2.148,3.211,11.102,0.592,0.640,0.686,0.706,0.685,0.687,0.685,0.737,0.518,,,,,,,,
2023-03-22,12,10.758,10.626,11.016,10.753,10.628,10.998,10.785,10.650,11.020,10.772,10.640,11.010,10.763,10.356,11.058,10.723,84.405,165.273,35.169,359.943,368.817,121.232,166.296,0.000,352.748,0.000,7957.983,0.100,-999.000,-999.000,100.630,0.200,0.200,9.133,15.220,202.967,7.036,12.200,202.237,0.379,8.959,8.923,9.003,8.345,8.329,8.366,8.085,8.066,8.106,-999.000,-999.000,-999.000,7.642,8.927,10.120,9.942,10.381,-999.000,-999.000,-999.000,-999.000,-999.000,-999.000,7.897,7.882,7.918,2.520,2.686,3.813,10.067,0.592,0.640,0.686,0.706,0.685,0.688,0.685,0.737,0.519,,,,,,,,
2023-03-22,13,11.069,10.946,11.210,11.066,10.968,11.182,11.084,10.980,11.220,11.072,10.980,11.210,10.759,10.639,10.926,11.043,82.407,79.756,13.802,361.288,367.937,59.306,79.632,0.000,354.872,0.000,7959.867,0.000,-999.000,-999.000,100.629,0.200,0.200,8.537,14.330,204.750,6.566,13.110,204.516,0.379,9.052,8.999,9.100,8.344,8.325,8.368,8.090,8.072,8.108,-999.000,-999.000,-999.000,7.629,8.936,10.391,10.310,10.443,-999.000,-999.000,-999.000,-999.000,-999.000,-999.000,7.926,7.898,7.944,2.911,3.182,4.385,11.520,0.592,0.641,0.686,0.706,0.685,0.688,0.685,0.736,0.519,,,,,,,,
2023-03-22,14,11.385,11.206,11.566,11.379,11.208,11.558,11.403,11.240,11.590,11.396,11.220,11.590,10.950,10.813,11.096,11.361,80.175,58.901,8.400,363.217,368.903,44.815,58.867,0.000,356.430,0.000,7987.133,0.000,-999.000,-999.000,100.621,0.200,0.200,7.443,11.510,206.433,5.711,10.200,206.404,0.379,9.127,9.094,9.166,8.360,8.347,8.374,8.084,8.060,8.111,-999.000,-999.000,-999.000,7.621,8.939,10.273,10.234,10.314,-999.000,-999.000,-999.000,-999.000,-999.000,-999.000,7.901,7.900,7.910,3.239,3.571,4.767,8.523,0.592,0.640,0.686,0.706,0.685,0.688,0.685,0.736,0.518,,,,,,,,
2023-03-22,15,11.186,10.856,11.589,11.147,10.818,11.584,11.217,10.890,11.610,11.187,10.850,11.610,11.076,10.938,11.335,11.144,87.133,103.554,19.813,364.918,371.703,76.956,106.025,0.000,357.093,0.000,7712.183,0.060,-999.000,-999.000,100.598,0.200,0.200,6.974,11.120,204.074,5.339,9.320,202.642,0.379,9.180,9.155,9.216,8.380,8.340,8.407,8.087,8.060,8.107,-999.000,-999.000,-999.000,7.623,8.935,10.313,10.200,10.528,-999.000,-999.000,-999.000,-999.000,-999.000,-999.000,7.908,7.900,7.927,3.318,3.695,4.705,7.692,0.592,0.640,0.686,0.706,0.685,0.688,0.685,0.737,0.518,,,,,,,,
2023-03-22,16,10.744,10.665,10.925,10.704,10.627,10.847,10.764,10.670,10.940,10.739,10.660,10.910,10.784,10.659,10.992,10.709,94.692,76.598,13.868,367.960,370.787,59.904,78.714,0.000,362.793,0.000,6888.300,0.320,-999.000,-999.000,100.560,0.200,0.200,6.580,9.570,190.009,5.025,8.710,189.447,0.379,9.243,9.209,9.276,8.420,8.394,8.454,8.085,8.058,8.114,-999.000,-999.000,-999.000,7.625,8.927,10.645,10.535,10.714,-999.000,-999.000,-999.000,-999.000,-999.000,-999.000,7.924,7.900,7.941,3.500,3.884,4.857,10.255,0.592,0.641,0.686,0.706,0.685,0.688,0.685,0.736,0.520,,,,,,,,
2023-03-22,17,10.679,10.606,10.771,10.675,10.624,10.757,10.732,10.670,10.810,10.719,10.680,10.790,10.642,10.523,10.900,10.692,95.397,41.376,5.928,372.222,370.377,37.293,42.774,0.000,361.983,0.000,7255.333,0.360,-999.000,-999.000,100.533,0.200,0.200,6.998,10.890,186.815,5.253,9.840,185.825,0.380,9.316,9.276,9.383,8.456,8.434,8.475,8.074,8.058,8.089,-999.000,-999.000,-999.000,7.639,8.924,10.707,10.629,10.757,-999.000,-999.000,-999.000,-999.000,-999.000,-999.000,7.920,7.904,7.935,3.841,4.186,5.239,9.892,0.593,0.642,0.686,0.706,0.685,0.688,0.685,0.735,0.522,,,,,,,,
2023-03-22,18,10.661,10.607,10.753,10.664,10.589,10.774,10.728,10.680,10.840,10.722,10.650,10.840,10.443,10.395,10.547,10.679,95.070,6.852,0.129,371.840,369.268,11.943,7.702,0.000,358.450,0.000,7681.950,0.060,-999.000,-999.000,100.501,0.200,0.200,7.234,10.970,186.825,5.489,8.930,185.128,0.380,9.376,9.359,9.389,8.478,8.461,8.495,8.086,8.073,8.103,-999.000,-999.000,-999.000,7.648,8.913,10.504,10.365,10.629,-999.000,-999.000,-999.000,-999.000,-999.000,-999.000,7.933,7.925,7.945,4.040,4.375,5.346,7.069,0.594,0.643,0.686,0.706,0.685,0.688,0.686,0.735,0.523,,,,,,,,
2023-03-22,19,10.813,10.746,10.852,10.817,10.738,10.908,10.879,10.810,10.920,10.864,10.790,10.930,10.474,10.425,10.518,10.829,94.183,0.000,0.000,372.182,369.723,5.787,0.000,0.000,358.980,0.000,7586.950,0.940,-999.000,-999.000,100.501,0.200,0.200,6.851,10.900,194.362,5.091,8.500,193.239,0.380,9.383,9.372,9.403,8.506,8.471,8.531,8.086,8.063,8.113,-999.000,-999.000,-999.000,7.631,8.905,10.274,10.200,10.365,-999.000,-999.000,-999.000,-999.000,-999.000,-999.000,7.936,7.915,7.949,3.994,4.359,5.068,4.621,0.596,0.645,0.686,0.706,0.687,0.691,0.686,0.735,0.529,,,,,,,,
2023-03-22,20,10.827,10.749,10.888,10.851,10.768,10.905,10.903,10.840,10.940,10.902,10.850,10.950,10.506,10.442,10.561,10.867,93.140,0.000,0.000,369.410,370.188,3.021,0.000,0.000,356.873,0.000,7931.850,0.170,-999.000,-999.000,100.435,0.200,0.200,6.684,9.450,187.688,5.046,8.910,187.133,0.380,9.392,9.369,9.403,8.517,8.504,8.535,8.112,8.086,8.133,-999.000,-999.000,-999.000,7.627,8.903,10.137,10.078,10.197,-999.000,-999.000,-999.000,-999.000,-999.000,-999.000,7.934,7.916,7.949,3.843,4.234,4.690,3.437,0.599,0.651,0.686,0.707,0.692,0.695,0.685,0.735,0.530,,,,,,,,
2023-03-22,21,10.920,10.849,11.011,10.921,10.834,11.026,10.987,10.920,11.080,10.977,10.880,11.100,10.539,10.389,10.696,10.934,93.230,0.000,0.000,368.692,369.827,1.971,0.000,0.000,357.648,0.000,7699.767,1.000,-999.000,-999.000,100.417,0.200,0.200,7.041,10.540,193.104,5.426,8.790,191.847,0.380,9.393,9.379,9.416,8.556,8.518,8.591,8.122,8.109,8.136,-999.000,-999.000,-999.000,7.629,8.896,10.047,10.008,10.095,-999.000,-999.000,-999.000,-999.000,-999.000,-999.000,7.939,7.922,7.956,3.693,4.070,4.373,2.896,0.602,0.655,0.687,0.707,0.692,0.696,0.686,0.734,0.531,,,,,,,,
2023-03-22,22,11.114,10.948,11.279,11.127,10.957,11.310,11.196,11.040,11.340,11.196,11.040,11.350,10.687,10.557,10.811,11.148,91.635,0.000,0.000,362.470,368.547,-2.585,0.071,0.000,352.683,0.000,7940.700,0.030,-999.000,-999.000,100.347,0.200,0.200,7.689,11.220,192.617,5.783,9.300,191.763,0.380,9.398,9.385,9.409,8.591,8.567,8.614,8.127,8.115,8.136,-999.000,-999.000,-999.000,7.632,8.894,10.019,9.989,10.039,-999.000,-999.000,-999.000,-999.000,-999.000,-999.000,7.953,7.938,7.968,3.582,3.953,4.159,2.854,0.607,0.670,0.686,0.707,0.692,0.694,0.686,0.737,0.532,,,,,,,,
2023-03-22,23,11.411,11.255,11.562,11.412,11.234,11.597,11.449,11.290,11.620,11.448,11.260,11.630,10.737,10.623,10.910,11.410,88.375,0.000,0.000,351.640,367.593,-11.520,0.018,0.000,343.860,0.000,7903.450,0.000,-999.000,-999.000,100.305,0.200,0.200,7.958,11.690,193.705,5.930,10.300,193.150,0.380,9.403,9.388,9.419,8.605,8.587,8.623,8.150,8.115,8.179,-999.000,-999.000,-999.000,7.649,8.919,9.952,9.886,9.999,-999.000,-999.000,-999.000,-999.000,-999.000,-999.000,7.959,7.945,7.971,3.549,3.872,4.000,2.467,0.610,0.676,0.686,0.707,0.692,0.694,0.686,0.740,0.532,,,,,,,,
2023-03-22,24,11.603,11.489,11.750,11.611,11.468,11.775,11.654,11.530,11.790,11.651,11.490,11.800,10.824,10.669,10.999,11.605,85.445,0.000,0.000,353.302,368.315,-9.928,0.000,0.000,345.153,0.000,7931.367,0.000,-999.000,-999.000,100.278,0.200,0.200,6.543,10.200,199.386,4.853,7.820,198.652,0.380,9.427,9.395,9.438,8.619,8.600,8.642,8.162,8.148,8.171,-999.000,-999.000,-999.000,7.661,8.920,9.877,9.832,9.889,-999.000,-999.000,-999.000,-999.000,-999.000,-999.000,7.949,7.937,7.967,3.500,3.790,3.832,1.925,0.614,0.678,0.686,0.707,0.692,0.693,0.686,0.742,0.531,,,,,,,,
